1778,
1779,
1780,
1781,
1782,
1792,
1874,
1875,
1876,
1877,
1878,
1879,
1880,
1881,
1882,
1883,
1884,
1885,
1886,
1939,
1940,
1941,
1969,
1977,
1978,
1979,
1980,
1981,
1982,
1983,
1984,
1985,
1986,
1987,
1988,
1989,
1998,
1999,
2000,
2001,
2010,
2011,
2012,
2013,
2014,
2015,
2016,
2017,
2018,
2019,
2044,
2045,
2070,
2071,
2072,
2073,
2074,
2075,
2076,
2077,
2078,
2149,
2150,
2151,
2152,
2153,
2154,
2155,
2156,
2157,
2158,
2178,
2179,
2180,
2181,
2216,
2217,
2218,
2219,
2246,
2247,
2248,
2261,
2305,
2306,
2307,
2308,
2309,
2310,
2311,
2312,
2313,
2314,
2315,
2316,
2317,
2318,
2319,
2320,
2321,
2322,
2323,5.2
2345,
2403,
2404,
2405,
2427,
2428,
2434,
2437,
2454,
2493,
2494,
2495,
2496,
2497,
2498,
2499,
2500,
2501,
2502,
2593,
2594,
2595,
2596,
2597,
2598,
2599,
2600,
2601,
2602,
2603,
2604,
2605,
2606,
2607,
2608,
2609,
2610,
2611,
2612,
2613,
2614,
2615,
2616,
2617,
2625,
2626,
2627,
2628,
2629,
2630,
2631,
2658,
2659,
2660,
2661,
2662,
2663,
2664,
2665,
2666,
2667,
2668,
2687,
2689,
2703,
2704,
2738,
2739,
2740,
2741,
2742,
2743,
2744,
2745,
2746,
2859,
2860,
2861,
2862,
2863,
2864,
2865,
2866,
2867,
2868,
2869,
2870,
2871,
2872,
2889,
2890,
2891,
2925,
2926,
2927,
2928,
2929,
2930,
2931,
2932,
2933,
2934,
2935,
2936,
2937,
2973,
2974,
2975,
2976,
2977,
2978,
2988,
3038,
3039,
3040,
3041,
3042,
3043,
3044,
3045,
3046,
3047,
3048,
3049,
3050,
3051,
3071,
3072,
3104,
3105,
3106,
3107,
3108,
3109,
3110,
3111,
3112,
3113,
3114,
3128,
3144,
3191,
3192,
3193,
3194,
3195,
3196,
3197,
3198,
3199,
3200,
3201,
3302,
3303,
3304,
3305,
3306,
3307,
3308,
3309,
3310,
3311,
3312,
3313,
3314,
3315,
3316,
3317,
3329,
3330,
3331,
3332,
3333,
3334,
3335,
3336,
3337,
3338,
3339,
3340,
3361,
3362,
3363,
3364,
3365,
3366,
3367,
3368,
3369,
3370,
3371,
3372,
3403,
3404,
3405,
3414,
3464,
3465,
3466,
3467,
3468,
3469,
3470,
3471,
3472,
3473,
3474,
3475,
3476,
3477,
3478,
3479,
3480,
3494,
3495,
3496,
