,0,1
0,0.0,4060.0
1,0.0,4240.0
2,0.0,1060.0
3,0.09999999999999964,940.0
4,0.09999999999999964,3520.0
5,0.09999999999999964,1120.0
6,0.5,1000.0
7,0.3000000000000007,3160.0
8,0.09999999999999964,2920.0
9,0.0,1240.0
10,0.1999999999999993,1360.0
11,0.09999999999999964,1420.0
12,0.40000000000000036,2800.0
13,0.40000000000000036,1420.0
14,0.0,3460.0
15,0.0,1360.0
16,0.1999999999999993,1600.0
17,0.0,1420.0
18,0.3000000000000007,3880.0
19,0.0,2860.0
20,0.0,3160.0
21,0.0,3640.0
22,0.0,3220.0
23,0.0,1480.0
24,0.0,1720.0
25,0.0,3520.0
26,0.3000000000000007,3220.0
27,0.0,4120.0
28,0.0,2440.0
29,0.0,1480.0
30,0.09999999999999964,3400.0
31,0.0,3760.0
32,0.0,2980.0
33,0.09999999999999964,2500.0
34,0.0,1660.0
35,0.40000000000000036,1960.0
36,0.0,4840.0
37,0.09999999999999964,5920.0
38,0.3000000000000007,2200.0
39,0.0,5980.0
40,1.5999999999999996,1240.0
41,0.1999999999999993,1360.0
42,0.0,2980.0
43,0.0,2320.0
44,0.0,3340.0
45,0.0,1240.0
46,2.3000000000000007,940.0
47,1.1999999999999993,1240.0
48,0.0,2380.0
49,0.0,4540.0
50,0.6999999999999993,4780.0
51,0.1999999999999993,3400.0
52,0.09999999999999964,1360.0
53,0.09999999999999964,2140.0
54,0.09999999999999964,5560.0
55,0.3000000000000007,5980.0
56,0.09999999999999964,3400.0
57,0.3000000000000007,820.0
58,0.5,1120.0
59,2.1999999999999993,4660.0
60,0.8000000000000007,5020.0
61,0.0,3940.0
62,0.0,1300.0
63,0.40000000000000036,1240.0
64,0.0,1480.0
65,1.3000000000000007,1240.0
66,0.5999999999999996,1240.0
67,0.09999999999999964,1360.0
68,0.09999999999999964,2440.0
69,0.09999999999999964,4360.0
70,0.9000000000000004,5380.0
71,0.0,2440.0
72,0.09999999999999964,1360.0
73,0.40000000000000036,3580.0
74,1.0,2800.0
75,0.0,1600.0
76,0.1999999999999993,1960.0
77,0.09999999999999964,640.0
78,0.40000000000000036,3340.0
79,0.3000000000000007,340.0
80,0.0,1540.0
81,0.1999999999999993,3280.0
82,0.09999999999999964,700.0
83,0.8000000000000007,3580.0
84,0.09999999999999964,4060.0
85,,
86,,
87,,
88,,
89,,
90,,
91,,
92,,
93,,
94,,
95,,
96,,
97,,
98,,
99,,
100,,
101,,
102,,
103,,
104,,
105,,
106,,
107,,
108,,
109,,
110,,
111,,
112,,
113,,
114,,
115,,
116,,
117,,
118,,
119,,
120,,
121,,
122,,
123,,
124,,
125,,
126,,
127,,
128,,
129,,
130,,
131,,
132,,
133,,
134,,
135,,
136,,
137,,
138,,
139,,
140,,
141,,
142,,
143,,
144,,
145,,
146,,
147,,
148,,
149,,
150,,
151,,
152,,
153,,
154,,
155,,
156,,
157,,
158,,
159,,
160,,
161,,
162,,
163,,
164,,
165,,
166,,
167,,
168,,
169,,
170,,
171,,
172,,
173,,
174,,
175,,
176,,
177,,
178,,
179,,
180,,
181,,
182,,
183,,
184,,
185,,
186,,
187,,
188,,
189,,
190,,
191,,
192,,
193,,
194,,
195,,
196,,
197,,
198,,
199,,
200,,
201,,
202,,
203,,
204,,
205,,
206,,
207,,
208,,
209,,
210,,
211,,
212,,
213,,
214,,
215,,
216,,
217,,
218,,
219,,
220,,
221,,
222,,
223,,
224,,
225,,
226,,
227,,
228,,
229,,
230,,
231,,
232,,
233,,
234,,
235,,
236,,
237,,
238,,
239,,
240,,
241,,
242,,
243,,
244,,
245,,
246,,
247,,
248,,
249,,
250,,
251,,
252,,
253,,
254,,
255,,
256,,
257,,
258,,
259,,
260,,
261,,
262,,
263,,
264,,
265,,
266,,
267,,
268,,
269,,
270,,
271,,
272,,
273,,
274,,
275,,
276,,
277,,
278,,
279,,
280,,
281,,
282,,
283,,
284,,
285,,
286,,
287,,
288,,
289,,
290,,
291,,
292,,
293,,
294,,
295,,
296,,
297,,
298,,
299,,
300,,
301,0.0,3700.0
302,0.0,3760.0
303,0.0,3220.0
304,0.09999999999999964,1000.0
305,0.0,4600.0
306,0.0,4900.0
307,0.0,2200.0
308,0.3000000000000007,2560.0
309,0.40000000000000036,1300.0
310,0.0,3460.0
311,1.4000000000000004,1240.0
312,0.3000000000000007,1240.0
313,0.1999999999999993,2440.0
314,0.0,1240.0
315,0.1999999999999993,2380.0
316,0.3000000000000007,1180.0
317,0.0,1120.0
318,0.3000000000000007,1240.0
319,0.09999999999999964,1240.0
320,0.09999999999999964,1180.0
321,0.0,940.0
322,0.3000000000000007,2500.0
323,0.1999999999999993,2380.0
324,1.1999999999999993,2560.0
325,0.09999999999999964,1300.0
326,0.0,1240.0
327,0.5999999999999996,1240.0
328,0.0,1000.0
329,0.1999999999999993,1060.0
330,0.3000000000000007,1120.0
331,0.0,3220.0
332,0.0,1180.0
333,0.0,2860.0
334,0.0,1240.0
335,0.0,1180.0
336,0.0,2740.0
337,0.40000000000000036,1300.0
338,0.0,1000.0
339,0.1999999999999993,1300.0
340,0.0,1300.0
341,0.0,1240.0
342,0.09999999999999964,1180.0
343,0.3000000000000007,3100.0
344,0.0,3100.0
345,0.3000000000000007,1240.0
346,0.0,1360.0
347,0.5,1480.0
348,0.1999999999999993,1420.0
349,0.3000000000000007,1420.0
350,0.09999999999999964,1420.0
351,0.40000000000000036,1360.0
352,0.09999999999999964,940.0
353,0.09999999999999964,460.0
354,0.09999999999999964,1180.0
355,0.0,1240.0
356,0.1999999999999993,1660.0
357,0.09999999999999964,1480.0
358,0.5,1540.0
359,0.1999999999999993,1540.0
360,0.5999999999999996,1660.0
361,0.0,1660.0
362,0.1999999999999993,1720.0
363,0.3000000000000007,1720.0
364,0.5,2320.0
365,0.09999999999999964,2380.0
366,0.1999999999999993,1780.0
367,0.3000000000000007,2200.0
368,0.0,1900.0
369,0.0,2920.0
370,0.5999999999999996,2080.0
371,0.0,1900.0
372,0.40000000000000036,2620.0
373,0.09999999999999964,1720.0
374,0.0,1840.0
375,0.09999999999999964,1900.0
376,0.0,2380.0
377,0.0,3160.0
378,0.09999999999999964,1720.0
379,0.09999999999999964,3040.0
380,0.09999999999999964,2320.0
381,0.0,1840.0
382,0.0,2740.0
383,0.09999999999999964,2260.0
384,0.1999999999999993,2200.0
385,0.1999999999999993,3160.0
386,0.0,3520.0
387,0.0,3520.0
388,0.09999999999999964,3040.0
389,0.0,2980.0
390,0.0,3460.0
391,0.0,4300.0
392,0.0,1900.0
393,0.09999999999999964,2620.0
394,0.0,2560.0
395,0.1999999999999993,3340.0
396,0.0,3520.0
397,0.0,2980.0
398,0.0,4000.0
399,0.0,1900.0
400,0.09999999999999964,3940.0
401,0.1999999999999993,3160.0
402,0.0,520.0
403,0.09999999999999964,4240.0
404,0.0,340.0
405,0.09999999999999964,5260.0
406,0.1999999999999993,5680.0
407,0.09999999999999964,2260.0
408,0.0,2500.0
409,0.0,1780.0
410,0.09999999999999964,3220.0
411,0.0,4120.0
412,0.0,3700.0
413,0.0,3040.0
414,0.0,3100.0
415,0.09999999999999964,3340.0
416,0.0,3280.0
417,0.0,4540.0
418,0.0,3100.0
419,0.1999999999999993,3340.0
420,0.0,4300.0
421,0.0,4300.0
422,0.0,4720.0
423,0.3000000000000007,4300.0
424,0.09999999999999964,4600.0
425,0.0,4420.0
426,,
427,0.0,4600.0
428,0.09999999999999964,4240.0
429,0.0,2380.0
430,1.1999999999999993,4660.0
431,0.5,5140.0
432,0.0,2800.0
433,0.0,2920.0
434,0.0,2860.0
435,0.0,2260.0
436,0.0,3040.0
437,0.1999999999999993,2500.0
438,0.09999999999999964,880.0
439,0.0,3160.0
440,0.09999999999999964,880.0
441,0.1999999999999993,2500.0
442,0.0,1060.0
443,0.0,1000.0
444,0.40000000000000036,760.0
445,0.0,940.0
446,0.09999999999999964,1000.0
447,0.09999999999999964,2560.0
448,0.09999999999999964,1060.0
449,0.09999999999999964,760.0
450,1.4000000000000004,880.0
451,0.0,2860.0
452,0.0,760.0
453,0.1999999999999993,2980.0
454,0.1999999999999993,940.0
455,0.1999999999999993,820.0
456,0.8000000000000007,1060.0
457,0.0,1060.0
458,0.0,700.0
459,0.1999999999999993,3940.0
460,0.5999999999999996,760.0
461,0.09999999999999964,2320.0
462,0.0,4000.0
463,0.0,1180.0
464,0.09999999999999964,1060.0
465,0.3000000000000007,700.0
466,0.0,3340.0
467,0.0,760.0
468,0.0,1120.0
469,0.1999999999999993,1900.0
470,0.0,760.0
471,0.0,820.0
472,0.09999999999999964,2200.0
473,0.1999999999999993,820.0
474,0.40000000000000036,2140.0
475,0.3000000000000007,2140.0
476,0.1999999999999993,940.0
477,0.9000000000000004,940.0
478,0.3000000000000007,2140.0
479,0.09999999999999964,1000.0
480,,
481,0.09999999999999964,880.0
482,0.9000000000000004,1120.0
483,0.5999999999999996,1180.0
484,0.3000000000000007,1120.0
485,0.5999999999999996,1060.0
486,0.3000000000000007,760.0
487,0.1999999999999993,2140.0
488,0.09999999999999964,820.0
489,,
490,,
491,,
492,0.0,820.0
493,0.0,1960.0
494,,
495,0.1999999999999993,1900.0
496,0.0,2080.0
497,0.09999999999999964,1900.0
498,0.0,820.0
499,0.09999999999999964,2080.0
500,,
501,1.0999999999999996,1960.0
502,0.40000000000000036,1900.0
503,0.1999999999999993,1780.0
504,0.09999999999999964,2440.0
505,,
506,,
507,0.5,2200.0
508,,
509,,
510,0.3000000000000007,2020.0
511,,
512,0.5,1900.0
513,0.40000000000000036,1960.0
514,0.5,1960.0
515,,
516,,
517,0.0,2020.0
518,,
519,0.09999999999999964,2440.0
520,0.09999999999999964,2260.0
521,,
522,,
523,,
524,,
525,0.0,1900.0
526,,
527,0.9000000000000004,1720.0
528,0.5,1840.0
529,,
530,0.09999999999999964,1840.0
531,0.1999999999999993,1720.0
532,0.09999999999999964,1840.0
533,0.0,1780.0
534,0.40000000000000036,4240.0
535,0.09999999999999964,1660.0
536,0.0,1840.0
537,0.09999999999999964,2020.0
538,0.0,4360.0
539,0.09999999999999964,4600.0
540,,
541,0.0,4000.0
542,0.0,1720.0
543,,
544,0.5999999999999996,1960.0
545,0.3000000000000007,1660.0
546,0.0,2200.0
547,0.09999999999999964,1900.0
548,0.0,2020.0
549,0.0,4960.0
550,0.1999999999999993,2020.0
551,0.0,1840.0
552,0.09999999999999964,1840.0
553,,
554,0.5,1780.0
555,0.0,1900.0
556,0.0,1900.0
557,0.09999999999999964,4960.0
558,0.1999999999999993,1720.0
559,0.09999999999999964,1900.0
560,0.0,1960.0
561,0.09999999999999964,1840.0
562,0.1999999999999993,1780.0
563,0.09999999999999964,2140.0
564,0.5,1660.0
565,0.1999999999999993,1840.0
566,0.0,1540.0
567,0.1999999999999993,1600.0
568,0.09999999999999964,1600.0
569,0.09999999999999964,1780.0
570,0.09999999999999964,1660.0
571,0.1999999999999993,2320.0
572,0.3000000000000007,1780.0
573,0.0,1960.0
574,0.5999999999999996,1900.0
575,0.9000000000000004,1660.0
576,0.09999999999999964,1960.0
