9.599999999999999159e-03
1.061946902654867242e-02
1.008403361344537875e-02
1.121495327102803655e-02
1.061946902654867242e-02
9.599999999999999159e-03
1.008403361344537875e-02
9.599999999999999159e-03
3.934426229508196718e-03
8.759124087591241628e-03
8.053691275167786101e-03
8.053691275167786101e-03
3.934426229508196718e-03
8.053691275167786101e-03
4.181184668989547035e-03
8.053691275167786101e-03
6.936416184971098270e-03
7.741935483870967735e-03
8.391608391608391601e-03
4.013377926421404264e-03
3.934426229508196718e-03
6.091370558375634389e-03
7.453416149068322824e-03
7.453416149068322824e-03
6.486486486486486153e-03
4.013377926421404264e-03
4.460966542750929506e-03
5.741626794258373155e-03
4.669260700389104950e-03
7.453416149068322824e-03
6.282722513089005444e-03
5.741626794258373155e-03
3.858520900321543278e-03
4.562737642585551479e-03
6.703910614525139533e-03
5.911330049261084157e-03
5.020920502092050125e-03
6.091370558375634389e-03
5.286343612334801559e-03
6.936416184971098270e-03
8.391608391608391601e-03
8.053691275167786101e-03
3.858520900321543278e-03
4.897959183673469136e-03
8.759124087591241628e-03
8.759124087591241628e-03
1.188118811881188133e-02
1.008403361344537875e-02
4.780876494023904126e-03
6.703910614525139533e-03
7.453416149068322824e-03
8.053691275167786101e-03
8.053691275167786101e-03
5.286343612334801559e-03
8.391608391608391601e-03
8.391608391608391601e-03
1.445783132530120522e-02
1.348314606741573066e-02
9.599999999999999159e-03
6.282722513089005444e-03
8.759124087591241628e-03
1.188118811881188133e-02
8.391608391608391601e-03
8.759124087591241628e-03
7.453416149068322824e-03
9.160305343511450718e-03
9.160305343511450718e-03
8.053691275167786101e-03
7.453416149068322824e-03
4.669260700389104950e-03
8.391608391608391601e-03
4.669260700389104950e-03
8.053691275167786101e-03
3.934426229508196718e-03
4.270462633451957597e-03
6.936416184971098270e-03
5.741626794258373155e-03
1.558441558441558440e-02
4.095563139931740655e-03
2.264150943396226259e-02
7.185628742514969976e-03
3.858520900321543278e-03
1.445783132530120522e-02
5.911330049261084157e-03
2.264150943396226259e-02
nan
nan
nan
nan
nan
nan
nan
nan
nan
nan
nan
nan
nan
nan
nan
nan
nan
nan
nan
nan
nan
nan
nan
nan
nan
nan
nan
nan
nan
nan
nan
nan
nan
nan
nan
nan
nan
nan
nan
nan
nan
nan
nan
nan
nan
nan
nan
nan
nan
nan
nan
nan
nan
nan
nan
nan
nan
nan
nan
nan
nan
nan
nan
nan
nan
nan
nan
nan
nan
nan
nan
nan
nan
nan
nan
nan
nan
nan
nan
nan
nan
nan
nan
nan
nan
nan
nan
nan
nan
nan
nan
nan
nan
nan
nan
nan
nan
nan
nan
nan
nan
nan
nan
nan
nan
nan
nan
nan
nan
nan
nan
nan
nan
nan
nan
nan
nan
nan
nan
nan
nan
nan
nan
nan
nan
nan
nan
nan
nan
nan
nan
nan
nan
nan
nan
nan
nan
nan
nan
nan
nan
nan
nan
nan
nan
nan
nan
nan
nan
nan
nan
nan
nan
nan
nan
nan
nan
nan
nan
nan
nan
nan
nan
nan
nan
nan
nan
nan
nan
nan
nan
nan
nan
nan
nan
nan
nan
nan
nan
nan
nan
nan
nan
nan
nan
nan
nan
nan
nan
nan
nan
nan
nan
nan
nan
nan
nan
nan
nan
nan
nan
nan
nan
nan
nan
nan
nan
nan
nan
nan
nan
nan
nan
nan
nan
nan
1.008403361344537875e-02
9.599999999999999159e-03
9.160305343511450718e-03
1.121495327102803655e-02
9.160305343511450718e-03
9.599999999999999159e-03
5.150214592274678267e-03
4.460966542750929506e-03
8.759124087591241628e-03
8.391608391608391601e-03
9.160305343511450718e-03
8.759124087591241628e-03
4.669260700389104950e-03
8.759124087591241628e-03
8.759124087591241628e-03
9.160305343511450718e-03
9.599999999999999159e-03
1.061946902654867242e-02
8.759124087591241628e-03
9.160305343511450718e-03
1.121495327102803655e-02
9.160305343511450718e-03
8.759124087591241628e-03
8.391608391608391601e-03
8.391608391608391601e-03
8.759124087591241628e-03
4.669260700389104950e-03
1.061946902654867242e-02
1.008403361344537875e-02
3.858520900321543278e-03
4.460966542750929506e-03
9.160305343511450718e-03
4.013377926421404264e-03
8.759124087591241628e-03
9.160305343511450718e-03
4.181184668989547035e-03
8.759124087591241628e-03
1.061946902654867242e-02
8.759124087591241628e-03
8.391608391608391601e-03
8.759124087591241628e-03
9.160305343511450718e-03
8.759124087591241628e-03
8.759124087591241628e-03
8.759124087591241628e-03
8.053691275167786101e-03
7.741935483870967735e-03
7.741935483870967735e-03
8.053691275167786101e-03
7.741935483870967735e-03
8.391608391608391601e-03
1.121495327102803655e-02
2.033898305084745617e-02
9.160305343511450718e-03
8.759124087591241628e-03
7.185628742514969976e-03
7.453416149068322824e-03
7.453416149068322824e-03
7.185628742514969976e-03
6.936416184971098270e-03
6.703910614525139533e-03
6.486486486486486153e-03
5.741626794258373155e-03
4.780876494023904126e-03
5.911330049261084157e-03
6.282722513089005444e-03
5.150214592274678267e-03
5.911330049261084157e-03
3.934426229508196718e-03
5.911330049261084157e-03
5.911330049261084157e-03
5.581395348837209398e-03
6.486486486486486153e-03
6.091370558375634389e-03
5.911330049261084157e-03
4.780876494023904126e-03
5.911330049261084157e-03
6.486486486486486153e-03
5.429864253393664950e-03
6.091370558375634389e-03
6.091370558375634389e-03
4.181184668989547035e-03
5.020920502092050125e-03
5.150214592274678267e-03
5.741626794258373155e-03
4.270462633451957597e-03
4.181184668989547035e-03
4.270462633451957597e-03
3.858520900321543278e-03
5.150214592274678267e-03
5.286343612334801559e-03
5.911330049261084157e-03
4.363636363636363806e-03
4.460966542750929506e-03
4.897959183673469136e-03
3.934426229508196718e-03
3.858520900321543278e-03
3.934426229508196718e-03
5.911330049261084157e-03
5.741626794258373155e-03
5.741626794258373155e-03
1.846153846153846326e-02
5.286343612334801559e-03
2.553191489361701996e-02
5.429864253393664950e-03
4.780876494023904126e-03
5.020920502092050125e-03
4.562737642585551479e-03
6.282722513089005444e-03
6.486486486486486153e-03
6.486486486486486153e-03
6.936416184971098270e-03
3.858520900321543278e-03
3.934426229508196718e-03
5.150214592274678267e-03
6.486486486486486153e-03
6.486486486486486153e-03
6.091370558375634389e-03
3.858520900321543278e-03
5.741626794258373155e-03
6.282722513089005444e-03
6.282722513089005444e-03
6.282722513089005444e-03
6.282722513089005444e-03
6.282722513089005444e-03
6.486486486486486153e-03
5.911330049261084157e-03
4.897959183673469136e-03
4.780876494023904126e-03
4.669260700389104950e-03
4.460966542750929506e-03
4.095563139931740655e-03
3.934426229508196718e-03
4.013377926421404264e-03
5.020920502092050125e-03
1.263157894736842077e-02
4.669260700389104950e-03
1.188118811881188133e-02
4.095563139931740655e-03
1.188118811881188133e-02
1.008403361344537875e-02
1.008403361344537875e-02
1.061946902654867242e-02
1.445783132530120522e-02
1.121495327102803655e-02
1.263157894736842077e-02
4.460966542750929506e-03
1.008403361344537875e-02
1.348314606741573066e-02
1.263157894736842077e-02
4.013377926421404264e-03
1.348314606741573066e-02
3.858520900321543278e-03
1.008403361344537875e-02
4.181184668989547035e-03
1.348314606741573066e-02
1.008403361344537875e-02
1.445783132530120522e-02
1.008403361344537875e-02
9.599999999999999159e-03
4.897959183673469136e-03
1.445783132530120522e-02
9.160305343511450718e-03
1.008403361344537875e-02
4.897959183673469136e-03
1.445783132530120522e-02
1.348314606741573066e-02
9.599999999999999159e-03
1.061946902654867242e-02
1.348314606741573066e-02
1.263157894736842077e-02
1.008403361344537875e-02
1.061946902654867242e-02
5.286343612334801559e-03
5.020920502092050125e-03
1.121495327102803655e-02
1.188118811881188133e-02
1.188118811881188133e-02
1.061946902654867242e-02
1.061946902654867242e-02
1.188118811881188133e-02
1.188118811881188133e-02
5.429864253393664950e-03
1.263157894736842077e-02
5.020920502092050125e-03
5.286343612334801559e-03
5.286343612334801559e-03
1.263157894736842077e-02
5.429864253393664950e-03
5.429864253393664950e-03
5.911330049261084157e-03
1.263157894736842077e-02
5.741626794258373155e-03
5.741626794258373155e-03
5.911330049261084157e-03
5.429864253393664950e-03
5.911330049261084157e-03
1.263157894736842077e-02
5.429864253393664950e-03
5.581395348837209398e-03
5.020920502092050125e-03
6.091370558375634389e-03
6.282722513089005444e-03
5.741626794258373155e-03
5.581395348837209398e-03
6.282722513089005444e-03
5.150214592274678267e-03
nan
5.911330049261084157e-03
5.741626794258373155e-03
5.741626794258373155e-03
5.911330049261084157e-03
6.091370558375634389e-03
5.911330049261084157e-03
5.741626794258373155e-03
5.741626794258373155e-03
5.581395348837209398e-03
5.429864253393664950e-03
4.669260700389104950e-03
5.020920502092050125e-03
5.150214592274678267e-03
4.897959183673469136e-03
6.282722513089005444e-03
6.091370558375634389e-03
5.911330049261084157e-03
6.282722513089005444e-03
6.703910614525139533e-03
6.486486486486486153e-03
6.091370558375634389e-03
6.091370558375634389e-03
6.486486486486486153e-03
6.091370558375634389e-03
6.282722513089005444e-03
6.703910614525139533e-03
6.703910614525139533e-03
6.091370558375634389e-03
6.703910614525139533e-03
6.936416184971098270e-03
5.911330049261084157e-03
6.486486486486486153e-03
6.091370558375634389e-03
6.486486486486486153e-03
5.911330049261084157e-03
5.581395348837209398e-03
6.703910614525139533e-03
5.150214592274678267e-03
5.911330049261084157e-03
5.581395348837209398e-03
5.741626794258373155e-03
5.581395348837209398e-03
6.091370558375634389e-03
6.091370558375634389e-03
6.282722513089005444e-03
6.486486486486486153e-03
5.911330049261084157e-03
5.911330049261084157e-03
6.936416184971098270e-03
6.486486486486486153e-03
5.911330049261084157e-03
5.741626794258373155e-03
6.091370558375634389e-03
6.282722513089005444e-03
5.286343612334801559e-03
6.936416184971098270e-03
6.486486486486486153e-03
7.185628742514969976e-03
6.936416184971098270e-03
6.936416184971098270e-03
6.282722513089005444e-03
6.703910614525139533e-03
4.897959183673469136e-03
6.282722513089005444e-03
5.741626794258373155e-03
6.091370558375634389e-03
6.091370558375634389e-03
7.453416149068322824e-03
