5.865102639296187678e-03
5.390835579514825088e-03
5.390835579514825088e-03
4.514672686230247929e-03
4.514672686230247929e-03
4.514672686230247929e-03
6.309148264984226935e-03
6.309148264984226935e-03
4.514672686230247929e-03
5.305039787798408214e-03
6.191950464396285200e-03
6.309148264984226935e-03
6.309148264984226935e-03
5.479452054794520591e-03
5.479452054794520591e-03
5.479452054794520591e-03
5.390835579514825088e-03
5.305039787798408214e-03
5.479452054794520591e-03
5.390835579514825088e-03
5.390835579514825088e-03
5.571030640668523694e-03
6.309148264984226935e-03
5.970149253731343343e-03
6.079027355623100280e-03
6.191950464396285200e-03
5.865102639296187678e-03
4.773269689737470386e-03
4.576659038901601841e-03
4.987531172069825311e-03
4.338394793926247418e-03
6.309148264984226935e-03
4.773269689737470386e-03
3.976143141153081102e-03
4.773269689737470386e-03
3.552397868561278996e-03
6.309148264984226935e-03
6.309148264984226935e-03
5.063291139240506424e-03
3.795066413662239162e-03
3.305785123966942067e-03
3.305785123966942067e-03
4.914004914004913883e-03
5.970149253731343343e-03
5.865102639296187678e-03
4.454342984409799359e-03
5.479452054794520591e-03
nan
3.514938488576449700e-03
3.478260869565217520e-03
4.395604395604395601e-03
3.929273084479371035e-03
3.795066413662239162e-03
5.571030640668523694e-03
3.407155025553662737e-03
5.763688760806916049e-03
3.552397868561278996e-03
3.338898163606010116e-03
3.273322422258592625e-03
3.552397868561278996e-03
3.305785123966942067e-03
4.640371229698375677e-03
5.763688760806916049e-03
3.929273084479371035e-03
3.552397868561278996e-03
5.305039787798408214e-03
4.395604395604395601e-03
3.629764065335753034e-03
3.590664272890484870e-03
4.282655246252676899e-03
3.929273084479371035e-03
4.454342984409799359e-03
5.970149253731343343e-03
3.752345215759849903e-03
4.454342984409799359e-03
3.338898163606010116e-03
4.842615012106537761e-03
4.024144869215292089e-03
3.883495145631067798e-03
3.552397868561278996e-03
3.552397868561278996e-03
3.883495145631067798e-03
4.773269689737470386e-03
4.282655246252676899e-03
3.629764065335753034e-03
nan
nan
nan
nan
nan
nan
nan
nan
nan
nan
nan
nan
nan
nan
nan
nan
nan
nan
nan
nan
nan
nan
nan
nan
nan
nan
nan
nan
nan
nan
nan
nan
nan
nan
nan
nan
nan
nan
nan
nan
nan
nan
nan
nan
nan
nan
nan
nan
nan
nan
nan
nan
nan
nan
nan
nan
nan
nan
nan
nan
nan
nan
nan
nan
nan
nan
nan
nan
nan
nan
nan
nan
nan
nan
nan
nan
nan
nan
nan
nan
nan
nan
nan
nan
nan
nan
nan
nan
nan
nan
nan
nan
nan
nan
nan
nan
nan
nan
nan
nan
nan
nan
nan
nan
nan
nan
nan
nan
nan
nan
nan
nan
nan
nan
nan
nan
nan
nan
nan
nan
nan
nan
nan
nan
nan
nan
nan
nan
nan
nan
nan
nan
nan
nan
nan
nan
nan
nan
nan
nan
nan
nan
nan
nan
nan
nan
nan
nan
nan
nan
nan
nan
nan
nan
nan
nan
nan
nan
nan
nan
nan
nan
nan
nan
nan
nan
nan
nan
nan
nan
nan
nan
nan
nan
nan
nan
nan
nan
nan
nan
nan
nan
nan
nan
nan
nan
nan
nan
nan
nan
nan
nan
nan
nan
nan
nan
nan
nan
nan
nan
nan
nan
nan
nan
nan
nan
nan
nan
nan
nan
nan
nan
nan
nan
nan
nan
4.576659038901601841e-03
4.842615012106537761e-03
5.763688760806916049e-03
6.309148264984226935e-03
4.395604395604395601e-03
4.395604395604395601e-03
4.338394793926247418e-03
5.479452054794520591e-03
5.390835579514825088e-03
5.390835579514825088e-03
5.063291139240506424e-03
5.063291139240506424e-03
6.191950464396285200e-03
6.079027355623100280e-03
4.282655246252676899e-03
3.552397868561278996e-03
6.079027355623100280e-03
4.640371229698375677e-03
6.309148264984226935e-03
5.571030640668523694e-03
5.479452054794520591e-03
6.191950464396285200e-03
nan
6.079027355623100280e-03
nan
6.191950464396285200e-03
6.079027355623100280e-03
6.191950464396285200e-03
6.309148264984226935e-03
5.865102639296187678e-03
6.079027355623100280e-03
5.970149253731343343e-03
6.079027355623100280e-03
6.309148264984226935e-03
5.665722379603399701e-03
6.079027355623100280e-03
5.970149253731343343e-03
5.865102639296187678e-03
5.865102639296187678e-03
5.970149253731343343e-03
6.079027355623100280e-03
5.571030640668523694e-03
5.970149253731343343e-03
6.309148264984226935e-03
5.571030640668523694e-03
6.191950464396285200e-03
5.665722379603399701e-03
5.865102639296187678e-03
5.865102639296187678e-03
5.865102639296187678e-03
6.309148264984226935e-03
6.079027355623100280e-03
4.773269689737470386e-03
4.773269689737470386e-03
5.141388174807197571e-03
4.914004914004913883e-03
6.191950464396285200e-03
6.191950464396285200e-03
5.865102639296187678e-03
nan
nan
6.079027355623100280e-03
nan
4.454342984409799359e-03
6.079027355623100280e-03
5.763688760806916049e-03
6.309148264984226935e-03
6.309148264984226935e-03
6.191950464396285200e-03
5.141388174807197571e-03
5.665722379603399701e-03
5.970149253731343343e-03
5.571030640668523694e-03
6.191950464396285200e-03
6.191950464396285200e-03
6.309148264984226935e-03
5.390835579514825088e-03
5.970149253731343343e-03
5.865102639296187678e-03
6.191950464396285200e-03
5.970149253731343343e-03
6.309148264984226935e-03
5.970149253731343343e-03
6.079027355623100280e-03
6.079027355623100280e-03
4.842615012106537761e-03
4.705882352941176058e-03
5.141388174807197571e-03
4.395604395604395601e-03
5.970149253731343343e-03
3.795066413662239162e-03
5.865102639296187678e-03
5.970149253731343343e-03
4.175365344467640502e-03
4.576659038901601841e-03
4.705882352941176058e-03
6.191950464396285200e-03
4.514672686230247929e-03
4.773269689737470386e-03
4.395604395604395601e-03
5.665722379603399701e-03
4.576659038901601841e-03
3.883495145631067798e-03
5.970149253731343343e-03
4.705882352941176058e-03
5.571030640668523694e-03
3.514938488576449700e-03
6.309148264984226935e-03
4.454342984409799359e-03
5.970149253731343343e-03
5.970149253731343343e-03
5.063291139240506424e-03
5.063291139240506424e-03
4.987531172069825311e-03
4.773269689737470386e-03
5.063291139240506424e-03
4.914004914004913883e-03
5.865102639296187678e-03
4.514672686230247929e-03
4.175365344467640502e-03
4.175365344467640502e-03
4.338394793926247418e-03
4.123711340206185662e-03
4.228329809725158740e-03
4.073319755600814281e-03
4.338394793926247418e-03
4.914004914004913883e-03
4.454342984409799359e-03
4.228329809725158740e-03
4.175365344467640502e-03
3.795066413662239162e-03
5.390835579514825088e-03
5.571030640668523694e-03
5.063291139240506424e-03
5.063291139240506424e-03
6.191950464396285200e-03
6.079027355623100280e-03
6.191950464396285200e-03
5.970149253731343343e-03
6.309148264984226935e-03
6.309148264984226935e-03
6.309148264984226935e-03
6.309148264984226935e-03
5.571030640668523694e-03
5.479452054794520591e-03
6.191950464396285200e-03
6.191950464396285200e-03
6.079027355623100280e-03
5.763688760806916049e-03
5.763688760806916049e-03
5.970149253731343343e-03
4.987531172069825311e-03
5.305039787798408214e-03
5.390835579514825088e-03
5.390835579514825088e-03
5.390835579514825088e-03
4.987531172069825311e-03
5.390835579514825088e-03
4.914004914004913883e-03
5.305039787798408214e-03
5.141388174807197571e-03
4.842615012106537761e-03
4.842615012106537761e-03
6.309148264984226935e-03
6.191950464396285200e-03
5.390835579514825088e-03
5.063291139240506424e-03
4.987531172069825311e-03
4.842615012106537761e-03
6.191950464396285200e-03
6.079027355623100280e-03
6.079027355623100280e-03
6.079027355623100280e-03
6.079027355623100280e-03
6.309148264984226935e-03
4.914004914004913883e-03
4.987531172069825311e-03
3.929273084479371035e-03
6.079027355623100280e-03
4.338394793926247418e-03
4.987531172069825311e-03
5.571030640668523694e-03
6.079027355623100280e-03
4.395604395604395601e-03
5.063291139240506424e-03
4.514672686230247929e-03
4.514672686230247929e-03
4.514672686230247929e-03
4.842615012106537761e-03
4.576659038901601841e-03
5.970149253731343343e-03
4.576659038901601841e-03
4.773269689737470386e-03
4.773269689737470386e-03
4.576659038901601841e-03
4.842615012106537761e-03
4.914004914004913883e-03
5.865102639296187678e-03
4.842615012106537761e-03
4.987531172069825311e-03
4.773269689737470386e-03
4.576659038901601841e-03
4.514672686230247929e-03
6.309148264984226935e-03
4.514672686230247929e-03
4.514672686230247929e-03
4.514672686230247929e-03
nan
4.705882352941176058e-03
4.705882352941176058e-03
4.705882352941176058e-03
4.395604395604395601e-03
4.773269689737470386e-03
4.773269689737470386e-03
4.705882352941176058e-03
4.640371229698375677e-03
4.640371229698375677e-03
4.640371229698375677e-03
4.640371229698375677e-03
4.640371229698375677e-03
4.640371229698375677e-03
4.454342984409799359e-03
4.395604395604395601e-03
4.454342984409799359e-03
5.763688760806916049e-03
5.063291139240506424e-03
4.514672686230247929e-03
5.390835579514825088e-03
4.514672686230247929e-03
4.123711340206185662e-03
4.395604395604395601e-03
4.773269689737470386e-03
4.576659038901601841e-03
4.514672686230247929e-03
4.576659038901601841e-03
4.640371229698375677e-03
4.395604395604395601e-03
4.123711340206185662e-03
4.282655246252676899e-03
5.063291139240506424e-03
4.914004914004913883e-03
4.338394793926247418e-03
4.640371229698375677e-03
4.175365344467640502e-03
4.024144869215292089e-03
3.929273084479371035e-03
4.338394793926247418e-03
4.073319755600814281e-03
4.123711340206185662e-03
4.514672686230247929e-03
3.883495145631067798e-03
4.175365344467640502e-03
4.395604395604395601e-03
4.024144869215292089e-03
4.338394793926247418e-03
4.123711340206185662e-03
4.123711340206185662e-03
3.795066413662239162e-03
3.795066413662239162e-03
4.338394793926247418e-03
5.571030640668523694e-03
3.976143141153081102e-03
4.175365344467640502e-03
3.752345215759849903e-03
4.123711340206185662e-03
4.987531172069825311e-03
4.073319755600814281e-03
4.338394793926247418e-03
4.228329809725158740e-03
4.175365344467640502e-03
3.514938488576449700e-03
4.073319755600814281e-03
5.390835579514825088e-03
4.914004914004913883e-03
5.390835579514825088e-03
6.079027355623100280e-03
