4.166666666666666435e-02
3.500000000000000333e-02
9.425287356321837562e-03
9.277777777777777846e-02
5.666666666666666380e-02
4.750000000000000056e-02
3.708333333333333620e-02
3.148148148148147835e-02
1.055555555555555552e-01
1.366666666666666585e-01
1.524999999999999967e-01
1.558333333333333237e-01
5.111111111111110716e-02
6.266666666666666219e-02
6.916666666666666796e-02
1.433333333333333404e-01
2.500000000000000000e-01
2.699999999999999623e-01
1.366666666666666585e-01
3.642857142857142821e-02
1.224999999999999978e-01
6.208333333333333759e-02
4.700000000000000011e-02
3.749999999999999861e-02
1.614583333333333495e-02
2.383333333333333415e-01
4.800000000000000100e-02
8.271604938271604618e-03
9.487179487179487822e-03
4.366666666666666613e-02
6.435185185185185279e-03
2.093750000000000125e-02
7.136752136752136204e-03
9.935897435897435293e-03
2.512820512820513122e-02
1.070707070707070663e-02
1.409090909090909144e-02
1.400000000000000029e-02
7.499999999999999722e-03
3.333333333333333114e-03
5.468749999999999653e-03
1.388888888888888812e-02
8.063063063063062239e-03
2.666666666666666838e-02
1.541666666666666706e-02
7.735042735042736012e-03
9.603174603174603058e-03
4.555555555555555053e-02
6.904761904761904864e-03
5.243902439024390565e-03
1.351851851851851825e-02
6.421568627450979956e-03
8.418803418803418037e-03
1.467948717948717834e-02
4.806201550387597006e-03
1.810606060606060469e-02
1.852941176470588105e-02
5.277777777777777762e-02
1.533333333333333250e-02
1.543209876543209791e-02
9.540229885057472520e-03
2.305555555555555830e-02
1.541666666666666706e-02
2.583333333333333662e-02
1.593750000000000028e-02
1.765151515151515069e-02
1.468253968253968242e-02
1.412698412698412676e-02
7.055555555555555192e-02
9.494949494949495375e-03
2.254901960784313694e-02
9.479166666666666990e-03
1.207070707070707037e-02
1.308333333333333293e-01
8.298611111111110772e-03
2.939393939393939240e-02
1.154761904761904615e-02
7.352941176470588133e-03
5.754716981132075755e-03
8.986928104575162696e-03
1.765432098765432056e-02
5.700000000000000205e-03
6.485507246376811044e-03
7.843137254901960675e-03
4.907407407407407204e-03
nan
nan
nan
nan
nan
nan
nan
nan
nan
nan
nan
nan
nan
nan
nan
nan
nan
nan
nan
nan
nan
nan
nan
nan
nan
nan
nan
nan
nan
nan
nan
nan
nan
nan
nan
nan
nan
nan
nan
nan
nan
nan
nan
nan
nan
nan
nan
nan
nan
nan
nan
nan
nan
nan
nan
nan
nan
nan
nan
nan
nan
nan
nan
nan
nan
nan
nan
nan
nan
nan
nan
nan
nan
nan
nan
nan
nan
nan
nan
nan
nan
nan
nan
nan
nan
nan
nan
nan
nan
nan
nan
nan
nan
nan
nan
nan
nan
nan
nan
nan
nan
nan
nan
nan
nan
nan
nan
nan
nan
nan
nan
nan
nan
nan
nan
nan
nan
nan
nan
nan
nan
nan
nan
nan
nan
nan
nan
nan
nan
nan
nan
nan
nan
nan
nan
nan
nan
nan
nan
nan
nan
nan
nan
nan
nan
nan
nan
nan
nan
nan
nan
nan
nan
nan
nan
nan
nan
nan
nan
nan
nan
nan
nan
nan
nan
nan
nan
nan
nan
nan
nan
nan
nan
nan
nan
nan
nan
nan
nan
nan
nan
nan
nan
nan
nan
nan
nan
nan
nan
nan
nan
nan
nan
nan
nan
nan
nan
nan
nan
nan
nan
nan
nan
nan
nan
nan
nan
nan
nan
nan
nan
nan
nan
nan
nan
nan
1.285714285714285691e-02
3.562500000000000389e-02
4.071428571428571674e-02
4.238095238095238027e-02
6.708333333333334203e-02
3.166666666666666519e-01
7.458333333333332094e-02
9.888888888888888729e-02
1.566666666666666763e-01
1.228395061728394973e-02
7.708333333333333703e-02
1.657407407407407440e-02
4.527777777777777790e-02
3.642857142857142821e-02
4.499999999999999833e-02
4.388888888888889395e-02
1.333333333333333315e-01
1.009259259259259224e-02
2.101851851851851624e-02
1.368421052631578830e-02
5.000000000000000278e-02
6.566666666666666485e-02
3.208333333333333176e-02
2.291666666666666505e-02
3.976190476190476220e-02
1.373015873015873134e-02
5.600000000000000117e-02
2.333333333333333440e-02
1.400000000000000029e-02
1.441666666666666652e-01
3.229166666666666990e-02
3.500000000000000333e-02
1.250000000000000069e-02
7.000000000000000666e-02
5.533333333333333853e-02
4.309523809523809618e-02
5.566666666666666291e-02
1.319444444444444441e-02
4.309523809523809618e-02
3.937500000000000028e-02
3.314814814814814881e-02
3.150000000000000022e-02
2.500000000000000139e-02
2.454545454545454392e-02
3.148148148148147835e-02
3.296296296296296474e-02
1.620370370370370280e-02
1.340000000000000045e-02
3.928571428571428492e-02
2.285714285714285712e-02
1.671568627450980421e-02
2.987179487179487253e-02
1.000000000000000021e-02
9.473684210526316443e-03
1.588235294117646898e-02
1.000000000000000021e-02
1.722222222222222210e-02
2.102564102564102519e-02
2.038461538461538644e-02
3.854166666666666852e-02
4.527777777777777790e-02
4.047619047619047811e-02
2.833333333333333190e-02
1.468749999999999917e-02
1.635416666666666616e-02
3.952380952380953050e-02
2.208333333333333329e-02
3.129629629629629428e-02
1.561403508771929891e-02
2.483333333333333226e-02
3.229166666666666990e-02
1.190476190476190410e-02
2.122222222222222218e-02
1.500000000000000118e-02
1.291666666666666657e-02
1.246031746031745976e-02
1.059523809523809507e-02
1.119999999999999989e-02
5.333333333333333676e-02
1.361111111111111029e-02
1.388888888888888812e-02
5.666666666666666380e-02
5.374999999999999917e-02
2.066666666666666652e-01
1.116666666666666641e-01
7.009803921568628048e-03
6.818181818181817851e-03
8.666666666666666269e-03
1.499999999999999944e-02
1.031746031746031723e-02
8.799999999999998795e-03
1.340909090909090870e-02
1.227272727272727196e-02
8.703703703703703082e-03
8.218390804597701729e-03
8.010752688172043112e-03
1.099999999999999936e-02
8.888888888888888881e-03
7.285714285714285990e-03
8.666666666666666269e-03
1.159722222222222231e-02
7.675438596491227644e-03
6.290322580645160526e-03
1.212121212121212120e-02
6.205673758865248510e-03
6.049382716049382831e-03
2.750000000000000014e-02
1.653846153846154007e-02
1.428571428571428527e-02
8.066666666666666430e-03
1.079999999999999884e-02
6.036036036036035966e-03
6.111111111111110564e-03
6.846846846846846302e-03
7.070707070707071135e-03
6.428571428571428457e-03
6.351351351351351530e-03
1.069444444444444392e-02
8.200000000000000691e-03
1.245098039215686118e-02
6.277777777777777957e-03
1.666666666666666644e-02
2.208333333333333329e-02
2.037037037037037202e-02
4.374999999999999722e-02
1.962962962962962882e-02
9.411764705882352117e-03
8.461538461538461314e-03
8.273809523809523558e-03
1.696969696969696795e-02
7.666666666666666248e-03
5.000000000000000104e-03
7.873563218390803795e-03
4.930555555555555212e-03
5.199999999999999761e-03
5.857142857142857637e-03
7.311827956989247305e-03
9.038461538461538616e-03
5.249999999999999459e-03
1.108695652173913131e-02
8.214285714285713899e-03
7.254901960784314319e-03
1.055555555555555587e-02
5.571428571428570925e-03
6.523809523809523739e-03
7.471264367816091850e-03
7.202380952380952293e-03
7.283950617283951358e-03
8.749999999999999098e-03
7.916666666666667337e-03
6.060606060606060601e-03
6.777777777777777533e-03
7.380952380952381271e-03
7.799999999999999642e-03
6.397849462365591718e-03
5.454545454545454974e-03
8.214285714285713899e-03
8.188405797101450112e-03
3.910256410256410416e-03
7.638888888888888638e-03
6.354166666666665950e-03
1.107843137254902084e-02
9.916666666666667379e-03
8.484848484848483974e-03
8.550724637681160478e-03
4.703703703703703866e-03
4.625850340136054666e-03
4.499999999999999660e-03
9.912280701754386247e-03
7.799999999999999642e-03
1.052631578947368397e-02
9.603174603174603058e-03
9.166666666666666713e-03
1.033333333333333326e-02
1.058333333333333348e-02
9.749999999999999986e-03
5.035460992907801400e-03
1.041666666666666609e-02
9.916666666666667379e-03
1.000000000000000021e-02
8.809523809523808757e-03
4.666666666666666186e-03
1.092592592592592574e-02
9.166666666666666713e-03
9.015151515151515957e-03
9.722222222222222376e-03
9.242424242424241224e-03
2.200000000000000011e-01
9.285714285714284297e-03
9.583333333333333981e-02
9.166666666666666019e-02
8.611111111111111049e-03
6.611111111111110661e-02
9.249999999999999889e-02
2.050000000000000155e-01
1.100000000000000006e-01
1.008333333333333304e-01
9.294871794871794810e-03
5.041666666666666519e-02
8.809523809523808757e-03
3.933333333333333820e-02
1.866666666666666474e-01
4.199999999999999567e-02
7.499999999999999722e-02
6.444444444444444309e-02
1.500000000000000118e-02
4.166666666666666435e-02
nan
2.500000000000000139e-02
2.050000000000000155e-01
8.833333333333333315e-02
2.083333333333333426e-01
8.749999999999999445e-02
3.566666666666666596e-02
6.000000000000000472e-02
2.062500000000000097e-02
2.000000000000000111e-01
9.416666666666667629e-02
1.653846153846154007e-02
1.711111111111111166e-02
2.166666666666666741e-02
2.129629629629629581e-02
5.989583333333333738e-03
1.244444444444444374e-02
8.910256410256410520e-03
1.156862745098039338e-02
5.860215053763440964e-03
6.333333333333333176e-03
5.416666666666666852e-03
6.904761904761904864e-03
9.166666666666666713e-03
3.399999999999999550e-02
1.107843137254902084e-02
5.430107526881720534e-03
7.569444444444444614e-03
2.583333333333333315e-02
1.008333333333333304e-01
6.781609195402299450e-03
7.055555555555555192e-02
5.428571428571428437e-03
6.801801801801801717e-03
6.222222222222222043e-02
6.055555555555555691e-02
4.958333333333333343e-02
4.133333333333333304e-02
7.055555555555555192e-02
1.016666666666666552e-01
1.000000000000000056e-01
6.444444444444444309e-02
1.025000000000000078e-01
6.833333333333334314e-02
4.100000000000000172e-02
4.666666666666666186e-02
6.333333333333333870e-02
1.900000000000000022e-01
6.000000000000000472e-02
2.354166666666666907e-02
2.809523809523809673e-02
2.999999999999999889e-02
1.916666666666666519e-02
6.206896551724138539e-03
2.666666666666666491e-02
3.499999999999999639e-02
3.194444444444444198e-02
9.166666666666666019e-02
5.000000000000000278e-02
2.562500000000000194e-02
1.029411764705882339e-02
1.716666666666666688e-02
3.766666666666666774e-02
3.023809523809523753e-02
2.074074074074074014e-02
6.000000000000000472e-02
4.401709401709402031e-03
5.520833333333333322e-03
8.200000000000000691e-03
