4.486873508353222094e-03
4.370709382151029970e-03
1.462184873949579772e-02
1.813084112149532592e-02
1.566371681415928974e-02
1.439999999999999961e-02
1.647058823529411881e-02
1.608000000000000054e-02
6.590163934426229546e-03
1.328467153284671430e-02
1.308724832214765155e-02
1.228187919463087294e-02
5.180327868852458925e-03
1.087248322147650950e-02
4.373259052924791286e-03
1.093959731543624192e-02
8.612716763005781248e-03
1.032258064516129031e-02
4.061696658097686645e-03
4.949832775919732475e-03
4.376899696048631994e-03
3.899204244031830198e-03
5.492537313432835702e-03
9.316770186335403964e-03
6.864864864864864656e-03
3.643835616438356306e-03
5.130111524163569019e-03
3.105882352941176199e-03
6.031128404669260958e-03
9.006211180124222906e-03
3.512747875354107867e-03
4.652956298200514387e-03
3.601286173633440075e-03
4.372623574144487123e-03
6.703910614525139533e-03
6.108374384236453167e-03
2.474849094567404574e-03
2.660869565217391288e-03
1.944954128440366890e-03
2.176759410801963959e-03
3.491461100569259908e-03
1.046979865771812020e-02
5.498392282958199789e-03
6.693877551020407241e-03
4.726224783861671108e-03
1.124087591240875879e-02
2.396039603960396086e-02
1.478991596638655655e-02
6.015936254980079959e-03
3.126338329764453798e-03
1.975560081466395165e-03
1.147651006711409433e-02
1.100671140939597260e-02
7.092511013215859958e-03
1.739894551845342719e-03
3.287904599659284815e-03
5.354107648725211881e-03
3.213483146067416113e-02
1.504000000000000128e-02
5.130890052356021358e-03
1.262773722627737356e-02
4.619164619164619137e-03
1.713286713286713350e-02
1.489051094890510817e-02
9.378881987577639828e-03
1.419847328244274939e-02
1.473282442748091725e-02
1.087248322147650950e-02
8.322981366459628397e-03
2.227171492204899680e-03
4.359925788497216910e-03
4.163424124513618804e-03
1.174496644295302053e-02
4.258760107816711611e-03
2.740213523131672553e-03
9.306358381502890728e-03
5.837320574162679215e-03
1.571428571428571536e-02
1.671469740634005810e-03
2.716981132075471650e-02
8.203592814371257064e-03
2.674772036474164141e-03
1.530120481927710677e-02
3.095890410958904507e-03
3.269689737470167067e-03
nan
nan
nan
nan
nan
nan
nan
nan
nan
nan
nan
nan
nan
nan
nan
nan
nan
nan
nan
nan
nan
nan
nan
nan
nan
nan
nan
nan
nan
nan
nan
nan
nan
nan
nan
nan
nan
nan
nan
nan
nan
nan
nan
nan
nan
nan
nan
nan
nan
nan
nan
nan
nan
nan
nan
nan
nan
nan
nan
nan
nan
nan
nan
nan
nan
nan
nan
nan
nan
nan
nan
nan
nan
nan
nan
nan
nan
nan
nan
nan
nan
nan
nan
nan
nan
nan
nan
nan
nan
nan
nan
nan
nan
nan
nan
nan
nan
nan
nan
nan
nan
nan
nan
nan
nan
nan
nan
nan
nan
nan
nan
nan
nan
nan
nan
nan
nan
nan
nan
nan
nan
nan
nan
nan
nan
nan
nan
nan
nan
nan
nan
nan
nan
nan
nan
nan
nan
nan
nan
nan
nan
nan
nan
nan
nan
nan
nan
nan
nan
nan
nan
nan
nan
nan
nan
nan
nan
nan
nan
nan
nan
nan
nan
nan
nan
nan
nan
nan
nan
nan
nan
nan
nan
nan
nan
nan
nan
nan
nan
nan
nan
nan
nan
nan
nan
nan
nan
nan
nan
nan
nan
nan
nan
nan
nan
nan
nan
nan
nan
nan
nan
nan
nan
nan
nan
nan
nan
nan
nan
nan
nan
nan
nan
nan
nan
nan
4.673629242819842683e-03
4.858611825192801770e-03
5.402985074626866224e-03
1.607476635514018537e-02
3.636363636363636360e-03
3.856858846918488799e-03
7.768240343347640291e-03
5.181058495821727096e-03
5.091383812010443800e-03
5.013927576601671411e-03
1.374045801526717521e-02
1.335766423357664240e-02
7.159533073929960287e-03
1.248175182481751910e-02
1.343065693430656876e-02
1.465648854961832011e-02
2.136000000000000051e-02
1.734513274336283231e-02
1.416058394160583760e-02
1.595419847328244031e-02
1.785046728971962857e-02
1.595419847328244031e-02
1.313868613138686157e-02
1.272727272727272596e-02
1.307692307692307626e-02
1.357664233576642496e-02
7.782101167315175205e-03
1.734513274336283231e-02
1.579831932773109390e-02
5.866261398176291636e-03
5.253731343283582315e-03
1.442748091603053388e-02
6.488294314381270501e-03
1.474452554744525544e-02
1.450381679389312929e-02
6.968641114982578391e-03
1.445255474452554825e-02
1.814159292035398205e-02
1.357664233576642496e-02
1.167832167832167853e-02
1.313868613138686157e-02
1.374045801526717521e-02
1.262773722627737356e-02
5.386996904024767170e-03
1.255474452554744547e-02
1.234899328859060362e-02
1.058064516129032101e-02
1.096774193548387052e-02
1.100671140939597260e-02
9.677419354838710103e-03
1.055944055944055965e-02
2.093457943925233419e-02
2.559322033898304982e-02
9.236641221374046126e-03
1.131386861313868689e-02
8.802395209580838112e-03
9.130434782608694635e-03
9.565217391304347422e-03
8.802395209580838112e-03
8.843930635838151075e-03
7.821229050279330033e-03
7.567567567567567467e-03
6.076555023923444800e-03
5.059760956175298613e-03
5.862068965517241471e-03
7.225130890052356217e-03
4.935622317596566853e-03
6.453201970443349367e-03
3.836065573770491670e-03
5.862068965517241471e-03
6.206896551724137671e-03
5.395348837209302216e-03
6.594594594594594544e-03
6.345177664974619228e-03
5.960591133004925976e-03
4.422310756972111338e-03
3.768996960486322139e-03
6.540540540540540349e-03
3.690851735015772839e-03
6.294416243654822607e-03
6.243654822335025986e-03
4.599303135888501738e-03
4.560669456066945328e-03
4.678111587982832983e-03
3.560371517027863773e-03
2.931506849315068317e-03
2.739726027397260295e-03
3.701067615658362991e-03
3.536977491961414925e-03
3.036211699164345374e-03
2.483069977426636665e-03
6.206896551724137671e-03
4.072727272727272134e-03
4.163568773234200063e-03
5.061224489795918685e-03
2.931506849315068317e-03
3.665594855305466526e-03
2.372881355932203711e-03
6.157635467980295853e-03
5.693779904306220559e-03
3.738601823708206928e-03
2.230769230769230616e-02
1.876430205949656529e-03
3.106382978723404298e-02
1.076066790352504668e-03
3.009118541033434929e-03
4.895397489539748265e-03
4.372623574144487123e-03
6.282722513089005444e-03
6.432432432432432824e-03
2.752941176470588211e-03
3.002610966057441249e-03
3.470031545741325118e-03
3.436532507739938156e-03
5.064377682403433355e-03
3.108504398826979469e-03
2.376873661670235362e-03
3.591331269349845069e-03
3.762057877813504685e-03
2.686230248306997748e-03
2.505643340857787848e-03
2.577319587628865930e-03
6.178010471204188787e-03
2.452431289640592035e-03
2.395604395604395559e-03
2.386117136659436037e-03
2.241014799154333794e-03
2.402745995423340945e-03
4.302788844621514321e-03
2.106261859582542629e-03
2.991202346041055716e-03
3.447098976109214726e-03
3.737704918032787055e-03
4.682274247491638453e-03
5.271966527196652978e-03
4.069400630914826386e-03
4.824902723735409113e-03
1.198019801980198043e-02
3.373860182370820495e-03
1.198019801980198043e-02
1.058823529411764656e-02
1.075630252100840366e-02
1.256637168141592868e-02
1.759036144578313143e-02
1.186915887850467297e-02
1.368421052631579003e-02
5.167286245353159765e-03
1.420168067226890672e-02
1.528089887640449347e-02
1.410526315789473704e-02
4.381270903010033545e-03
1.640449438202247132e-02
4.726688102893890180e-03
1.075630252100840366e-02
4.599303135888501738e-03
1.629213483146067440e-02
1.176470588235294101e-02
1.686746987951807247e-02
1.159663865546218565e-02
1.152000000000000073e-02
5.632653061224490373e-03
3.510895883777239747e-03
1.106870229007633592e-02
1.226890756302521056e-02
5.510204081632653211e-03
4.668587896253601800e-03
1.561797752808988769e-02
1.152000000000000073e-02
1.238938053097345116e-02
1.651685393258426823e-02
1.421052631578947380e-02
1.126050420168067320e-02
1.203539823008849610e-02
4.933920704845815020e-03
5.690376569037656866e-03
1.140186915887850434e-02
1.366336633663366336e-02
1.366336633663366336e-02
1.079646017699114995e-02
1.035398230088495526e-02
1.396039603960396065e-02
1.346534653465346516e-02
6.561085972850678842e-03
1.378947368421052679e-02
5.313807531380753020e-03
5.726872246696035167e-03
5.154185022026431390e-03
1.305263157894736951e-02
5.067873303167420504e-03
5.022624434389139948e-03
5.467980295566502585e-03
1.284210526315789427e-02
5.741626794258373155e-03
5.550239234449760167e-03
6.256157635467980357e-03
5.927601809954751062e-03
5.960591133004925976e-03
1.336842105263157804e-02
5.882352941176470507e-03
5.069767441860465081e-03
5.481171548117154922e-03
6.395939086294415848e-03
6.387434554973821232e-03
5.885167464114832679e-03
5.162790697674418672e-03
5.183246073298429686e-03
4.635193133047210527e-03
nan
2.470588235294117647e-03
5.693779904306220559e-03
2.705882352941176450e-03
2.813186813186813531e-03
6.294416243654822607e-03
6.157635467980295853e-03
5.550239234449760167e-03
2.320185614849187838e-03
5.023255813953488719e-03
2.482598607888630848e-03
4.357976653696497490e-03
4.602510460251046237e-03
2.366589327146171370e-03
2.293986636971047117e-03
2.175824175824175779e-03
5.736040609137056309e-03
6.354679802955664862e-03
6.230366492146597115e-03
2.979683972911963564e-03
7.243243243243243160e-03
2.550790067720090648e-03
6.395939086294415848e-03
2.717149220489977705e-03
6.598984771573604066e-03
6.282722513089005444e-03
7.541899441340781975e-03
7.821229050279330033e-03
6.598984771573604066e-03
7.765363128491620075e-03
2.917594654788418715e-03
6.206896551724137671e-03
6.216216216216216041e-03
3.002421307506053516e-03
6.810810810810810460e-03
2.668213457076566274e-03
6.279069767441860898e-03
7.206703910614525692e-03
5.536480686695279506e-03
5.960591133004925976e-03
5.813953488372092943e-03
2.436149312377210337e-03
6.000000000000000125e-03
6.091370558375634389e-03
6.446700507614212469e-03
6.073298429319371264e-03
6.972972972972973048e-03
6.059113300492611348e-03
5.911330049261084157e-03
2.259332023575638584e-03
6.756756756756757132e-03
7.684729064039408711e-03
5.980861244019138739e-03
7.055837563451777122e-03
6.492146596858638756e-03
5.947136563876652404e-03
7.341040462427745467e-03
6.918918918918919719e-03
7.844311377245508782e-03
7.052023121387283183e-03
8.034682080924854947e-03
6.910994764397905381e-03
7.765363128491620075e-03
5.673469387755101893e-03
6.753926701570680396e-03
6.172248803827751727e-03
6.548223350253807445e-03
6.548223350253807445e-03
9.254658385093168099e-03
