,0,1,2,3,4,5,6,7,8
0,2.6000000000000005,2.9501987579775886,1.7367598251781997,1.0,2.3482220828659242,0.61376825568497051,2.5439799124400859,-1.7000000000000002,2.2812032432044731
1,8.4937255771012019,6.8220720780955215,0.99391776626953365,-0.4999999999999999,1.2136637997445265,-0.19999999999999996,1.2310188212688877,2.4407287240428559,2.028659766104798
2,4.1167482739982955,4.3843818700823229,1.1934058252516555,0.30000000000000004,4.5595265608467557,-3.3,2.1993759172050593,1.7273054858492163,0.6849702933551608
3,1.649109447980379,-2.4000000000000004,1.7021031366964556,-1.5,2.1958796516450247,3.4910825535897425,1.2720254050892483,-0.10000000000000009,0.33357030111043895
4,3.2850678965876443,0.91457745808829338,0.98302235075503974,-0.8,0.25732339143189081,0.57411300330388015,0.35841348008759671,0.24007895345123986,0.50599437131582792
5,3.1979182984124388,0.7,0.84463483824792607,0.93508600783638252,1.2470318934250684,0.8,0.3999999999999999,1.5883340451046288,1.0957979847228616
6,1.0045665504747388,0.30000000000000004,0.84471083819819703,0.3999999999999999,1.3823598949309348,0.76366498961505291,0.94375206242548204,1.9216772090109544,1.9646643501279693
7,1.1197184512747367,-0.4,0.8,1.4438577147579776,1.358105410734737,0.39577497591230892,0.71369715361082764,1.634100424581393,1.4170521314037203
8,1.1166915496516026,0.35420485189677864,0.91877387707826952,2.4403866021835259,2.343294848947338,0.49706983499050567,-0.09999999999999987,2.9109212208223636,2.8573167972835578
9,1.2999999999999998,-0.5,1.1275730831187551,0.7000000000000002,-0.7000000000000002,0.0,-0.6000000000000001,0.99851074346682223,0.8029811059802151
10,1.2000000000000002,-0.8000000000000007,1.2703408157473304,0.5999999999999996,-0.5,0.10000000000000053,-0.2999999999999998,-0.3000000000000007,-0.49999999999999956
11,2.4948458903213604,-1.2999999999999998,2.3538234990738021,-0.09999999999999964,-0.7999999999999998,0.09999999999999964,0.10000000000000053,1.2534082779443407,-0.7999999999999998
12,1.6999999999999993,-1.2999999999999998,2.1495755302273749,0.5,-0.1999999999999993,-0.8000000000000007,0.0,-0.2999999999999998,-0.40000000000000036
13,1.5,0.09999999999999964,1.3000000000000007,-0.20000000000000107,-0.6999999999999993,-0.5,0.0,-0.20000000000000107,-0.29999999999999893
14,1.0999999999999996,0.09999999999999964,1.5,1.0,-0.5999999999999996,-1.3000000000000007,-0.8999999999999986,0.7999999999999989,-0.6999999999999993
15,1.799999999999999,0.20000000000000107,0.5,-1.0,-1.0,1.5999999999999996,-1.3000000000000007,-0.09999999999999964,-1.9000000000000004
16,1.3999999999999986,-0.1999999999999993,0.9000000000000004,0.0,-2.0999999999999996,1.0,-0.8000000000000007,0.3000000000000007,-1.0
17,1.0,-0.1999999999999993,0.9000000000000004,-0.8000000000000007,-0.9000000000000004,-0.5,0.3000000000000007,-0.40000000000000036,-0.09999999999999964
18,0.5999999999999996,0.20000000000000107,0.5999999999999996,-1.4000000000000004,-0.1999999999999993,-0.3000000000000007,-1.299999999999999,-0.3000000000000007,0.5
19,-0.1999999999999993,0.9000000000000004,0.29999999999999893,-0.7999999999999989,-0.6000000000000014,-0.29999999999999893,-0.09999999999999964,0.0,-0.8000000000000007
20,-0.5,0.9000000000000004,0.20000000000000107,-0.8000000000000007,-0.8000000000000007,-0.3999999999999986,0.09999999999999964,-0.3000000000000007,-0.1999999999999993
21,-0.6999999999999993,0.5999999999999996,0.7999999999999989,-1.3999999999999986,0.09999999999999964,-0.7000000000000011,-0.29999999999999893,0.29999999999999893,-1.3999999999999986
22,0.0,-1.0,2.1999999999999993,-1.4999999999999982,0.29999999999999893,-0.6999999999999993,-0.40000000000000036,0.20000000000000107,-1.700000000000001
23,0.09999999999999787,-1.3999999999999986,2.3999999999999986,-1.5999999999999979,-0.3000000000000007,-0.9000000000000004,1.0,0.0,-1.6999999999999993
24,-0.09999999999999787,-0.6000000000000014,0.8999999999999986,-0.7999999999999972,0.1999999999999993,-2.8000000000000007,1.3000000000000007,1.8000000000000007,-1.4000000000000021
25,-0.6999999999999993,-0.5,0.3999999999999986,-0.5999999999999979,0.1999999999999993,-0.9000000000000004,0.7999999999999989,0.0,-1.3999999999999986
26,-1.1000000000000014,-0.6999999999999993,0.6000000000000014,-0.40000000000000213,-0.3999999999999986,-0.1999999999999993,0.0,0.0,-1.0000000000000018
27,0.5,-1.8000000000000007,1.5,-2.0,0.5,0.3999999999999986,0.0,0.3000000000000007,-1.3000000000000007
28,-1.8000000000000007,-0.1999999999999993,2.1000000000000014,-0.9000000000000021,0.3000000000000007,1.6000000000000014,0.5,-1.7000000000000028,-0.29999999999999716
29,3.2419146983276099,1.0,2.0,-4.299999999999999,2.0999999999999996,2.1999999999999993,-0.5,0.20000000000000284,-1.0
30,-3.4000000000000004,1.5,3.7114102572663934,-3.599999999999998,2.1999999999999993,2.8999999999999986,-0.8999999999999986,1.6000000000000014,-1.9000000000000021
31,-1.4000000000000004,4.9472743682235398,4.0668090461501665,-0.9000000000000004,2.5999999999999996,0.10000000000000142,2.099999999999998,0.40000000000000213,-2.8000000000000007
32,-1.2999999999999972,4.7457127734244642,4.0452396564489828,-0.8999999999999986,1.0999999999999979,-0.09999999999999787,3.620858569810935,3.9999999999999982,-2.0
33,-1.3000000000000007,4.7752682751278295,0.29999999999999716,0.6000000000000014,-0.1999999999999993,0.3999999999999986,-4.199999999999999,6.0,4.3761062452388124
34,3.2244484735042098,-0.20000000000000107,-0.3999999999999986,0.8000000000000007,1.0,0.3999999999999986,5.0425044336168492,2.4000000000000004,-2.200000000000001
35,1.0,-0.9000000000000004,-0.40000000000000036,-0.5,1.5,0.5,4.822857611320992,2.9028085750230019,-0.8000000000000007
36,0.1999999999999993,-2.9000000000000004,1.8000000000000007,0.9000000000000004,-0.3000000000000007,3.200000000000001,5.5625935605857251,4.3231369243044817,-0.5
37,1.1000000000000014,-1.700000000000001,2.200000000000001,-0.40000000000000036,0.0,-1.5,4.1,-1.9000000000000004,-1.799999999999999
38,1.799999999999999,0.09999999999999964,1.1000000000000014,0.0,-1.200000000000001,-1.0,1.8000000000000007,-0.40000000000000036,-1.4000000000000004
39,1.799999999999999,-0.29999999999999893,0.40000000000000036,-0.3000000000000007,-0.3000000000000007,0.8000000000000007,-0.9000000000000004,0.20000000000000107,-0.7000000000000011
40,1.200000000000001,0.29999999999999893,-0.5999999999999996,-0.09999999999999964,-1.8000000000000007,1.9000000000000004,-1.5999999999999996,0.6999999999999993,-0.7999999999999989
41,0.10000000000000142,0.8999999999999986,-0.5,-1.0999999999999996,4.2678867441052546,5.0,-0.9000000000000004,-0.5,0.0
42,1.1999999999999993,-0.40000000000000036,0.3000000000000007,-0.20000000000000107,6.1075853550247761,5.6889797931284294,-0.29999999999999893,0.09999999999999964,-0.5999999999999996
43,1.0999999999999996,-0.09999999999999964,0.09999999999999964,-0.09999999999999964,-0.09999999999999964,0.0,-0.3000000000000007,-0.1999999999999993,-0.8000000000000007
44,1.3999999999999986,0.20000000000000107,-1.4000000000000004,0.5999999999999996,1.3000000000000007,-1.0999999999999996,0.09999999999999964,-0.09999999999999964,-1.200000000000001
45,2.0,0.1999999999999993,-1.8000000000000007,0.20000000000000107,-1.0999999999999996,1.6999999999999993,-0.09999999999999964,0.0,-1.3000000000000007
46,2.200000000000001,-1.5,-0.40000000000000036,-0.3000000000000007,-0.8999999999999986,1.0999999999999996,-0.3000000000000007,-0.5999999999999996,-0.1999999999999993
47,1.799999999999999,-1.5,0.20000000000000107,-0.40000000000000036,-1.3000000000000007,1.8000000000000007,-1.5,-0.3000000000000007,0.40000000000000036
48,2.0,0.1999999999999993,-1.5999999999999996,0.0,-2.0,1.799999999999999,-0.7999999999999989,0.5999999999999996,-2.5999999999999996
49,0.09999999999999964,1.5999999999999996,-0.1999999999999993,-0.7000000000000011,-1.799999999999999,1.1999999999999993,-1.0,3.3660305214633364,4.1653636266105289
50,1.0999999999999996,0.40000000000000036,0.09999999999999964,1.4000000000000004,-1.9000000000000004,-0.20000000000000107,3.1027531364665841,5.0083563380876921,9.7584594547789436
51,0.40000000000000036,-1.700000000000001,3.700000000000001,-2.200000000000001,0.7000000000000011,3.4414574945878589,0.6000000000000014,5.2359125382245963,6.0234055503294872
52,-0.20000000000000107,-2.799999999999999,4.6,-1.8000000000000007,3.2452036878141977,-1.5,0.6999999999999993,4.9409119017724255,-4.5
53,-1.5,5.7695021333929262,5.300000000000001,-0.6999999999999993,3.4659781282376914,2.9302864810363021,4.4556136986641137,5.0699822595172908,-4.199999999999999
54,-1.0999999999999996,7.7195762603775249,6.0375361182616842,-0.5,3.5226665390022931,3.0694014367994709,0.0,2.8999999999999986,-4.399999999999999
55,0.8000000000000007,3.8885862979748667,3.9815745834920122,4.68820693967956,3.1902896266061087,-0.5,-4.199999999999999,6.8369111416020969,8.1484461078619326
56,1.299999999999999,-0.29999999999999893,4.5828239655956819,5.1030731509781573,2.7343552901568162,,,,
57,2.700000000000001,-0.10000000000000142,-5.199999999999999,5.3175589169638382,-3.6999999999999993,,,,
58,4.6822582071753871,0.3999999999999986,6.153729481826411,4.7995347437073415,-3.9000000000000004,,,,
59,0.9000000000000004,7.5744687395705981,6.4319074210973701,4.6833385990664906,-4.1,,,,
60,0.40000000000000036,3.12297794577279,3.4571799670133561,,,,,,
61,1.0999999999999996,-1.299999999999999,,,,,,,
62,0.3000000000000007,3.2452036878141977,,,,,,,
63,2.7316445601359822,,,,,,,,
64,-0.40000000000000036,4.3410329768188491,5.9027333323009037,-0.09999999999999964,,,,,
65,-0.8999999999999986,,,-1.1000000000000014,,,,,
66,2.5572182618038566,,,-2.799999999999999,,,,,
67,0.9000000000000004,,,-3.5999999999999996,,,,,
68,-0.20000000000000107,,,,,,,,
69,-0.1999999999999993,,,-0.5999999999999996,1.5000000000000018,,,,
70,-0.8000000000000007,0.5,3.8999999999999986,0.0,1.5,,,,
71,0.40000000000000036,-1.0999999999999996,0.6999999999999993,3.8165193898328598,-2.8000000000000007,,,,
72,0.40000000000000036,-0.6999999999999993,1.4000000000000004,3.5862845180281084,5.2887047947329453,,,,
73,,,,,,,,,
74,,,,,,,,,
75,,,,,,,,,
76,,,,,,,,,
77,,,,,,,,,
78,,,,,,,,,
79,,,,,,,,,
80,,,,,,,,,
81,,,,,,,,,
82,,,,,,,,,
83,,,,,,,,,
84,,,,,,,,,
85,,,,,,,,,
86,,,,,,,,,
87,,,,,,,,,
88,,,,,,,,,
89,,,,,,,,,
90,,,,,,,,,
91,,,,,,,,,
92,,,,,,,,,
93,,,,,,,,,
94,,,,,,,,,
95,,,,,,,,,
96,,,,,,,,,
97,,,,,,,,,
98,,,,,,,,,
