2.600000000000000089e+00
2.959999999999999964e+00
1.920000000000000373e+00
1.860000000000000098e+00
1.279999999999999805e+00
1.279999999999999805e+00
9.800000000000000933e-01
1.180000000000000160e+00
2.179999999999999716e+00
3.320000000000000284e+00
4.760000000000000675e+00
6.479999999999999538e+00
8.059999999999998721e+00
9.640000000000000568e+00
1.114000000000000057e+01
1.195999999999999908e+01
1.216000000000000014e+01
1.298000000000000043e+01
1.366000000000000014e+01
1.394000000000000128e+01
1.475999999999999979e+01
1.533999999999999986e+01
1.567999999999999794e+01
1.617999999999999972e+01
1.645999999999999730e+01
1.687999999999999901e+01
1.766000000000000014e+01
1.811999999999999744e+01
1.760000000000000142e+01
1.719999999999999574e+01
1.587999999999999901e+01
1.559999999999999964e+01
1.639999999999999858e+01
1.664000000000000057e+01
1.593999999999999773e+01
1.580000000000000071e+01
1.422000000000000242e+01
1.386000000000000298e+01
1.373999999999999844e+01
1.375999999999999979e+01
1.408000000000000185e+01
1.390000000000000036e+01
1.409999999999999964e+01
1.393999999999999773e+01
1.359999999999999964e+01
1.383999999999999986e+01
1.383999999999999986e+01
1.383999999999999986e+01
1.438000000000000078e+01
1.461999999999999922e+01
1.424000000000000021e+01
1.374000000000000021e+01
1.394000000000000128e+01
1.369999999999999929e+01
1.369999999999999929e+01
1.375999999999999979e+01
1.308000000000000185e+01
1.343999999999999773e+01
1.401999999999999957e+01
1.275999999999999979e+01
1.229999999999999893e+01
1.330000000000000249e+01
1.286666666666666714e+01
1.250000000000000000e+01
1.308000000000000185e+01
1.300000000000000000e+01
1.342500000000000071e+01
1.242499999999999893e+01
1.306666666666666821e+01
1.375000000000000000e+01
1.451999999999999957e+01
1.459999999999999964e+01
1.438000000000000078e+01
1.409999999999999964e+01
nan
nan
nan
nan
nan
nan
nan
nan
nan
nan
nan
nan
nan
nan
nan
nan
nan
nan
nan
nan
nan
nan
nan
nan
nan
