-9.999999999999995004e-02
1.199999999999999678e-01
1.799999999999999933e-01
4.000000000000000777e-02
1.999999999999999695e-02
3.999999999999999389e-02
-2.000000000000001082e-02
4.000000000000001471e-02
-3.999999999999999389e-02
-2.000000000000000736e-02
-8.000000000000001554e-02
8.000000000000001554e-02
-1.399999999999999856e-01
4.000000000000000777e-02
-1.400000000000000133e-01
9.999999999999999167e-02
-1.800000000000000488e-01
-1.200000000000000094e-01
-1.599999999999999756e-01
8.000000000000001554e-02
4.000000000000000777e-02
3.999999999999998002e-02
-8.000000000000001554e-02
5.999999999999999778e-02
-1.199999999999999400e-01
-4.000000000000003553e-02
8.000000000000001554e-02
1.799999999999999656e-01
4.000000000000003553e-02
2.600000000000000644e-01
1.999999999999999001e-02
2.600000000000000089e-01
-8.000000000000007105e-02
-2.775557561562891351e-17
-1.000000000000000056e-01
-3.999999999999998002e-02
3.200000000000000622e-01
-1.000000000000000056e-01
-1.599999999999999756e-01
-2.200000000000000011e-01
1.600000000000000033e-01
-4.000000000000000777e-02
1.599999999999999756e-01
2.599999999999999534e-01
2.600000000000000089e-01
-3.399999999999999689e-01
-2.199999999999999734e-01
-4.400000000000000577e-01
3.399999999999999689e-01
-1.799999999999999933e-01
1.200000000000000233e-01
-1.799999999999999933e-01
-1.199999999999999678e-01
-1.200000000000000233e-01
4.000000000000000083e-02
-2.200000000000000289e-01
3.400000000000000244e-01
1.600000000000000033e-01
5.599999999999999423e-01
-8.000000000000000167e-02
-1.999999999999999001e-02
-3.400000000000000244e-01
2.000000000000000111e-01
-6.000000000000001166e-02
3.200000000000000067e-01
-2.200000000000000011e-01
-2.000000000000000111e-01
-6.000000000000001166e-02
2.000000000000000042e-02
1.399999999999999856e-01
5.999999999999999778e-02
-1.600000000000000033e-01
-4.600000000000000755e-01
7.999999999999998779e-02
3.599999999999999867e-01
4.400000000000000577e-01
-1.399999999999999856e-01
-2.000000000000001776e-02
0.000000000000000000e+00
2.000000000000000042e-02
-4.000000000000000222e-01
-1.600000000000000033e-01
-2.000000000000000042e-02
4.800000000000000377e-01
1.600000000000000033e-01
1.799999999999999933e-01
-2.600000000000000089e-01
2.000000000000000042e-02
-1.799999999999999933e-01
0.000000000000000000e+00
-1.599999999999999756e-01
2.200000000000000289e-01
0.000000000000000000e+00
3.800000000000000044e-01
3.999999999999998002e-02
2.200000000000000289e-01
