5.999999999999996309e-02
-1.799999999999999656e-01
-2.000000000000000111e-01
-3.999999999999999389e-02
-5.999999999999999778e-02
-2.000000000000000736e-02
1.110223024625156602e-17
-4.000000000000000083e-02
1.999999999999999001e-02
-2.000000000000000042e-02
1.110223024625156602e-17
-2.000000000000000042e-02
-4.000000000000000777e-02
-8.000000000000000167e-02
6.000000000000001166e-02
-1.799999999999999933e-01
-3.999999999999999389e-02
-8.000000000000000167e-02
-8.000000000000000167e-02
-2.200000000000000289e-01
-2.000000000000000111e-01
-2.399999999999999911e-01
-1.400000000000000133e-01
-1.600000000000000033e-01
-2.000000000000000111e-01
-2.200000000000000289e-01
-1.000000000000000056e-01
-3.199999999999999512e-01
-2.600000000000000644e-01
-1.999999999999999695e-02
-1.399999999999999856e-01
-2.200000000000000289e-01
2.400000000000000466e-01
-1.199999999999999956e-01
4.000000000000000083e-02
1.599999999999999756e-01
-1.200000000000000233e-01
-5.999999999999999778e-02
1.199999999999999956e-01
2.000000000000000111e-01
-1.600000000000000033e-01
-3.999999999999999389e-02
-2.000000000000000042e-02
0.000000000000000000e+00
-8.000000000000000167e-02
1.399999999999999856e-01
2.599999999999999534e-01
1.800000000000000211e-01
-1.999999999999999833e-01
3.999999999999999389e-02
-2.600000000000000089e-01
1.399999999999999856e-01
-1.399999999999999856e-01
-1.399999999999999856e-01
-4.000000000000000083e-02
-2.599999999999999534e-01
-2.600000000000000089e-01
0.000000000000000000e+00
-4.799999999999999822e-01
8.000000000000000167e-02
1.600000000000000033e-01
8.000000000000000167e-02
0.000000000000000000e+00
1.400000000000000133e-01
-2.600000000000000089e-01
2.000000000000000111e-01
8.000000000000000167e-02
6.000000000000001166e-02
-2.000000000000000042e-02
-1.199999999999999956e-01
0.000000000000000000e+00
0.000000000000000000e+00
2.000000000000000042e-02
5.999999999999999778e-02
-1.600000000000000033e-01
-4.400000000000000577e-01
1.399999999999999856e-01
2.000000000000000111e-01
0.000000000000000000e+00
0.000000000000000000e+00
1.799999999999999933e-01
0.000000000000000000e+00
2.000000000000000042e-02
-2.200000000000000289e-01
-1.600000000000000033e-01
0.000000000000000000e+00
2.600000000000000089e-01
0.000000000000000000e+00
1.799999999999999933e-01
0.000000000000000000e+00
2.000000000000000042e-02
0.000000000000000000e+00
0.000000000000000000e+00
-1.399999999999999856e-01
2.200000000000000289e-01
0.000000000000000000e+00
2.399999999999999911e-01
2.600000000000000089e-01
2.200000000000000289e-01
