2.300000000000000000e+02
2.900000000000000000e+02
3.500000000000000000e+02
4.100000000000000000e+02
4.700000000000000000e+02
5.300000000000000000e+02
5.900000000000000000e+02
6.500000000000000000e+02
7.100000000000000000e+02
7.700000000000000000e+02
8.300000000000000000e+02
8.900000000000000000e+02
9.500000000000000000e+02
1.010000000000000000e+03
1.070000000000000000e+03
1.130000000000000000e+03
1.190000000000000000e+03
1.250000000000000000e+03
1.310000000000000000e+03
1.370000000000000000e+03
1.430000000000000000e+03
1.490000000000000000e+03
1.550000000000000000e+03
1.610000000000000000e+03
1.670000000000000000e+03
1.730000000000000000e+03
1.790000000000000000e+03
1.850000000000000000e+03
1.910000000000000000e+03
1.970000000000000000e+03
2.030000000000000000e+03
2.090000000000000000e+03
2.150000000000000000e+03
2.210000000000000000e+03
2.270000000000000000e+03
2.330000000000000000e+03
2.390000000000000000e+03
2.450000000000000000e+03
2.510000000000000000e+03
2.570000000000000000e+03
2.630000000000000000e+03
2.690000000000000000e+03
2.750000000000000000e+03
2.810000000000000000e+03
2.870000000000000000e+03
2.930000000000000000e+03
2.990000000000000000e+03
3.050000000000000000e+03
3.110000000000000000e+03
3.170000000000000000e+03
3.230000000000000000e+03
3.290000000000000000e+03
3.350000000000000000e+03
3.410000000000000000e+03
3.470000000000000000e+03
3.530000000000000000e+03
3.590000000000000000e+03
3.650000000000000000e+03
3.710000000000000000e+03
3.770000000000000000e+03
3.830000000000000000e+03
3.890000000000000000e+03
3.950000000000000000e+03
4.010000000000000000e+03
4.070000000000000000e+03
4.130000000000000000e+03
4.190000000000000000e+03
4.250000000000000000e+03
4.310000000000000000e+03
4.370000000000000000e+03
4.430000000000000000e+03
4.490000000000000000e+03
4.550000000000000000e+03
4.610000000000000000e+03
4.670000000000000000e+03
4.730000000000000000e+03
4.790000000000000000e+03
4.850000000000000000e+03
4.910000000000000000e+03
4.970000000000000000e+03
5.030000000000000000e+03
5.090000000000000000e+03
5.150000000000000000e+03
5.210000000000000000e+03
5.270000000000000000e+03
5.330000000000000000e+03
5.390000000000000000e+03
5.450000000000000000e+03
5.510000000000000000e+03
5.570000000000000000e+03
5.630000000000000000e+03
5.690000000000000000e+03
5.750000000000000000e+03
5.810000000000000000e+03
5.870000000000000000e+03
5.930000000000000000e+03
5.990000000000000000e+03
6.050000000000000000e+03
6.110000000000000000e+03
