WNDRAD 01.20
57793 0114.3600 027.7900 00130.0 LC
30 01.5 16.4 16.4 16.4 16.4 00.0 00.0 5 000 0232 45454 00.4 07 07 02.0 00.0 00100 02740 
0 20130629100500 20130629101000 1 024 160 0256 024  ENRWS -03.3 -03.3 -03.3 -03.3 
RAD FIRST 
00100 0000.4 0021.1 0001.1
00160 0000.5 0019.6 0001.3
00220 0000.4 0014.9 0001.1
00280 0000.4 0015.0 0001.3
00340 0000.7 0014.7 0001.1
00400 0000.5 0017.4 0001.2
00460 0000.2 0020.4 0000.8
00520 0000.2 0026.4 0000.7
00580 0000.3 0019.9 0000.8
00640 0000.3 0017.5 0000.9
00700 0000.1 0020.4 0001.0
00760 0000.2 0025.7 0000.4
00820 0000.3 0020.4 0000.1
00880 0000.2 0010.4 0000.2
00940 0000.2 0001.9 0000.2
01000 0000.2 0003.5 0000.2
01060 0000.2 0002.9 0000.2
01120 0000.1 0005.5 -000.4
01180 0000.1 0005.8 -000.1
01240 0000.2 0009.4 -000.3
01300 0000.2 0017.2 -000.4
01360 0000.3 0013.0 -001.0
01420 0000.2 0008.2 -000.9
01480 0000.3 0010.8 -001.7
01540 0000.3 0011.4 -001.8
01600 0000.2 0012.2 -001.9
01660 0000.1 0008.7 -002.4
01720 0000.1 0003.2 -002.4
01780 0000.0 0004.5 -002.3
01840 0000.1 0005.4 -002.8
01900 0000.0 0003.9 -002.3
01960 0000.1 0002.4 -002.7
02020 0000.1 0002.4 -002.7
02080 0000.1 -000.7 -002.7
02140 0000.1 0001.6 -002.7
02200 0000.1 0000.6 -002.8
02260 0000.0 0004.3 -002.5
02320 0000.1 0004.1 -002.3
02380 0000.1 0001.6 -000.7
02440 0000.0 0002.0 -001.0
02500 0000.1 0000.6 -000.6
02560 0000.1 -000.6 -000.7
02620 0000.1 0001.7 -000.7
02680 0000.1 0001.7 -000.7
02740 0000.1 0001.7 -000.7
NNNN
RAD SECOND
00100 0000.5 0020.8 0001.0
00160 0000.5 0019.9 0001.1
00220 0000.3 0018.1 0000.6
00280 0000.2 0019.3 0000.2
00340 0000.3 0018.7 -000.6
00400 0000.3 0018.7 -000.6
00460 0000.2 0022.6 -001.3
00520 0000.1 0026.7 -001.7
00580 0000.1 0023.8 -002.0
00640 0000.3 0018.2 -002.3
00700 0000.1 0023.5 -002.0
00760 0000.2 0027.6 -002.0
00820 0000.4 0016.6 -002.1
00880 0000.3 0010.0 -001.6
00940 0000.0 0004.3 -001.8
01000 0000.3 0005.4 -002.4
01060 0000.2 0005.7 -002.8
01120 0000.1 0006.4 -000.5
01180 0000.1 0006.1 -000.6
01240 0000.1 0012.8 -000.9
01300 0000.2 0014.8 -001.0
01360 0000.2 0013.9 -001.3
01420 0000.1 0013.0 -001.5
01480 0000.1 0008.2 -001.7
01540 0000.1 0010.0 -001.8
01600 0000.1 0014.0 -002.2
01660 0000.2 0011.7 -002.2
01720 0000.1 -000.8 -002.3
01780 0000.1 0001.4 -002.3
01840 0000.1 0004.4 -002.3
01900 0000.1 0009.0 -002.0
01960 0000.2 0005.4 -001.7
02020 0000.1 0003.0 -001.6
02080 0000.1 0003.0 -001.6
02140 0000.1 0001.7 -001.6
02200 0000.1 0001.5 -001.6
02260 0000.1 0004.8 -001.6
02320 0000.1 0006.2 -001.9
02380 0000.1 -000.3 -001.6
02440 0000.1 -002.6 -001.6
02500 0000.1 0002.8 -001.6
02560 0000.1 0000.1 -001.6
02620 0000.1 0001.3 -001.6
02680 0000.1 0003.2 -000.2
02740 0000.1 0003.2 -000.2
NNNN
RAD THIRD 
00100 0000.1 0021.4 -001.6
00160 0000.2 0013.1 -001.8
00220 0000.3 0017.7 -000.2
00280 0000.4 0014.5 -000.6
00340 0000.2 0018.1 -000.4
00400 0000.2 0018.8 -000.3
00460 0000.1 0020.8 -000.0
00520 0000.1 0027.0 -000.1
00580 0000.1 0016.4 -000.1
00640 0000.1 0015.2 0000.0
00700 0000.1 0016.9 -000.0
00760 0000.2 0022.5 -000.0
00820 0000.2 0022.7 -000.2
00880 0000.2 0017.9 -000.4
00940 0000.0 0001.9 0000.0
01000 0000.0 0001.1 0000.0
01060 0000.0 0003.2 0000.0
01120 0000.1 0005.8 0000.3
01180 0000.4 0014.4 0000.3
01240 0000.4 0019.1 0000.3
01300 0000.4 0015.4 0000.1
01360 0000.3 0011.1 0000.3
01420 0000.2 0014.7 0000.3
01480 0000.3 0015.4 -000.0
01540 0000.2 0007.9 -000.3
01600 0000.1 0006.2 -000.3
01660 0000.0 0002.4 0000.0
01720 0000.0 0000.1 0000.0
01780 0000.0 0003.1 0006.9
01840 0000.0 0000.0 0000.0
01900 0000.0 0001.0 0000.0
01960 0000.2 0004.1 0000.4
02020 0000.0 -011.6 0000.0
02080 0000.0 -000.7 0000.0
02140 0000.0 -000.3 -001.1
02200 0000.0 0002.3 0000.2
02260 0000.3 0007.0 0000.2
02320 0000.1 0004.4 -002.9
02380 0000.0 -003.1 0000.0
02440 0000.1 0001.7 0000.1
02500 0000.1 0003.0 -000.1
02560 0000.1 0004.9 0000.3
02620 0000.1 0003.8 -001.5
02680 0000.1 0002.7 0000.2
02740 0000.0 0000.0 0000.0
NNNN
RAD FOURTH
00100 0000.5 0020.8 -000.8
00160 0000.5 0017.9 -000.9
00220 0000.6 0016.9 -001.0
00280 0000.8 0017.6 -001.4
00340 0000.7 0018.7 -002.0
00400 0000.3 0021.2 -001.7
00460 0000.4 0019.0 -001.3
00520 0000.1 0023.7 -000.7
00580 0000.1 0022.3 -000.8
00640 0000.1 0017.6 -001.1
00700 0000.1 0020.0 -000.9
00760 0000.2 0025.8 -000.7
00820 0000.3 0024.2 -000.3
00880 0000.4 0020.4 0000.1
00940 0000.3 0007.1 0000.2
01000 0000.3 0006.4 0000.5
01060 0000.1 0008.8 0000.6
01120 0000.1 0006.6 0000.3
01180 0000.2 0009.3 0000.4
01240 0000.2 0014.4 0000.9
01300 0000.4 0015.6 0001.2
01360 0000.3 0016.1 0001.3
01420 0000.3 0015.1 0001.8
01480 0000.2 0012.7 0001.8
01540 0000.3 0012.6 0002.1
01600 0000.1 0009.1 0002.3
01660 0000.1 0008.1 0002.4
01720 0000.1 0004.5 0002.1
01780 0000.1 0007.4 0002.2
01840 0000.1 -007.8 0001.6
01900 0000.1 0000.5 0001.6
01960 0000.1 0001.3 0001.6
02020 0000.1 0000.3 0001.6
02080 0000.1 0006.7 0001.6
02140 0000.1 0006.7 0001.7
02200 0000.0 0000.4 0001.2
02260 0000.0 0005.3 0001.4
02320 0000.0 0006.3 0001.4
02380 0000.0 0006.0 0001.6
02440 0000.0 0006.1 0001.7
02500 0000.0 0004.0 0002.6
02560 0000.0 0002.3 0001.7
02620 0000.0 0001.0 0001.7
02680 0000.0 0003.0 0001.7
02740 0000.0 0003.0 0001.7
NNNN
RAD FIFTH 
00100 0000.0 0020.8 0001.6
00160 0000.0 0018.5 0001.6
00220 0000.0 0006.7 0001.6
00280 0000.3 0021.2 0001.0
00340 0000.4 0023.9 0001.1
00400 0000.4 0019.4 0001.2
00460 0000.5 0015.7 0001.4
00520 0000.1 0029.2 0001.9
00580 0000.1 0020.1 0002.2
00640 0000.1 0015.7 0002.5
00700 0000.1 0020.0 0002.3
00760 0000.1 0022.6 0002.1
00820 0000.2 0023.3 0001.8
00880 0000.2 0020.7 0001.4
00940 0000.2 0020.6 0001.1
01000 0000.3 0008.4 0001.2
01060 0000.1 0006.4 0000.3
01120 0000.2 0005.5 0000.5
01180 0000.1 0012.8 0000.4
01240 0000.3 0017.4 0000.9
01300 0000.2 0017.3 0000.8
01360 0000.3 0014.8 0000.8
01420 0000.4 0017.2 0001.2
01480 0000.4 0016.6 0001.7
01540 0000.2 0014.0 0001.8
01600 0000.1 0011.4 0001.9
01660 0000.2 0006.4 0002.0
01720 0000.1 0006.7 0002.0
01780 0000.4 0006.8 0002.0
01840 0000.1 0004.6 0002.8
01900 0000.2 0006.1 0001.7
01960 0000.0 0004.9 0001.5
02020 0000.1 0004.5 0001.6
02080 0000.0 0002.7 0001.5
02140 0000.0 0002.6 0001.5
02200 0000.0 0000.3 0001.5
02260 0000.0 0000.7 0001.5
02320 0000.0 0002.7 0001.5
02380 0000.1 0002.7 0001.6
02440 0000.1 0006.3 0001.6
02500 0000.1 0004.5 0002.0
02560 0000.1 0003.9 0001.4
02620 0000.1 -000.5 0001.9
02680 0000.1 0001.6 0001.9
02740 0000.1 0000.0 0002.0
NNNN
30 01.5 16.4 16.4 16.4 16.4 00.0 00.0 5 000 0232 20833 03.2 07 07 02.0 00.2 01060 05980 
0 20130629100500 20130629101000 1 035 060 0256 035  ENRWS -03.3 -03.3 -03.3 -03.3 
RAD FIRST 
01060 0000.2 0005.4 -000.4
01120 0000.1 0003.5 -000.2
01180 0000.1 0005.0 -000.2
01240 0000.1 0011.6 -000.2
01300 0000.2 0017.0 -000.4
01360 0000.2 0020.7 -000.7
01420 0000.3 0021.9 -000.8
01480 0000.3 0018.5 -001.2
01540 0000.3 0016.1 -001.4
01600 0000.3 0017.2 -001.5
01660 0000.3 0018.7 -001.9
01720 0000.2 0015.6 -002.4
01780 0000.1 0008.5 -002.6
01840 0000.3 0009.6 -002.7
01900 0000.2 0008.1 -002.6
01960 0000.1 0008.2 -002.4
02020 0000.1 0006.7 -002.3
02080 0000.2 0005.8 -002.1
02140 0000.1 0000.5 -002.1
02200 0000.1 -001.1 -002.1
02260 0000.1 0004.5 -002.1
02320 0000.1 0002.4 -002.1
02380 0000.1 0005.4 -002.1
02440 0000.0 0003.3 -002.2
02500 0000.1 0003.7 -002.3
02560 0000.1 0001.4 -002.6
02620 0000.1 0005.9 -002.6
02680 0000.1 0007.5 -002.8
02740 0000.1 0003.9 -003.0
02800 0000.1 0005.9 -002.5
02860 0000.1 0002.3 -002.8
02920 0000.1 -000.2 -002.8
02980 0000.1 0003.6 -002.9
03040 0000.1 0000.8 -002.9
03100 0000.1 0002.2 -002.9
03160 0000.0 0002.4 -003.1
03220 0000.0 0000.2 -003.3
03280 0000.0 -000.2 0000.0
03340 0000.0 -007.7 0000.0
03400 0000.0 -001.6 0000.0
03460 0000.0 0001.5 0000.0
03520 0000.0 0000.2 0000.0
03580 0000.0 -003.8 0000.0
03640 0000.0 0000.3 0000.0
03700 0000.1 0004.6 0000.0
03760 0000.2 0003.3 0000.0
03820 0000.0 -010.9 0000.0
03880 0000.0 -000.4 0000.0
03940 0000.0 -000.1 0000.0
04000 0000.0 0002.6 0000.0
04060 0000.4 0003.5 -000.4
04120 0000.0 -001.1 0000.0
04180 0000.0 0002.4 0000.0
04240 0000.0 0004.8 -002.0
04300 0000.0 0001.6 0000.0
04360 0000.1 0004.1 -002.6
04420 0000.1 0008.5 -002.6
04480 0000.4 0009.3 -002.6
04540 0000.1 0007.5 -003.1
04600 0000.1 0005.3 -003.0
04660 0000.0 -008.3 0000.0
04720 0000.0 0000.4 0000.0
04780 0000.0 -001.1 0000.0
04840 0000.0 0000.2 0000.0
04900 0000.0 0001.3 0000.0
04960 0000.0 -001.4 0000.0
05020 0000.0 0000.6 0000.0
05080 0000.0 0000.3 0000.0
05140 0000.0 0002.2 0000.0
05200 0000.0 -000.8 0000.0
05260 0000.0 0000.1 0000.0
05320 0000.0 -001.0 0000.0
05380 0000.0 0000.9 0000.0
05440 0000.0 -000.5 0000.0
05500 0000.2 0002.2 -001.4
05560 0000.0 0000.2 0000.0
05620 0000.1 0003.6 0000.0
05680 0000.0 0000.0 0000.0
05740 0000.0 -000.0 0000.0
05800 0000.0 -001.0 0000.0
05860 0000.0 0000.5 -003.1
05920 0000.0 0002.4 0000.0
05980 0000.0 0000.1 0000.0
NNNN
RAD SECOND
01060 0000.1 0008.7 -000.9
01120 0000.1 0009.8 -000.4
01180 0000.3 0009.4 -000.2
01240 0000.2 0013.8 -000.8
01300 0000.2 0022.1 -000.8
01360 0000.2 0022.3 -001.1
01420 0000.2 0020.9 -001.4
01480 0000.3 0018.1 -001.5
01540 0000.2 0017.4 -001.7
01600 0000.3 0016.5 -001.9
01660 0000.1 0018.9 -002.2
01720 0000.2 0017.1 -002.4
01780 0000.2 0010.8 -002.2
01840 0000.1 0012.6 -001.9
01900 0000.1 0011.8 -001.9
01960 0000.1 0013.3 -001.9
02020 0000.1 0007.4 -001.8
02080 0000.1 0008.7 -001.9
02140 0000.4 0005.1 -001.4
02200 0000.1 0004.9 -001.7
02260 0000.0 0005.0 -001.9
02320 0000.1 0010.8 -001.9
02380 0000.1 0011.1 -002.0
02440 0000.1 0006.2 -002.1
02500 0000.1 0001.1 -001.3
02560 0000.1 -000.3 -001.3
02620 0000.1 0005.6 -001.4
02680 0000.1 0007.0 -001.6
02740 0000.1 0003.3 -001.4
02800 0000.1 0003.3 -001.5
02860 0000.0 0005.7 -001.4
02920 0000.1 0001.2 -000.9
02980 0000.1 -005.0 -001.0
03040 0000.1 0002.3 -001.0
03100 0000.1 0000.3 -001.0
03160 0000.1 0001.5 -001.0
03220 0000.1 0000.7 -001.1
03280 0000.0 0006.5 -001.3
03340 0000.1 0001.3 -001.3
03400 0000.1 0001.3 -001.3
03460 0000.0 -001.0 -000.2
03520 0000.1 0000.9 -001.2
03580 0000.1 0000.1 -001.2
03640 0000.1 -006.9 -001.3
03700 0000.1 -000.2 -001.3
03760 0000.1 0000.2 -001.3
03820 0000.0 0002.9 0000.0
03880 0000.0 0000.2 0000.0
03940 0000.0 0000.6 0000.0
04000 0000.0 0001.5 0000.0
04060 0000.0 -000.1 0000.0
04120 0000.0 0001.1 0000.0
04180 0000.0 0001.0 0000.0
04240 0000.0 0000.4 0000.0
04300 0000.3 0008.2 -002.3
04360 0000.2 0011.1 -002.2
04420 0000.1 0006.5 -001.9
04480 0000.2 0004.7 -001.5
04540 0000.0 0002.8 -001.8
04600 0000.0 0001.2 -001.9
04660 0000.0 0001.0 -001.7
04720 0000.0 0000.0 -001.6
04780 0000.1 -000.5 -001.5
04840 0000.0 -008.4 0000.0
04900 0000.0 -000.8 0000.0
04960 0000.0 0000.7 0000.0
05020 0000.0 -000.8 -001.5
05080 0000.0 0002.5 0000.0
05140 0000.0 0002.8 0000.0
05200 0000.0 -000.4 0000.0
05260 0000.0 -001.4 -000.8
05320 0000.0 0000.4 0000.0
05380 0000.0 0002.9 -000.2
05440 0000.0 0000.6 0000.0
05500 0000.0 0000.5 -000.7
05560 0000.0 -001.1 0000.0
05620 0000.0 -000.8 0000.0
05680 0000.0 0002.3 0000.0
05740 0000.0 -006.1 -001.1
05800 0000.0 0001.1 0000.0
05860 0000.0 0000.3 0000.0
05920 0000.0 -011.3 0000.0
05980 0000.0 0002.8 0000.0
NNNN
RAD THIRD 
01060 0000.1 0005.7 0000.1
01120 0000.1 0004.9 0000.2
01180 0000.2 0008.9 -000.2
01240 0000.2 0016.8 -000.2
01300 0000.2 0024.5 0000.0
01360 0000.3 0021.7 -000.0
01420 0000.2 0018.6 -000.1
01480 0000.2 0019.8 0000.2
01540 0000.2 0022.5 0000.1
01600 0000.3 0017.1 -000.0
01660 0000.3 0012.0 -000.2
01720 0000.2 0004.7 -000.2
01780 0000.3 0005.0 0000.0
01840 0000.3 0005.8 -000.2
01900 0000.2 0009.8 -000.1
01960 0000.1 0010.3 -000.1
02020 0000.1 0004.3 0000.3
02080 0000.0 0001.4 0000.7
02140 0000.3 0005.2 0000.5
02200 0000.1 0008.0 0000.1
02260 0000.1 0005.3 -000.1
02320 0000.1 0010.3 -000.0
02380 0000.2 0007.0 -000.2
02440 0000.1 0004.5 -000.1
02500 0000.1 0003.1 -000.3
02560 0000.1 0006.6 -000.1
02620 0000.5 0005.1 0000.3
02680 0000.0 -015.2 0000.0
02740 0000.1 0001.5 -000.1
02800 0000.2 0005.0 0000.0
02860 0000.0 0000.0 0000.0
02920 0000.0 0003.0 0000.0
02980 0000.0 0000.1 0000.0
03040 0000.1 0000.4 0000.9
03100 0000.3 0004.2 0000.1
03160 0000.1 0000.9 0000.0
03220 0000.1 0000.7 -000.3
03280 0000.0 -008.4 0000.0
03340 0000.0 0002.9 0000.0
03400 0000.0 0001.6 0000.0
03460 0000.1 0001.3 -000.2
03520 0000.1 0004.3 -000.0
03580 0000.0 -009.2 0000.0
03640 0000.1 0001.4 -000.3
03700 0000.0 -001.0 0000.1
03760 0000.0 -005.4 0000.0
03820 0000.0 0000.0 0000.0
03880 0000.0 -006.3 0000.0
03940 0000.0 -005.4 0000.0
04000 0000.1 0003.5 -000.1
04060 0000.1 0004.3 -000.3
04120 0000.1 0004.3 -000.1
04180 0000.2 0008.3 0000.3
04240 0000.3 0011.2 0000.2
04300 0000.1 0003.8 0000.1
04360 0000.0 -002.2 0000.0
04420 0000.0 -001.8 0000.0
04480 0000.0 -000.3 0000.0
04540 0000.0 -011.0 0000.0
04600 0000.0 -008.5 0000.0
04660 0000.1 0003.0 0000.2
04720 0000.0 -004.4 0000.0
04780 0000.0 -007.0 0000.0
04840 0000.0 0000.0 0000.0
04900 0000.1 0002.0 0000.1
04960 0000.0 -007.1 0000.0
05020 0000.0 -013.7 0000.0
05080 0000.0 -009.8 0000.0
05140 0000.1 0002.5 -000.1
05200 0000.0 0000.2 0000.0
05260 0000.0 -000.7 0000.0
05320 0000.0 -001.3 0000.0
05380 0000.1 0001.5 0000.1
05440 0000.0 -006.3 0000.0
05500 0000.0 0000.0 0000.0
05560 0000.0 0000.0 0000.0
05620 0000.0 -004.9 0000.0
05680 0000.1 -000.3 -000.1
05740 0000.0 -010.6 0000.0
05800 0000.0 -000.2 0000.0
05860 0000.0 0031.2 0000.0
05920 0000.0 0000.0 0000.0
05980 0000.0 0000.7 0000.1
NNNN
RAD FOURTH
01060 0000.2 0009.3 0000.4
01120 0000.1 0010.6 0000.7
01180 0000.1 0014.7 0000.5
01240 0000.3 0020.3 0000.4
01300 0000.3 0020.8 0000.7
01360 0000.2 0022.3 0001.1
01420 0000.2 0020.9 0001.5
01480 0000.2 0021.7 0001.7
01540 0000.3 0020.7 0002.0
01600 0000.2 0017.7 0002.3
01660 0000.2 0014.7 0002.6
01720 0000.1 0015.2 0002.7
01780 0000.1 0013.7 0002.5
01840 0000.1 0010.1 0002.4
01900 0000.1 0008.1 0002.3
01960 0000.1 0009.7 0002.2
02020 0000.1 0013.4 0002.4
02080 0000.1 0009.9 0002.1
02140 0000.3 0006.7 0002.1
02200 0000.1 0003.7 0002.1
02260 0000.1 0007.8 0001.8
02320 0000.0 0010.9 0001.8
02380 0000.1 0012.1 0001.7
02440 0000.0 0012.7 0001.8
02500 0000.1 0008.4 0002.0
02560 0000.0 0003.0 0001.8
02620 0000.0 0006.0 0002.0
02680 0000.0 0006.3 0002.0
02740 0000.1 0005.7 0002.0
02800 0000.0 0003.8 0002.3
02860 0000.1 -001.3 0001.9
02920 0000.1 -002.1 0001.9
02980 0000.1 0002.4 0001.9
03040 0000.1 0002.4 0001.9
03100 0000.1 0003.4 0002.0
03160 0000.0 -001.1 0000.0
03220 0000.0 0000.7 0000.0
03280 0000.0 0002.3 0000.0
03340 0000.0 0000.4 0000.0
03400 0000.0 0000.6 0000.0
03460 0000.0 -000.9 0000.0
03520 0000.2 0003.9 0000.0
03580 0000.0 -000.6 0000.0
03640 0000.0 -000.5 0000.0
03700 0000.0 0002.4 0000.0
03760 0000.0 0004.4 0002.1
03820 0000.0 0002.8 0001.6
03880 0000.2 0001.9 -000.1
03940 0000.1 0003.1 0001.9
04000 0000.0 0000.0 0000.0
04060 0000.0 -000.7 0000.0
04120 0000.0 -001.2 0000.0
04180 0000.0 0002.4 0000.0
04240 0000.1 0006.0 0001.9
04300 0000.1 0003.7 0002.1
04360 0000.1 0003.4 0002.2
04420 0000.1 0003.4 0002.5
04480 0000.0 0001.5 0000.0
04540 0000.0 0001.7 0002.2
04600 0000.0 0000.1 0000.5
04660 0000.0 0001.3 0000.0
04720 0000.0 -000.3 0000.0
04780 0000.3 0002.7 0000.0
04840 0000.0 -000.4 0000.0
04900 0000.0 0000.2 0000.0
04960 0000.0 -002.8 0000.0
05020 0000.0 -000.6 0000.0
05080 0000.0 0001.9 0000.0
05140 0000.1 0000.4 0000.0
05200 0000.0 -001.2 0000.0
05260 0000.0 0000.4 0000.0
05320 0000.0 0001.2 0000.0
05380 0000.0 0000.5 0000.0
05440 0000.0 -000.6 0000.0
05500 0000.0 0000.5 0000.0
05560 0000.0 0001.0 0000.0
05620 0000.0 0000.4 0000.0
05680 0000.0 -000.0 0000.0
05740 0000.0 -000.6 0000.0
05800 0000.0 -006.7 0000.0
05860 0000.0 0000.7 0000.0
05920 0000.0 -000.1 0000.0
05980 0000.0 -001.4 0000.0
NNNN
RAD FIFTH 
01060 0000.2 0012.7 0000.7
01120 0000.1 0014.6 0000.5
01180 0000.2 0014.9 0000.5
01240 0000.2 0025.2 0000.6
01300 0000.3 0023.9 0000.8
01360 0000.2 0022.0 0000.9
01420 0000.3 0021.7 0001.1
01480 0000.2 0022.8 0001.2
01540 0000.3 0019.2 0001.5
01600 0000.3 0018.9 0001.9
01660 0000.2 0019.9 0001.9
01720 0000.2 0015.7 0002.0
01780 0000.1 0012.2 0002.0
01840 0000.2 0011.9 0001.8
01900 0000.1 0013.0 0001.6
01960 0000.2 0010.8 0001.3
02020 0000.2 0009.6 0001.3
02080 0000.1 0013.4 0001.2
02140 0000.3 0009.8 0001.5
02200 0000.2 0005.1 0001.2
02260 0000.1 0000.5 0001.4
02320 0000.1 0003.9 0001.2
02380 0000.1 0005.3 0001.2
02440 0000.1 0012.2 0001.4
02500 0000.1 0012.5 0001.5
02560 0000.2 0006.2 0001.5
02620 0000.1 0004.8 0001.1
02680 0000.2 0005.7 0000.7
02740 0000.2 0006.9 0000.7
02800 0000.2 0005.1 0000.7
02860 0000.3 0004.7 0000.7
02920 0000.0 -000.3 0001.2
02980 0000.1 0000.9 0001.1
03040 0000.0 0001.3 0001.1
03100 0000.0 0000.9 0001.3
03160 0000.0 -000.3 0001.0
03220 0000.0 0000.6 0001.1
03280 0000.0 0002.2 0001.1
03340 0000.0 0002.1 0001.1
03400 0000.0 0001.1 0001.1
03460 0000.0 0000.3 0000.8
03520 0000.0 0002.1 0001.3
03580 0000.0 -000.9 0002.0
03640 0000.0 -000.9 0002.6
03700 0000.0 -000.9 0000.6
03760 0000.0 0001.4 0001.0
03820 0000.0 0000.6 -000.2
03880 0000.0 -001.3 -001.7
03940 0000.0 0002.9 -000.3
04000 0000.0 -001.1 -000.0
04060 0000.1 0005.5 0001.5
04120 0000.1 0006.7 0001.8
04180 0000.2 0005.7 0001.7
04240 0000.1 0005.6 0001.7
04300 0000.1 0009.1 0001.6
04360 0000.2 0009.1 0001.6
04420 0000.3 0007.1 0001.3
04480 0000.3 0008.9 0001.3
04540 0000.2 0005.0 0000.9
04600 0000.0 -013.1 0001.4
04660 0000.0 -000.4 0001.5
04720 0000.0 -000.6 0001.3
04780 0000.0 -001.1 0000.6
04840 0000.0 0002.1 0000.5
04900 0000.0 -000.2 0000.2
04960 0000.0 0002.8 0000.0
05020 0000.0 -000.7 0000.0
05080 0000.1 0002.1 0000.0
05140 0000.0 -003.6 -001.2
05200 0000.0 0000.0 0000.0
05260 0000.0 -001.0 0000.0
05320 0000.0 0000.1 0000.0
05380 0000.0 -001.0 0000.0
05440 0000.0 0002.0 0000.0
05500 0000.0 -001.0 0000.0
05560 0000.0 0001.1 -000.6
05620 0000.0 0002.2 -000.6
05680 0000.0 -002.2 -001.1
05740 0000.3 0004.4 0000.2
05800 0000.0 -000.6 -001.4
05860 0000.0 0001.0 -002.5
05920 0000.0 0000.0 0000.0
05980 0000.0 0002.0 0000.0
NNNN
