WNDRAD 01.20
57793 0114.3600 027.7900 00130.0 LC
30 01.5 16.4 16.4 16.4 16.4 00.0 00.0 5 000 0232 45454 00.4 07 07 02.0 00.0 00100 02740 
0 20130628031000 20130628031500 1 024 160 0256 024  ENRWS -03.3 -03.3 -03.3 -03.3 
RAD FIRST 
00100 0000.7 0055.8 0006.8
00160 0000.8 0060.9 0006.7
00220 0000.6 0057.3 0007.1
00280 0000.5 0058.4 0007.0
00340 0000.7 0060.2 0006.7
00400 0000.7 0060.8 0006.5
00460 0000.7 0059.8 0006.4
00520 0000.6 0060.3 0006.5
00580 0000.7 0060.3 0006.7
00640 0000.6 0060.1 0006.7
00700 0000.7 0060.6 0006.7
00760 0000.8 0060.9 0006.4
00820 0000.8 0060.2 0006.0
00880 0000.8 0058.3 0005.7
00940 0000.8 0058.4 0005.6
01000 0000.8 0058.2 0005.3
01060 0001.1 0058.8 0005.1
01120 0001.1 0057.0 0005.4
01180 0001.1 0054.8 0004.8
01240 0001.0 0056.9 0004.6
01300 0000.8 0054.8 0004.4
01360 0000.9 0054.4 0004.2
01420 0000.9 0055.4 0004.1
01480 0000.7 0054.7 0004.2
01540 0000.8 0053.1 0004.1
01600 0000.9 0053.0 0003.8
01660 0000.8 0050.4 0003.8
01720 0000.6 0050.4 0003.9
01780 0000.6 0046.0 0003.7
01840 0000.9 0048.8 0003.3
01900 0001.1 0044.7 0002.9
01960 0000.4 0050.5 0003.6
02020 0000.5 0046.8 0003.4
02080 0001.1 0047.7 0002.0
02140 0001.1 0042.6 0002.1
02200 0001.2 0042.5 0002.3
02260 0001.2 0046.0 0002.8
02320 0001.2 0040.9 0002.6
02380 0000.6 0041.6 0002.9
02440 0000.9 0042.5 0003.7
02500 0000.9 0043.1 0003.9
02560 0000.8 0042.7 0004.3
02620 0000.8 0046.2 0004.4
02680 0000.4 0045.7 0005.3
02740 0000.5 0045.7 0005.3
NNNN
RAD SECOND
00100 0000.5 0057.3 0008.8
00160 0000.5 0061.3 0008.9
00220 0000.6 0062.1 0008.9
00280 0000.6 0061.9 0008.8
00340 0000.6 0061.9 0008.7
00400 0000.7 0062.3 0008.6
00460 0000.7 0062.3 0008.2
00520 0000.6 0058.5 0007.9
00580 0000.7 0058.9 0007.3
00640 0000.9 0062.9 0006.6
00700 0000.8 0064.3 0006.4
00760 0000.7 0059.0 0005.7
00820 0000.8 0058.1 0004.7
00880 0000.8 0057.0 0004.5
00940 0000.9 0056.7 0004.4
01000 0000.7 0054.3 0004.6
01060 0001.0 0053.4 0004.3
01120 0000.8 0052.6 0004.6
01180 0000.8 0054.2 0005.2
01240 0000.9 0052.4 0005.3
01300 0001.0 0052.9 0005.2
01360 0001.1 0056.8 0005.5
01420 0000.9 0052.6 0005.9
01480 0000.4 0052.2 0006.4
01540 0001.0 0054.4 0005.6
01600 0001.1 0051.5 0005.4
01660 0000.5 0050.8 0006.5
01720 0001.2 0050.8 0006.3
01780 0001.1 0054.6 0006.4
01840 0001.1 0053.0 0006.2
01900 0001.1 0055.9 0005.9
01960 0000.5 0056.3 0006.0
02020 0000.5 0054.2 0006.4
02080 0000.4 0056.0 0006.2
02140 0000.5 0053.4 0005.7
02200 0000.9 0049.3 0004.9
02260 0001.0 0052.8 0004.7
02320 0000.4 0053.5 0006.3
02380 0001.1 0050.2 0004.9
02440 0001.1 0050.2 0004.6
02500 0001.0 0051.4 0004.6
02560 0001.0 0054.4 0004.5
02620 0001.0 0051.8 0004.4
02680 0001.1 0052.7 0004.5
02740 0001.1 0052.7 0004.6
NNNN
RAD THIRD 
00100 0000.7 0056.1 0007.7
00160 0000.6 0061.1 0007.7
00220 0000.6 0064.1 0007.8
00280 0000.8 0061.6 0007.7
00340 0000.8 0060.4 0008.0
00400 0000.6 0064.1 0008.4
00460 0000.7 0062.7 0008.1
00520 0000.8 0062.1 0007.9
00580 0000.9 0062.3 0008.3
00640 0000.7 0062.3 0008.2
00700 0001.0 0062.5 0008.2
00760 0000.7 0060.5 0008.3
00820 0000.8 0061.9 0008.2
00880 0000.9 0061.6 0007.6
00940 0000.8 0059.0 0007.6
01000 0000.8 0060.5 0007.5
01060 0000.9 0055.9 0007.5
01120 0000.8 0059.2 0007.9
01180 0000.8 0060.1 0007.8
01240 0000.8 0054.2 0008.0
01300 0000.9 0053.8 0008.0
01360 0000.9 0056.6 0007.8
01420 0001.1 0051.2 0008.1
01480 0001.0 0051.9 0007.7
01540 0000.3 0050.7 0005.9
01600 0001.0 0052.0 0007.1
01660 0001.1 0050.8 0006.7
01720 0001.1 0053.3 0006.2
01780 0001.1 0050.6 0006.1
01840 0000.5 0050.7 0007.0
01900 0001.1 0051.8 0005.1
01960 0001.0 0054.8 0006.0
02020 0000.7 0052.8 0005.8
02080 0000.8 0054.9 0006.1
02140 0000.9 0054.1 0005.8
02200 0000.9 0053.0 0005.4
02260 0000.9 0049.7 0005.3
02320 0001.0 0049.9 0005.1
02380 0001.0 0049.1 0005.1
02440 0001.0 0049.8 0005.0
02500 0001.0 0052.5 0005.1
02560 0000.9 0048.6 0005.3
02620 0001.1 0048.0 0005.1
02680 0001.0 0048.2 0005.4
02740 0000.0 0000.0 0000.0
NNNN
RAD FOURTH
00100 0000.4 0062.3 0007.8
00160 0000.5 0064.1 0008.7
00220 0000.5 0061.8 0008.3
00280 0000.5 0063.6 0008.3
00340 0000.6 0062.4 0008.4
00400 0000.7 0063.2 0008.5
00460 0000.5 0063.9 0008.8
00520 0000.6 0061.6 0009.0
00580 0000.7 0061.3 0008.5
00640 0000.8 0060.1 0007.1
00700 0000.6 0054.3 0005.7
00760 0000.9 0051.6 0004.9
00820 0000.4 0044.4 0005.6
00880 0000.8 0043.0 0006.6
00940 0000.5 0041.6 0007.0
01000 0000.5 0046.3 0007.0
01060 0000.6 0039.0 0007.4
01120 0000.5 0035.2 0007.5
01180 0000.5 0033.3 0007.3
01240 0000.6 0032.0 0007.5
01300 0000.8 0029.6 0007.8
01360 0000.9 0033.1 0008.0
01420 0000.5 0030.2 0008.6
01480 0000.6 0030.2 0008.4
01540 0000.4 0025.1 0008.1
01600 0000.5 0029.1 0007.5
01660 0000.4 0028.6 0007.2
01720 0000.6 0029.5 0007.0
01780 0000.6 0030.4 0006.7
01840 0000.7 0030.5 0006.5
01900 0000.3 0029.8 0007.8
01960 0000.8 0029.8 0006.4
02020 0000.7 0028.8 0006.3
02080 0000.7 0028.5 0006.4
02140 0000.8 0027.5 0006.5
02200 0000.7 0027.3 0006.3
02260 0000.7 0026.0 0006.3
02320 0000.7 0026.1 0006.3
02380 0000.6 0025.0 0006.1
02440 0000.7 0024.3 0006.1
02500 0000.6 0022.4 0006.0
02560 0000.6 0021.5 0005.9
02620 0000.6 0020.4 0005.7
02680 0000.6 0019.5 0005.6
02740 0000.6 0019.5 0005.6
NNNN
RAD FIFTH 
00100 0000.1 0054.0 0005.2
00160 0000.2 0052.5 0005.7
00220 0000.5 0059.1 0004.9
00280 0000.7 0057.1 0004.7
00340 0000.6 0058.8 0004.4
00400 0000.5 0056.1 0004.1
00460 0000.5 0055.3 0003.8
00520 0000.8 0045.4 0003.5
00580 0000.7 0042.5 0002.4
00640 0000.8 0041.4 0002.3
00700 0000.7 0040.7 0002.7
00760 0000.8 0039.5 0002.4
00820 0001.2 0035.7 0003.9
00880 0001.0 0035.1 0003.6
00940 0000.9 0033.3 0002.7
01000 0001.0 0030.7 0004.0
01060 0000.8 0030.4 0004.0
01120 0000.9 0029.7 0004.1
01180 0000.9 0029.4 0004.3
01240 0000.6 0029.1 0004.3
01300 0000.6 0028.1 0004.5
01360 0000.6 0028.4 0004.8
01420 0000.6 0028.3 0004.9
01480 0000.5 0028.7 0004.9
01540 0000.6 0028.9 0005.0
01600 0000.8 0028.4 0005.3
01660 0000.7 0028.7 0005.3
01720 0000.6 0028.4 0005.2
01780 0000.7 0027.5 0005.2
01840 0000.6 0027.9 0005.2
01900 0000.5 0027.4 0005.3
01960 0000.5 0027.4 0005.4
02020 0000.4 0026.8 0005.3
02080 0000.6 0027.2 0005.2
02140 0000.6 0028.7 0005.3
02200 0000.8 0028.2 0005.1
02260 0000.9 0028.0 0005.0
02320 0000.8 0027.7 0004.9
02380 0001.0 0026.6 0004.5
02440 0001.0 0026.2 0004.6
02500 0000.9 0025.4 0004.5
02560 0000.8 0024.8 0004.5
02620 0000.7 0024.2 0004.7
02680 0000.6 0023.5 0004.9
02740 0000.6 0023.5 0004.9
NNNN
30 01.5 16.4 16.4 16.4 16.4 00.0 00.0 5 000 0232 20833 03.2 07 07 02.0 00.2 01060 05980 
0 20130628031000 20130628031500 1 035 060 0256 035  ENRWS -03.3 -03.3 -03.3 -03.3 
RAD FIRST 
01060 0000.6 0056.9 0005.3
01120 0000.7 0057.5 0005.0
01180 0000.8 0057.3 0004.8
01240 0001.0 0055.7 0004.6
01300 0000.5 0055.0 0004.7
01360 0001.3 0056.2 0003.6
01420 0001.3 0054.2 0003.0
01480 0000.7 0053.5 0003.7
01540 0000.6 0050.9 0004.0
01600 0001.2 0053.0 0002.9
01660 0001.2 0051.1 0002.8
01720 0001.2 0052.2 0002.6
01780 0001.1 0047.9 0002.5
01840 0001.2 0046.8 0002.3
01900 0001.0 0048.4 0002.6
01960 0000.9 0045.6 0002.6
02020 0000.9 0046.1 0002.4
02080 0000.8 0048.0 0002.3
02140 0000.7 0049.5 0002.3
02200 0000.8 0051.2 0002.2
02260 0001.0 0049.6 0002.5
02320 0000.6 0051.0 0002.7
02380 0000.6 0051.4 0003.2
02440 0001.3 0051.3 0002.9
02500 0000.7 0051.8 0004.6
02560 0000.7 0054.9 0004.8
02620 0000.7 0053.5 0005.4
02680 0001.1 0054.1 0005.3
02740 0001.0 0053.4 0005.6
02800 0001.0 0053.1 0005.0
02860 0000.8 0049.9 0004.9
02920 0000.9 0046.2 0004.3
02980 0001.2 0045.7 0002.9
03040 0001.2 0044.2 0002.4
03100 0001.1 0043.3 0002.5
03160 0001.1 0045.8 0002.2
03220 0001.0 0040.5 0002.1
03280 0001.0 0040.8 0001.9
03340 0000.9 0039.8 0002.4
03400 0000.9 0040.0 0002.1
03460 0001.3 0040.1 0001.8
03520 0001.5 0040.7 0001.1
03580 0001.2 0039.9 0002.1
03640 0001.4 0041.6 0002.2
03700 0001.3 0041.0 0002.8
03760 0001.3 0040.9 0002.8
03820 0001.0 0039.1 0004.3
03880 0000.9 0039.5 0004.5
03940 0000.9 0039.0 0004.8
04000 0000.8 0038.8 0005.0
04060 0001.3 0040.0 0004.4
04120 0000.9 0038.7 0004.6
04180 0001.0 0037.8 0004.5
04240 0001.2 0041.1 0004.3
04300 0001.4 0038.7 0004.1
04360 0001.3 0038.9 0004.7
04420 0001.0 0038.4 0005.1
04480 0001.0 0038.7 0005.1
04540 0001.3 0039.3 0004.9
04600 0001.2 0039.3 0005.0
04660 0001.3 0039.6 0004.9
04720 0001.0 0039.1 0005.4
04780 0001.3 0034.6 0005.0
04840 0001.4 0035.3 0004.8
04900 0001.2 0034.4 0004.9
04960 0001.5 0034.8 0004.6
05020 0001.6 0034.4 0004.1
05080 0001.6 0034.3 0003.9
05140 0001.4 0033.3 0004.1
05200 0001.7 0033.6 0002.6
05260 0001.5 0032.8 0003.1
05320 0001.6 0032.7 0002.5
05380 0001.5 0031.1 0002.6
05440 0001.4 0031.8 0000.3
05500 0001.6 0032.7 -001.7
05560 0001.4 0031.9 -002.7
05620 0001.5 0032.2 -002.5
05680 0001.5 0033.0 -002.1
05740 0001.5 0032.2 -002.3
05800 0001.3 0032.0 -003.2
05860 0001.4 0032.6 -002.4
05920 0001.4 0032.6 -002.3
05980 0001.5 0031.8 -002.4
NNNN
RAD SECOND
01060 0000.6 0055.8 0005.2
01120 0000.8 0057.2 0005.3
01180 0001.1 0058.1 0005.9
01240 0001.0 0058.8 0006.1
01300 0001.0 0056.7 0005.9
01360 0001.1 0056.7 0005.9
01420 0001.1 0058.4 0006.3
01480 0000.5 0058.1 0008.1
01540 0001.0 0057.7 0006.6
01600 0001.1 0059.5 0007.2
01660 0001.1 0059.5 0007.2
01720 0001.1 0058.8 0006.6
01780 0001.4 0058.7 0006.6
01840 0001.3 0058.7 0006.2
01900 0001.2 0058.4 0006.3
01960 0001.2 0059.4 0006.3
02020 0001.1 0059.8 0005.7
02080 0000.9 0057.2 0005.6
02140 0000.9 0058.0 0005.6
02200 0000.9 0056.9 0005.5
02260 0000.9 0055.9 0005.4
02320 0000.5 0057.0 0006.1
02380 0001.2 0055.3 0004.8
02440 0001.1 0057.8 0004.8
02500 0000.8 0053.3 0005.0
02560 0001.0 0052.6 0004.5
02620 0001.0 0052.1 0002.6
02680 0000.7 0051.9 0003.8
02740 0000.8 0049.7 0004.8
02800 0000.7 0048.3 0005.0
02860 0000.7 0047.8 0005.3
02920 0001.5 0046.5 0002.9
02980 0001.5 0048.8 0002.6
03040 0001.6 0044.3 0002.4
03100 0001.4 0044.1 0002.8
03160 0001.4 0045.7 0002.3
03220 0000.7 0044.3 0004.9
03280 0000.7 0046.7 0005.0
03340 0000.6 0038.3 0005.4
03400 0001.5 0042.8 0002.4
03460 0001.3 0042.9 0002.4
03520 0001.5 0043.4 0002.0
03580 0001.4 0043.9 0002.1
03640 0001.6 0044.1 0003.3
03700 0001.0 0043.2 0004.8
03760 0001.0 0044.3 0004.4
03820 0001.3 0044.3 0004.1
03880 0001.4 0043.4 0003.7
03940 0001.4 0042.8 0003.4
04000 0001.4 0042.1 0004.9
04060 0001.1 0041.8 0005.4
04120 0001.4 0041.4 0004.9
04180 0001.1 0041.4 0004.9
04240 0001.1 0043.9 0004.5
04300 0000.9 0041.4 0004.7
04360 0001.2 0041.5 0004.5
04420 0001.5 0044.1 0003.6
04480 0001.5 0043.1 0003.7
04540 0001.5 0043.2 0002.7
04600 0001.4 0042.8 0002.7
04660 0001.1 0043.0 0002.8
04720 0001.1 0041.9 0002.4
04780 0001.3 0037.1 0002.8
04840 0001.2 0036.5 0002.6
04900 0001.0 0035.8 0002.5
04960 0001.3 0034.3 0000.0
05020 0001.6 0034.6 -000.6
05080 0001.4 0033.8 -002.3
05140 0001.5 0034.5 -002.4
05200 0001.6 0034.7 -002.3
05260 0001.4 0035.0 -002.6
05320 0001.4 0034.9 -002.8
05380 0001.5 0034.9 -002.7
05440 0001.5 0035.2 -002.1
05500 0001.4 0034.6 -002.8
05560 0001.4 0034.2 -002.7
05620 0001.5 0034.3 -002.5
05680 0001.4 0034.0 -002.4
05740 0001.3 0033.9 -002.6
05800 0001.4 0033.5 -002.5
05860 0001.5 0033.5 -002.4
05920 0001.4 0124.0 -003.0
05980 0001.5 0032.7 -002.7
NNNN
RAD THIRD 
01060 0000.8 0062.1 0007.2
01120 0000.8 0063.8 0007.8
01180 0001.0 0064.1 0008.6
01240 0000.9 0063.9 0008.9
01300 0000.8 0062.8 0009.1
01360 0000.8 0064.7 0009.1
01420 0000.9 0064.5 0009.3
01480 0001.0 0064.4 0009.3
01540 0001.0 0064.3 0009.0
01600 0001.0 0063.5 0008.3
01660 0001.2 0062.4 0007.6
01720 0001.1 0061.5 0007.2
01780 0001.2 0061.9 0007.2
01840 0001.3 0062.9 0007.4
01900 0001.1 0062.5 0007.4
01960 0001.1 0062.6 0007.8
02020 0001.2 0062.5 0008.0
02080 0001.1 0063.3 0008.4
02140 0001.0 0061.3 0008.3
02200 0001.0 0061.3 0008.0
02260 0000.9 0060.3 0007.8
02320 0001.0 0059.9 0007.5
02380 0001.1 0059.8 0007.4
02440 0001.2 0059.3 0007.3
02500 0001.2 0059.3 0007.5
02560 0001.2 0058.9 0007.5
02620 0001.2 0057.9 0007.4
02680 0001.1 0057.3 0007.3
02740 0001.0 0057.1 0007.1
02800 0001.1 0056.1 0006.8
02860 0001.0 0056.4 0006.5
02920 0001.2 0055.3 0006.6
02980 0001.2 0055.3 0006.2
03040 0001.0 0055.8 0006.7
03100 0001.2 0056.2 0006.7
03160 0000.5 0051.8 0005.1
03220 0001.3 0056.2 0006.4
03280 0001.3 0054.3 0006.1
03340 0001.1 0054.2 0005.8
03400 0001.1 0052.8 0005.3
03460 0001.2 0052.5 0005.1
03520 0001.2 0053.5 0004.9
03580 0000.9 0049.8 0005.2
03640 0001.2 0050.8 0004.4
03700 0001.4 0051.2 0003.4
03760 0001.3 0047.6 0002.8
03820 0001.3 0046.6 0002.5
03880 0001.2 0046.6 0002.4
03940 0001.1 0046.2 0002.4
04000 0001.1 0044.8 0002.0
04060 0000.9 0042.8 0001.9
04120 0001.4 0042.6 0001.0
04180 0001.3 0041.3 0000.9
04240 0001.3 0041.2 -000.6
04300 0001.4 0040.5 -000.8
04360 0001.4 0040.6 -000.9
04420 0001.4 0039.7 -001.1
04480 0001.2 0037.0 -002.1
04540 0001.4 0038.6 -001.1
04600 0001.3 0037.7 -001.2
04660 0001.4 0036.5 -001.3
04720 0001.5 0036.2 -001.2
04780 0001.2 0032.1 -001.1
04840 0001.2 0031.1 -001.1
04900 0001.3 0029.9 -001.0
04960 0001.3 0027.6 -001.1
05020 0001.4 0025.9 -001.1
05080 0001.4 0023.8 -001.3
05140 0001.3 0022.2 -000.9
05200 0001.2 0019.8 -001.2
05260 0001.2 0018.1 -001.2
05320 0001.4 0015.4 -001.9
05380 0001.4 0012.0 -002.1
05440 0001.3 0009.9 -002.0
05500 0000.1 0003.8 -004.3
05560 0000.0 -001.2 0000.0
05620 0000.0 -000.2 0000.0
05680 0000.0 -001.8 0000.9
05740 0000.0 0000.2 0000.0
05800 0000.0 0000.5 0000.0
05860 0000.0 0079.1 0000.0
05920 0000.0 -000.2 0000.8
05980 0000.0 0001.8 0000.0
NNNN
RAD FOURTH
01060 0000.8 0051.2 0008.8
01120 0000.6 0051.0 0009.0
01180 0000.7 0049.5 0009.2
01240 0000.7 0048.5 0009.4
01300 0000.8 0047.3 0009.3
01360 0000.8 0046.4 0009.4
01420 0000.9 0045.9 0009.7
01480 0000.8 0045.3 0010.0
01540 0000.8 0044.3 0009.7
01600 0000.9 0044.1 0008.9
01660 0001.0 0043.2 0008.2
01720 0001.0 0040.8 0007.5
01780 0000.7 0040.7 0007.2
01840 0001.2 0037.4 0005.5
01900 0000.8 0036.7 0005.8
01960 0000.7 0036.0 0005.5
02020 0000.8 0035.4 0005.3
02080 0000.8 0034.6 0005.1
02140 0000.7 0033.2 0005.2
02200 0000.8 0032.6 0005.1
02260 0000.8 0035.0 0005.1
02320 0000.8 0032.7 0005.2
02380 0000.8 0032.6 0005.4
02440 0000.9 0031.3 0005.4
02500 0000.8 0030.8 0005.4
02560 0000.8 0029.9 0005.3
02620 0000.9 0029.4 0005.3
02680 0000.9 0028.2 0005.3
02740 0000.8 0027.7 0005.2
02800 0000.8 0027.7 0005.2
02860 0000.8 0026.8 0005.0
02920 0000.8 0026.3 0004.9
02980 0000.9 0025.9 0005.0
03040 0001.0 0024.6 0004.8
03100 0001.1 0025.3 0004.6
03160 0001.1 0023.7 0004.5
03220 0001.2 0022.6 0004.5
03280 0000.6 0022.6 0004.8
03340 0000.6 0020.2 0004.8
03400 0000.6 0019.7 0004.7
03460 0001.4 0020.3 0004.2
03520 0001.5 0020.3 0004.3
03580 0001.2 0019.9 0004.6
03640 0001.4 0019.9 0004.3
03700 0001.7 0020.1 0004.7
03760 0001.0 0019.4 0004.8
03820 0000.9 0020.0 0004.3
03880 0001.1 0019.1 0004.2
03940 0000.8 0018.8 0004.2
04000 0000.9 0018.0 0003.8
04060 0001.0 0016.3 0003.8
04120 0001.3 0015.2 0003.3
04180 0001.2 0014.1 0003.3
04240 0000.6 0012.2 0004.0
04300 0001.9 0012.6 0002.5
04360 0001.3 0012.9 0007.1
04420 0000.9 0012.0 0007.6
04480 0000.8 0011.0 0006.5
04540 0000.6 0010.1 0006.2
04600 0000.5 0011.7 0002.9
04660 0000.8 0012.8 0002.6
04720 0000.8 0013.8 0003.0
04780 0000.1 0003.5 0002.9
04840 0000.4 0005.8 0003.1
04900 0000.3 0004.0 0003.8
04960 0000.0 0002.8 0003.2
05020 0000.0 0002.1 0002.8
05080 0000.0 0001.8 0002.4
05140 0000.3 0003.7 0000.0
05200 0000.0 0000.0 0000.0
05260 0000.0 0000.9 0000.0
05320 0000.0 -007.3 0000.0
05380 0000.0 0002.5 0000.0
05440 0000.0 -001.9 0000.0
05500 0000.0 0001.0 0000.0
05560 0000.0 0001.1 0000.0
05620 0000.0 0001.6 0000.0
05680 0000.0 0000.8 0000.0
05740 0000.0 0001.1 0000.0
05800 0000.2 -020.6 0004.3
05860 0000.0 0001.1 0000.0
05920 0000.0 0000.0 0000.0
05980 0000.0 -002.1 0000.0
NNNN
RAD FIFTH 
01060 0001.1 0037.5 0004.6
01120 0000.9 0035.6 0004.6
01180 0001.1 0034.3 0004.2
01240 0000.9 0034.1 0004.6
01300 0000.7 0033.6 0004.5
01360 0000.6 0033.3 0004.5
01420 0000.8 0032.9 0004.3
01480 0000.9 0032.7 0004.1
01540 0001.0 0032.1 0003.9
01600 0001.0 0032.0 0004.0
01660 0001.0 0032.2 0004.5
01720 0000.9 0033.4 0004.4
01780 0000.8 0034.1 0004.8
01840 0000.8 0034.1 0004.9
01900 0000.6 0034.4 0005.0
01960 0000.6 0034.3 0005.0
02020 0000.5 0034.1 0005.0
02080 0000.6 0033.7 0005.0
02140 0000.7 0033.8 0004.7
02200 0000.7 0033.1 0004.6
02260 0001.1 0032.5 0004.5
02320 0001.1 0032.4 0004.6
02380 0001.1 0032.5 0004.7
02440 0001.2 0032.0 0004.9
02500 0001.1 0032.3 0005.0
02560 0000.7 0032.4 0005.9
02620 0000.9 0031.9 0004.4
02680 0000.9 0032.1 0004.6
02740 0001.1 0032.2 0004.4
02800 0001.0 0032.1 0004.1
02860 0001.0 0031.7 0004.2
02920 0001.0 0031.3 0004.0
02980 0000.9 0031.2 0003.7
03040 0000.9 0030.6 0003.6
03100 0001.0 0029.3 0003.6
03160 0001.2 0028.6 0003.4
03220 0000.7 0028.1 0005.4
03280 0000.8 0027.1 0004.1
03340 0000.7 0027.5 0004.4
03400 0001.1 0026.9 0003.3
03460 0000.8 0026.6 0005.4
03520 0000.5 0023.3 0004.1
03580 0001.3 0026.1 0003.4
03640 0001.4 0025.4 0003.3
03700 0001.1 0025.5 0005.0
03760 0001.1 0026.1 0004.7
03820 0001.1 0026.1 0004.7
03880 0001.1 0025.7 0004.6
03940 0001.2 0025.8 0004.5
04000 0001.1 0024.9 0004.4
04060 0001.1 0024.4 0003.9
04120 0000.8 0024.5 0003.9
04180 0000.6 0024.3 0003.7
04240 0000.6 0024.2 0003.6
04300 0000.6 0024.0 0003.4
04360 0000.8 0023.5 0003.3
04420 0000.8 0022.9 0003.3
04480 0000.8 0021.9 0003.1
04540 0001.1 0021.0 0002.7
04600 0001.1 0018.9 0002.4
04660 0000.8 0018.4 0002.2
04720 0000.9 0016.9 0001.6
04780 0001.0 0010.9 0001.8
04840 0000.5 0008.3 0001.7
04900 0000.3 0004.9 0002.2
04960 0000.1 0005.0 0001.5
05020 0000.4 0003.1 0001.4
05080 0000.0 -001.4 0003.5
05140 0000.0 -001.0 0004.7
05200 0000.0 -005.0 0004.2
05260 0000.0 -001.3 0004.0
05320 0000.1 0001.1 0004.1
05380 0000.0 0000.0 0003.4
05440 0000.0 -000.9 0003.2
05500 0000.0 0001.6 0003.0
05560 0000.0 -000.7 0002.4
05620 0000.0 -000.7 0002.4
05680 0000.0 -001.4 0002.4
05740 0000.0 0033.1 0002.0
05800 0000.0 0000.2 0002.4
05860 0000.0 -000.1 0002.2
05920 0000.4 0002.7 0001.9
05980 0000.0 -003.5 0002.1
NNNN
