diamond 3 14年06月20日18时1小时降水
14 06 20 18 -1
0
1 25 0
1 1762
97259 113.7928 27.8206 1 9999
94048 117.2653 27.9881 1 9999
94042 116.8289 28.1169 1 00.3
94043 117.0619 28.5711 1 9999
94045 117.1164 28.0164 1 9999
99680 115.2156 24.7828 1 9999
99648 114.4300 25.5583 1 9999
99651 114.4700 25.8431 1 9999
99656 114.4600 24.5450 1 9999
99660 114.4586 24.7692 1 9999
99682 114.0883 25.8681 1 9999
99684 113.9961 25.6828 1 00.1
95254 114.3286 28.3169 1 9999
95233 115.5508 27.9358 1 00.1
95234 115.6106 27.8447 1 9999
95237 114.7833 28.7028 1 00.5
95239 114.8917 28.0533 1 9999
98500 115.3506 27.4592 1 9999
96432 116.3444 28.0703 1 9999
96436 116.4308 27.3786 1 9999
96452 116.9358 27.9019 1 9999
96456 117.0694 27.7917 1 9999
96356 116.9564 27.2664 1 9999
96357 116.9839 27.3631 1 9999
96053 116.8331 27.1167 1 00.1
97242 114.1508 27.4703 1 9999
97098 114.8356 27.6450 1 9999
99165 114.2661 25.8456 1 9999
99290 113.9889 25.4853 1 9999
99153 114.3961 24.7414 1 9999
99104 114.7936 25.0136 1 9999
99806 114.5883 24.7856 1 9999
99071 115.5272 24.9331 1 9999
99143 115.7736 24.6053 1 9999
99144 115.7164 24.7986 1 9999
99277 115.7197 25.0644 1 9999
99278 115.5842 24.8217 1 9999
99279 115.5872 25.0431 1 9999
99280 115.6375 25.1236 1 9999
99281 115.6406 24.7297 1 9999
99076 116.3042 26.4244 1 00.1
99083 116.3903 26.4967 1 9999
99084 116.2581 26.1075 1 9999
99123 116.2825 26.2164 1 9999
99106 115.5197 25.4833 1 9999
99273 115.3011 25.4928 1 9999
99275 115.5114 25.3958 1 9999
91258 115.9808 29.6272 1 9999
91274 115.5219 29.1811 1 02.6
91286 116.3750 29.5969 1 9999
91291 116.5489 29.6622 1 9999
97292 113.8225 27.5567 1 9999
97293 113.7717 27.4664 1 00.4
97257 113.8661 27.9631 1 9999
91080 115.8572 29.1347 1 00.1
91081 115.7472 29.0211 1 9999
99239 115.0258 26.1239 1 9999
99240 114.8981 26.1319 1 9999
99241 115.1100 26.0344 1 9999
99160 114.9256 25.1758 1 9999
99296 115.1864 25.2781 1 9999
99803 115.0336 25.4539 1 9999
99046 115.2556 24.8211 1 9999
99224 114.9619 24.6781 1 9999
99051 114.5972 25.7942 1 9999
99168 114.4311 25.8717 1 9999
99113 114.3250 25.9683 1 9999
99263 114.5094 25.9817 1 9999
99264 114.5942 25.9086 1 9999
99291 114.1025 25.4794 1 9999
99056 114.6181 25.5297 1 9999
99829 114.3764 25.4544 1 9999
99102 114.8461 24.8656 1 9999
99223 114.7528 24.6392 1 9999
96313 116.3747 27.9122 1 9999
96135 116.3819 27.9561 1 9999
96009 116.7000 28.3056 1 9999
96010 116.4236 28.2164 1 9999
96123 116.5706 27.1289 1 9999
96124 116.5825 27.2097 1 00.1
96072 117.0775 27.4522 1 00.3
96074 117.0114 27.1717 1 00.2
96089 116.1761 26.9264 1 9999
96092 116.2994 26.7517 1 9999
96041 116.1728 27.4569 1 9999
91024 115.2300 29.4594 1 00.1
91052 115.2500 29.2333 1 01.5
91054 115.1000 29.2333 1 03.0
91057 115.0167 29.4833 1 00.3
91058 114.9833 29.5167 1 00.3
91059 115.3000 29.3667 1 00.3
91120 114.8581 28.9642 1 07.5
91027 115.6531 29.3950 1 9999
91028 115.4600 29.3592 1 9999
91029 115.5436 29.4411 1 9999
91130 115.5828 29.3653 1 00.1
91131 115.4650 29.4325 1 9999
91151 115.7761 29.4128 1 9999
99820 115.0108 25.5994 1 9999
99041 114.8122 25.7261 1 9999
99096 114.7042 25.5817 1 9999
99256 114.6942 25.9781 1 9999
99262 114.6858 25.6508 1 9999
93011 117.4639 29.0389 1 00.6
93010 117.2975 28.8444 1 9999
93040 117.0708 29.0189 1 01.2
93041 117.3169 29.1514 1 02.7
90006 115.8628 28.4200 1 9999
90105 115.8547 28.5233 1 9999
90110 116.1375 28.5883 1 9999
90111 116.0378 28.4972 1 9999
90212 116.0025 28.8908 1 9999
90214 115.9081 29.0050 1 00.4
90302 116.1886 28.1947 1 9999
95053 114.5567 28.2878 1 9999
95054 114.4417 28.3417 1 9999
95055 114.2444 28.0667 1 9999
95127 114.3294 28.1033 1 9999
95128 114.3919 28.2567 1 9999
95129 114.4144 28.2050 1 9999
96002 116.1517 28.1664 1 9999
96007 116.4614 28.0578 1 9999
96119 116.6042 27.8178 1 9999
96303 116.4564 27.8264 1 9999
96077 117.0483 27.2483 1 9999
96082 116.4681 26.7539 1 9999
96084 116.4692 26.9356 1 9999
96087 116.3719 26.9428 1 9999
96088 116.4875 26.8356 1 9999
98035 115.4961 27.6606 1 9999
98015 115.6094 27.7075 1 9999
98036 115.5781 27.7906 1 00.1
98091 115.5933 27.6319 1 9999
92029 117.3497 28.1986 1 9999
92032 117.3619 28.5836 1 02.0
92165 117.5000 28.6244 1 9999
92168 117.3272 28.2650 1 9999
92202 117.3833 28.1611 1 9999
92034 118.1525 28.9081 1 00.1
92037 118.3869 28.5753 1 00.1
92141 118.3833 28.6492 1 9999
92155 118.0853 28.7983 1 9999
92158 118.2925 28.8458 1 00.2
92160 118.2600 28.7800 1 00.1
92263 117.8097 28.7792 1 00.2
93037 117.0536 29.2183 1 04.7
93022 117.3139 29.3875 1 09.4
93024 117.1461 29.3831 1 00.8
93027 117.4481 29.6564 1 00.1
93028 117.4675 29.5831 1 00.7
93029 117.1411 29.6561 1 00.2
91182 114.3269 28.7381 1 9999
92095 116.6500 28.4333 1 9999
92103 116.7833 28.6500 1 00.1
92173 116.5500 28.7333 1 00.2
92174 116.5833 28.5833 1 00.3
99816 115.6150 26.0156 1 9999
99184 115.3417 26.5506 1 9999
99186 115.6681 26.6039 1 9999
99177 115.5522 26.3592 1 9999
99179 115.4292 26.2158 1 9999
99182 115.2311 26.3603 1 9999
99832 115.5236 26.3158 1 9999
99036 115.2133 25.5536 1 9999
99210 115.2003 25.6347 1 9999
99211 115.0739 25.6981 1 9999
99216 114.9758 26.0675 1 9999
92191 117.9000 28.4667 1 00.2
96331 116.3358 27.2575 1 9999
98115 115.1781 26.9989 1 9999
98200 115.3211 26.8089 1 9999
98201 115.2442 26.8225 1 9999
95034 114.7958 28.2986 1 9999
95067 115.0000 28.4333 1 9999
95145 114.6500 28.3500 1 9999
91040 115.9347 29.5458 1 9999
91022 115.8322 29.3011 1 00.2
91145 115.9664 29.3733 1 00.1
91070 114.1519 29.0578 1 00.2
91071 114.3775 29.1642 1 20.5
91076 114.3356 29.2547 1 05.5
91121 114.4275 29.0931 1 04.1
91173 114.6872 29.1733 1 02.6
91046 116.3353 29.7158 1 9999
91001 116.2675 29.7808 1 9999
91127 116.3856 29.7444 1 9999
91128 116.3356 29.7781 1 9999
91129 116.2972 29.6603 1 9999
91163 116.2669 29.5436 1 00.1
91164 116.2292 29.5814 1 9999
92213 117.8683 29.4400 1 03.0
92215 117.6800 29.4511 1 08.6
92217 117.4639 29.1875 1 00.5
92218 117.6811 29.2742 1 00.4
92267 118.1069 29.3461 1 01.9
92268 117.8311 29.3758 1 00.6
92269 118.0333 29.3222 1 01.8
92273 117.8783 29.1836 1 9999
92275 117.7331 29.1942 1 00.1
92010 116.7167 28.7500 1 00.1
92001 116.6500 28.7500 1 00.1
95132 115.1628 29.0111 1 9999
97253 113.9306 27.1825 1 9999
97254 113.9383 27.1428 1 9999
97228 113.8639 27.6914 1 9999
97230 113.8539 27.9478 1 9999
97210 113.6519 27.4356 1 9999
97211 113.7414 27.6369 1 9999
97221 113.7136 27.6819 1 9999
95093 115.1319 28.1336 1 9999
95102 115.4083 28.3972 1 9999
95104 115.2611 28.2361 1 9999
95106 115.1750 28.1222 1 00.1
95032 114.6036 28.1369 1 9999
95058 115.0525 28.2258 1 9999
95037 114.6317 28.6678 1 00.9
95038 114.2558 28.4367 1 00.5
95039 114.2081 28.6617 1 00.1
95136 114.2975 28.7350 1 9999
90043 115.8061 28.6642 1 00.1
90045 115.7319 28.6867 1 9999
90046 115.8186 28.6256 1 00.1
91012 116.0539 29.5414 1 9999
91014 116.0764 29.6678 1 9999
91017 115.8739 29.6564 1 9999
91018 115.9169 29.6175 1 9999
96341 116.1653 27.7450 1 9999
96117 115.7917 27.6250 1 9999
96118 115.7125 27.1467 1 9999
96345 115.8125 27.5583 1 9999
97001 114.8653 27.8856 1 9999
97010 114.9492 27.9244 1 9999
97011 115.0561 28.0442 1 9999
97006 115.2889 27.8625 1 9999
92241 116.5500 29.4667 1 00.4
92254 116.7556 28.9983 1 00.9
92248 116.9006 29.2053 1 29.5
92252 116.7667 29.1108 1 30.9
92051 117.4800 28.4200 1 00.2
92113 117.8833 28.5333 1 00.5
92184 118.0833 28.2167 1 9999
92186 117.8833 28.3500 1 9999
95110 116.0639 28.0458 1 9999
95111 115.7167 27.9236 1 9999
95117 115.7139 28.1028 1 00.1
95118 115.9458 28.2639 1 9999
95119 115.9028 28.2014 1 9999
95120 115.9819 28.2014 1 9999
95121 115.8319 28.1292 1 9999
95020 115.4800 28.8800 1 9999
95070 115.2228 29.0586 1 00.9
97041 114.7800 28.0272 1 00.3
97236 113.9733 27.5794 1 9999
97206 113.9078 27.0514 1 9999
99233 115.9692 26.3294 1 9999
99235 116.1111 26.3439 1 9999
99237 116.0869 26.8828 1 9999
99238 115.8233 26.3522 1 9999
99301 116.0386 26.5053 1 9999
99826 116.0511 26.6156 1 9999
99827 115.8481 26.4442 1 9999
99091 116.0058 25.8783 1 9999
99206 115.8594 25.7056 1 9999
99023 115.7344 25.2389 1 9999
99025 115.7806 25.8375 1 9999
99171 115.7133 25.6272 1 9999
99246 115.6572 25.7378 1 9999
99250 115.7353 25.3275 1 9999
99813 115.6783 25.6178 1 9999
99090 115.4264 25.6661 1 9999
99190 115.3253 25.7661 1 9999
99195 115.5489 26.2097 1 9999
99198 115.4983 25.6703 1 9999
99200 115.5642 26.1094 1 9999
99201 115.7256 26.2622 1 9999
92039 117.7064 29.0431 1 9999
95095 113.9497 27.8578 1 9999
95096 114.4297 28.0006 1 9999
98218 114.0750 27.0242 1 00.1
98057 114.6250 26.2458 1 9999
98077 114.5239 26.6086 1 9999
98078 114.7019 26.3622 1 9999
98079 114.0208 26.0139 1 9999
98134 114.2056 26.2528 1 9999
98133 114.2644 26.1222 1 9999
98118 114.1428 26.5983 1 9999
98206 113.9950 26.7033 1 9999
99085 116.1481 26.2444 1 9999
99225 115.9822 26.4144 1 9999
99227 115.8314 26.7856 1 9999
99229 115.7847 26.7333 1 9999
92229 117.8136 28.2603 1 9999
92133 117.5631 28.5078 1 00.5
92265 117.5653 28.5592 1 00.1
92006 116.8500 28.8500 1 9999
92197 117.2033 28.7150 1 9999
92199 116.9886 28.7911 1 9999
92067 116.8092 29.1744 1 20.6
92069 116.9403 28.8736 1 9999
92070 116.8422 29.5206 1 00.1
92071 116.9964 29.3372 1 02.9
92238 116.6311 29.3233 1 9999
95007 114.3894 27.9208 1 9999
95009 115.6008 27.9194 1 9999
95010 115.4278 28.0989 1 9999
95081 115.5889 27.9700 1 9999
95086 115.3975 28.0044 1 9999
95155 115.4658 28.0417 1 9999
97026 115.1400 27.7800 1 9999
97040 115.2231 27.8353 1 9999
97037 114.7533 27.8633 1 9999
92223 117.6789 27.8750 1 9999
92224 117.7083 28.3008 1 9999
92225 117.5258 28.0283 1 9999
92227 117.7722 28.2139 1 9999
98145 115.2942 27.5078 1 9999
98146 115.1206 27.6542 1 9999
98040 115.5911 26.9108 1 9999
98029 114.9489 26.6667 1 9999
98083 115.0264 26.8939 1 9999
98084 114.7025 26.7192 1 9999
98085 115.1728 26.5819 1 9999
98165 114.7650 26.7947 1 9999
98195 115.1758 26.7069 1 9999
98196 114.9742 26.8250 1 9999
98060 114.7064 26.5061 1 9999
98157 115.0131 26.2664 1 9999
98159 114.9622 26.3328 1 9999
98158 114.7400 26.5903 1 9999
98107 115.3064 27.1703 1 9999
98179 115.2644 27.2181 1 9999
98177 115.1483 27.4219 1 9999
98024 114.3997 27.3667 1 9999
98183 114.6572 27.5519 1 9999
98110 114.7353 26.9414 1 9999
94022 117.1753 28.2094 1 9999
94024 117.2978 28.3675 1 9999
94027 117.2514 28.1167 1 9999
94028 117.1389 27.9531 1 00.1
94029 117.4242 27.9947 1 9999
94030 117.1683 28.2717 1 9999
94012 116.9103 28.4031 1 9999
94014 116.9289 28.4856 1 00.1
96314 116.5444 28.2286 1 9999
96021 116.9033 28.0581 1 9999
96122 116.5469 27.9211 1 9999
96318 116.8278 28.0061 1 9999
96026 116.8478 27.7742 1 9999
96110 117.0594 27.7831 1 9999
96111 116.9147 27.7761 1 9999
96321 116.8242 27.7286 1 00.1
96322 116.6464 27.5297 1 9999
96332 116.4092 27.4856 1 9999
98096 115.1672 27.5758 1 9999
98072 115.6578 27.0753 1 9999
98074 115.3572 27.2036 1 9999
98151 115.7433 26.9961 1 9999
98150 115.5358 27.3711 1 9999
98022 114.9961 27.4011 1 9999
98013 115.3000 26.9689 1 9999
98028 114.6858 26.8606 1 9999
92140 118.0439 28.4969 1 00.7
92147 118.0225 28.9597 1 9999
92148 118.0239 28.8467 1 9999
92022 118.2253 28.5639 1 00.1
92024 118.2194 28.3353 1 9999
92182 118.1911 28.4600 1 00.6
92127 118.0167 29.2167 1 9999
92129 117.8500 29.0500 1 00.1
92149 117.4922 28.7719 1 00.2
92150 117.6178 28.9228 1 9999
92085 117.7939 28.2917 1 9999
92086 117.6869 28.1414 1 00.1
92093 117.9078 28.1497 1 9999
92083 117.8250 27.9697 1 9999
92219 117.7736 27.9517 1 9999
94003 117.2094 28.3853 1 9999
94005 117.0697 28.4639 1 00.1
94017 116.9622 28.2206 1 9999
94018 116.9622 28.3153 1 00.1
94019 116.8789 28.3344 1 9999
95002 114.1139 27.8986 1 9999
90313 116.2744 28.6136 1 00.1
90314 116.5361 28.4211 1 9999
90318 116.1847 28.3342 1 9999
90407 115.5411 28.8103 1 9999
90410 115.6758 28.9100 1 00.1
90023 115.8764 28.6631 1 9999
90025 115.9675 28.6961 1 9999
90026 115.9406 28.7256 1 9999
90032 115.7447 28.7972 1 00.1
91157 115.7133 29.2233 1 01.5
91033 116.4750 29.5558 1 00.1
91034 116.4031 29.5164 1 00.1
91035 116.5106 29.3203 1 9999
91006 116.4125 29.1619 1 19.2
91092 116.4000 29.3667 1 9999
91139 116.3281 29.2581 1 00.9
91159 116.2006 29.2972 1 9999
91097 115.5864 29.8331 1 9999
91099 115.4986 29.7142 1 9999
91105 115.5925 29.6369 1 9999
91137 115.6500 29.7339 1 9999
91138 115.4797 29.7739 1 9999
91041 114.4222 29.0450 1 03.0
92028 117.9719 29.5064 1 00.9
92204 117.8158 29.5492 1 04.4
92040 117.8411 29.0994 1 9999
92038 117.9153 29.1094 1 00.3
92056 117.5392 29.0047 1 9999
90034 115.9064 28.7028 1 00.1
90037 115.9108 28.7256 1 9999
90038 115.8625 28.6397 1 00.2
90039 115.9436 28.6350 1 09.6
96140 116.0739 27.4656 1 9999
96102 116.6547 27.1619 1 9999
96055 115.7283 27.3994 1 9999
96093 116.2378 26.5706 1 9999
96094 116.5283 26.5894 1 9999
96095 116.2375 26.8333 1 9999
92396 117.6761 28.2450 1 9999
98607 114.1494 27.2269 1 00.1
98655 114.1250 27.1353 1 9999
98903 114.1008 26.6192 1 9999
99718 115.9150 26.9147 1 00.2
99720 116.2458 26.5250 1 9999
99721 116.4297 26.1081 1 9999
91135 115.8372 29.0547 1 00.4
91146 115.8903 29.3567 1 00.1
91150 115.9508 29.5942 1 9999
91178 114.2522 29.1194 1 01.5
91183 116.7381 29.9167 1 00.1
91184 116.6222 29.6333 1 02.3
91293 115.7150 29.3919 1 00.2
91297 114.5828 29.2892 1 01.9
92240 116.7167 29.4833 1 01.5
92246 117.4300 28.5567 1 00.1
92253 116.9308 29.5917 1 01.2
92255 117.3500 28.4144 1 00.2
92258 116.7019 28.9739 1 01.9
92259 116.8672 29.0247 1 01.9
92260 116.5394 29.5800 1 9999
92261 116.6400 29.3764 1 9999
92272 117.7681 29.2442 1 00.8
92274 117.5519 29.0789 1 00.3
92352 118.2919 28.1131 1 00.1
95003 114.2331 27.9267 1 9999
95017 115.6958 27.9806 1 9999
95021 115.2406 28.9272 1 02.4
95062 114.8453 28.0900 1 00.1
95046 114.2239 27.8169 1 9999
95056 114.2406 28.2089 1 9999
95069 114.9667 28.5333 1 9999
95068 114.6667 28.4833 1 00.2
95077 115.9139 28.1514 1 9999
95063 114.7922 28.1558 1 9999
95079 115.8181 27.7403 1 9999
95090 115.2917 28.3919 1 9999
95091 115.2431 28.5836 1 9999
95080 115.4925 28.0214 1 9999
95253 114.3653 28.3956 1 9999
97202 114.0678 27.5225 1 9999
97240 113.8286 27.6631 1 9999
97287 114.1689 27.6014 1 9999
98162 114.7767 26.8806 1 9999
98164 115.1100 26.7500 1 9999
98166 114.9447 26.7683 1 00.1
98170 114.2297 27.1269 1 9999
98171 114.2961 26.8906 1 00.2
98178 115.1458 27.3092 1 9999
98180 115.4511 27.0972 1 9999
98181 114.5325 27.4228 1 9999
92366 117.1375 28.7789 1 00.1
92367 117.2014 28.6072 1 9999
92369 116.7064 28.3981 1 00.2
92383 117.6025 28.7119 1 00.1
92397 117.6850 28.3228 1 9999
92399 117.8569 28.7739 1 00.3
92400 118.0650 28.0194 1 00.5
92402 117.2692 28.6817 1 00.3
92404 118.0167 29.0667 1 9999
92406 118.0656 28.8767 1 9999
92407 118.0389 28.8442 1 00.1
97204 114.1275 27.6950 1 9999
97223 113.6831 27.5822 1 9999
97224 113.7761 27.5625 1 9999
97225 113.6436 27.5269 1 9999
97227 113.8242 27.7022 1 9999
97229 113.8450 27.9447 1 9999
97231 113.8975 27.7661 1 9999
97246 114.0186 27.1906 1 9999
97251 114.1017 27.2825 1 9999
98187 114.6942 27.3722 1 9999
98188 114.2336 26.4125 1 9999
98190 115.0444 27.1861 1 9999
98191 114.8756 27.1403 1 9999
98197 114.9092 26.8925 1 9999
98198 114.0992 26.5167 1 9999
98199 115.3819 26.7128 1 9999
98208 114.2511 26.4806 1 9999
98210 113.9889 26.6578 1 9999
98211 114.5136 26.3489 1 00.1
98216 114.3397 27.0675 1 9999
98222 115.6936 27.0697 1 9999
98224 114.2161 26.5450 1 9999
98382 115.7728 26.8581 1 9999
98550 115.2636 27.3133 1 9999
99029 115.6106 26.2183 1 9999
99031 115.3617 26.1681 1 9999
99040 114.3497 26.1253 1 9999
99066 114.5867 25.0222 1 9999
99130 115.7194 26.5578 1 9999
99139 115.1228 25.8567 1 9999
99196 115.4631 26.0647 1 9999
99644 115.1244 25.1572 1 9999
99050 114.0969 25.9597 1 9999
99303 116.0689 25.9092 1 9999
99002 114.9553 25.8078 1 9999
99004 114.9017 25.8931 1 9999
99008 114.8778 25.8375 1 9999
99009 114.8397 25.8539 1 9999
99010 114.9747 25.7903 1 9999
99636 114.9486 25.7383 1 9999
99647 114.2414 25.4919 1 9999
99659 114.2578 24.6481 1 9999
99217 115.1625 26.0097 1 9999
99722 116.0939 25.7494 1 9999
99027 115.5431 25.9600 1 9999
99028 115.5139 25.7403 1 9999
99121 114.8342 25.7436 1 9999
99129 115.3886 26.5119 1 9999
99131 115.5806 26.0467 1 9999
99137 115.2567 26.2058 1 9999
99138 114.8258 26.1050 1 9999
99141 114.8017 25.8169 1 9999
99175 115.7561 26.4011 1 9999
99192 115.3992 25.8422 1 9999
99213 115.2569 26.0911 1 9999
99218 115.1481 26.2439 1 9999
99219 115.1367 25.9572 1 9999
99715 115.7364 26.0478 1 9999
99724 115.2106 25.6028 1 9999
99007 114.8650 25.7578 1 9999
99016 115.8453 26.6958 1 9999
99022 115.9308 25.4200 1 9999
99024 115.5467 25.5417 1 9999
99081 114.4186 25.4978 1 9999
99103 114.5353 24.9661 1 9999
99112 114.0278 25.5586 1 9999
99114 114.2753 25.9256 1 9999
99120 114.8983 25.7247 1 9999
99127 116.0567 26.7406 1 9999
99147 115.0269 25.0056 1 9999
99149 114.6567 24.7117 1 9999
99150 114.9453 24.8336 1 9999
99151 114.7983 24.7047 1 9999
99158 114.7044 25.3844 1 9999
99162 114.5556 25.4742 1 9999
99170 115.7939 25.4156 1 9999
99178 115.4847 26.3017 1 9999
99183 115.3214 26.6239 1 9999
99228 115.9347 26.6975 1 9999
99230 115.8131 26.6144 1 9999
99231 115.9692 26.6294 1 9999
99252 115.8519 25.5092 1 9999
99270 115.3261 25.1442 1 9999
99271 115.3344 25.1922 1 9999
99283 114.4844 25.4611 1 9999
99285 113.9789 25.6239 1 9999
99287 114.4211 25.6572 1 9999
99288 114.2164 25.7592 1 9999
99289 114.1703 25.8553 1 9999
99661 114.3933 24.8631 1 9999
99713 115.9508 25.3419 1 9999
99011 114.9044 25.9244 1 00.1
99030 115.6947 26.4478 1 9999
99159 115.2369 25.3536 1 9999
99215 114.9603 26.1653 1 9999
99070 115.5181 25.1622 1 9999
99166 114.1133 25.7239 1 9999
99823 115.9336 25.7789 1 9999
99839 115.6192 24.7175 1 9999
99807 114.4856 25.6667 1 9999
99809 114.2844 25.9403 1 9999
99814 115.7897 25.4339 1 9999
99818 115.1967 26.1597 1 9999
99830 116.2536 26.0886 1 9999
99837 115.5106 25.3944 1 9999
99840 114.7667 25.5833 1 9999
92156 118.0283 28.7328 1 00.8
92162 118.3022 28.5561 1 01.0
92164 117.3433 28.3147 1 9999
98023 115.2194 27.3931 1 9999
98034 114.9872 27.1281 1 9999
98038 115.2161 27.5728 1 9999
98049 115.0311 26.1886 1 9999
98058 114.8567 26.2358 1 9999
98059 114.6536 26.6697 1 9999
98062 114.1358 27.3514 1 9999
98068 114.7039 27.2761 1 9999
98081 114.6078 26.7678 1 9999
91023 116.0011 29.3092 1 9999
91025 114.9814 29.1617 1 06.1
91032 115.7119 28.9397 1 9999
91038 115.5778 29.5728 1 9999
91039 115.9550 29.5344 1 9999
91298 115.0808 29.2572 1 03.7
91299 115.1514 29.2044 1 01.2
93035 117.2297 28.9050 1 00.4
94032 116.8833 28.2958 1 9999
94037 117.0333 28.2633 1 9999
94039 117.3519 27.9125 1 9999
94046 117.1453 27.9581 1 9999
93034 117.3825 28.9922 1 00.1
93032 117.1375 29.1767 1 9999
93007 117.4953 28.8719 1 00.1
93026 117.2114 29.5472 1 00.7
93051 117.0331 28.8942 1 00.1
93016 117.1631 28.8644 1 9999
93025 117.1786 29.8514 1 01.9
93033 117.2017 28.9781 1 00.5
93002 117.2125 29.7469 1 9999
93050 117.2389 28.9792 1 00.5
93009 117.0569 28.9139 1 00.2
93023 117.3633 29.7931 1 9999
93038 117.3711 29.3469 1 18.3
93047 117.1672 29.2661 1 04.9
94001 117.1467 28.4903 1 9999
94006 117.1025 28.3986 1 9999
94013 117.0436 28.5147 1 9999
94015 116.7292 28.2375 1 9999
94016 116.8658 28.1583 1 9999
94023 117.0139 28.3556 1 9999
94025 117.2422 28.2717 1 9999
96115 115.9822 27.8411 1 9999
96127 117.0389 27.3344 1 9999
96132 116.5442 28.0967 1 9999
96134 116.3347 27.9797 1 9999
96136 116.4897 27.1067 1 9999
96304 116.3075 27.8933 1 9999
96305 116.2533 27.9639 1 9999
96308 116.2639 28.1214 1 9999
96311 116.3806 28.0028 1 9999
96312 116.4211 28.0119 1 9999
96315 116.5728 28.1781 1 9999
96320 116.5556 28.0567 1 9999
96327 116.9097 27.1894 1 9999
96329 116.1325 27.2094 1 9999
96330 116.2119 27.1072 1 9999
96337 116.1742 27.8097 1 9999
96339 115.9106 27.8061 1 9999
96342 115.9094 27.6586 1 00.1
96353 117.0064 27.1453 1 9999
96451 116.9458 27.9889 1 9999
96454 116.9406 27.6475 1 00.2
90213 115.8986 28.9783 1 00.2
96012 116.7917 28.1128 1 9999
96017 117.0014 27.9608 1 9999
96019 116.6519 28.0186 1 9999
96020 116.6717 27.7950 1 9999
96051 116.0033 27.3831 1 9999
96062 116.6908 27.6500 1 9999
96064 116.5894 27.4269 1 9999
96067 116.4356 27.0397 1 9999
96068 116.6047 27.0542 1 00.1
96069 116.3933 27.1439 1 9999
96073 116.8428 27.1297 1 00.1
96075 116.7961 27.2983 1 9999
96083 116.3211 26.5678 1 9999
96085 116.3667 26.7008 1 9999
96086 116.4819 26.6186 1 9999
99061 114.6939 24.8111 1 9999
99157 115.3894 24.9544 1 9999
99086 116.1911 26.3944 1 9999
99116 114.9828 25.7903 1 9999
92025 118.1122 28.3244 1 00.1
92033 117.4219 28.2689 1 9999
92035 117.9414 28.6600 1 00.2
92062 118.0811 28.3686 1 9999
92063 118.1467 28.5911 1 00.1
92064 118.3083 28.3081 1 00.3
92065 118.2814 28.3428 1 00.1
92068 116.8692 29.0892 1 09.4
92073 116.8678 28.7194 1 00.1
92075 117.0144 28.6222 1 9999
92076 117.0744 28.7556 1 9999
92080 118.1500 28.9000 1 9999
92081 118.2672 28.8178 1 00.2
92091 117.6761 28.2447 1 9999
92096 116.8000 28.4667 1 9999
92101 116.4000 28.7333 1 00.7
92107 117.8058 28.7136 1 00.6
92108 117.9667 28.5500 1 00.4
92109 117.9333 28.5667 1 9999
91102 115.3936 29.4669 1 9999
91104 115.6236 29.7683 1 9999
91106 116.1303 29.7847 1 9999
91112 115.9697 29.6808 1 9999
91113 115.9989 29.6200 1 9999
91136 115.4567 29.6328 1 9999
92008 116.6175 28.8500 1 01.0
92042 117.4436 28.8042 1 00.4
92047 117.5500 28.1667 1 9999
92048 117.5156 28.2875 1 9999
92049 117.8389 28.1139 1 9999
92050 118.1500 28.3000 1 9999
92121 117.4833 28.7167 1 00.1
92145 117.6939 28.4667 1 00.3
92166 117.3800 28.6506 1 9999
92183 118.1556 28.5494 1 00.2
92212 117.6886 29.1031 1 9999
92257 116.7014 29.1569 1 07.5
92401 117.4639 28.1039 1 9999
95004 114.2872 27.6936 1 9999
95005 114.2200 27.7483 1 9999
95008 114.5500 27.7833 1 9999
95012 115.2889 27.9836 1 9999
95019 115.5611 28.3639 1 9999
95026 115.5294 28.2083 1 9999
95040 114.5167 28.2158 1 00.6
95041 114.3056 28.1869 1 9999
95103 115.3694 28.3167 1 9999
95113 115.5139 28.2694 1 9999
95123 114.2569 28.3006 1 9999
95133 115.3333 28.9217 1 00.6
95134 115.3992 29.0014 1 00.1
95140 114.9081 28.7400 1 9999
95141 114.9639 28.7519 1 9999
95147 115.0831 28.4667 1 9999
95148 114.7667 28.2500 1 9999
95152 114.4583 28.1081 1 9999
95154 115.4528 27.9389 1 9999
95156 115.2447 28.3914 1 00.2
95245 114.7261 28.6125 1 9999
95247 114.5561 28.4528 1 01.1
95249 114.3311 28.6111 1 03.3
95255 114.2794 28.0156 1 9999
97013 115.2081 27.8556 1 9999
97015 114.8494 27.7831 1 9999
97016 114.7000 27.7831 1 9999
97020 114.7925 27.7294 1 9999
97021 114.9981 27.6825 1 9999
97030 114.6406 27.8578 1 9999
97031 114.7075 28.0239 1 00.1
98001 115.6644 26.7467 1 9999
98006 114.8192 26.3022 1 9999
98012 115.5339 27.0036 1 9999
98014 115.4989 26.8061 1 00.1
98017 115.3556 27.7019 1 00.6
98025 114.5139 27.1644 1 9999
98026 114.7919 27.5139 1 9999
98032 114.3031 26.6133 1 9999
98033 114.9875 27.1164 1 9999
98042 115.3636 27.0797 1 9999
98047 114.8756 26.4639 1 9999
98052 114.4764 26.5453 1 9999
98064 114.5939 27.2747 1 9999
98067 114.5872 27.5200 1 9999
98069 115.6228 27.4061 1 9999
98070 115.7631 26.9072 1 9999
98086 114.3833 26.7833 1 9999
98093 114.0364 26.6208 1 9999
98095 114.1142 26.6864 1 9999
98155 114.7478 26.4681 1 9999
98189 114.2244 26.6572 1 9999
98656 113.8836 26.8417 1 00.4
91142 116.6967 29.8383 1 9999
98018 115.0392 27.6442 1 9999
98019 114.9892 27.5836 1 9999
91144 116.7925 29.8853 1 9999
91158 116.2458 29.2944 1 9999
91167 116.4447 29.6872 1 9999
91169 116.5931 29.8583 1 9999
91170 115.8900 29.7197 1 9999
91171 116.0672 29.7050 1 9999
91179 114.6808 28.7372 1 9999
92100 116.4167 28.8667 1 12.9
92111 117.7500 28.5167 1 00.2
92117 117.8833 28.7000 1 00.6
92119 117.6328 28.5319 1 00.1
92128 117.4833 28.6667 1 9999
92130 118.0483 29.0275 1 00.2
92131 118.1764 28.3592 1 9999
92137 118.1100 28.5339 1 00.5
92138 118.0328 28.3925 1 9999
92139 117.9544 28.4256 1 9999
91037 115.3858 29.6225 1 9999
91062 114.4667 28.8167 1 9999
91064 114.3500 28.8667 1 9999
91067 114.0369 29.0297 1 00.9
91068 114.0275 29.0811 1 01.5
91069 114.0719 29.1294 1 9999
91090 116.2000 29.3333 1 9999
91155 115.6572 29.1597 1 02.1
91177 114.1861 28.9997 1 14.0
92003 116.7167 28.6333 1 9999
92004 116.7333 29.3500 1 9999
92005 116.6219 29.0706 1 03.9
92016 116.8992 28.6308 1 9999
92023 118.1461 28.3972 1 9999
92152 117.7389 28.8583 1 9999
92120 117.9642 29.1042 1 9999
92146 118.0931 28.9253 1 02.0
92172 116.5833 28.5333 1 9999
92176 116.5333 28.7667 1 00.4
92190 117.9500 28.2333 1 9999
92195 118.1297 28.4208 1 9999
98100 114.1372 26.8042 1 9999
98101 114.3008 26.8233 1 9999
98108 115.2600 27.4481 1 9999
98109 114.8797 27.4225 1 9999
98112 114.6611 27.0586 1 9999
98116 114.8653 27.0633 1 9999
98122 114.5678 26.9650 1 9999
98123 114.6861 27.0033 1 9999
98124 114.7533 27.0081 1 9999
91114 116.0078 29.5575 1 9999
91125 116.0411 29.6294 1 9999
91126 115.9811 29.5511 1 9999
92198 116.9672 28.7353 1 00.1
92203 117.4583 28.5372 1 00.1
92205 118.0181 29.5339 1 00.9
92207 118.0517 29.3725 1 02.1
92208 117.5403 29.3247 1 01.2
92209 117.7764 29.4250 1 08.7
92214 117.6847 29.2219 1 9999
92222 117.8517 28.2978 1 9999
92230 117.5711 28.7781 1 9999
92231 117.5839 28.9633 1 9999
92236 116.8033 29.0194 1 04.7
98135 114.3950 26.4061 1 9999
98140 115.3925 27.8353 1 9999
98141 115.4922 27.7419 1 00.2
98147 115.0500 27.5417 1 9999
98148 115.3956 27.5581 1 9999
98149 115.4308 26.8664 1 9999
98156 114.8586 26.5200 1 9999
90315 116.2253 28.2408 1 9999
90200 116.0128 29.0689 1 00.8
90201 116.0497 28.9619 1 00.9
90206 115.6942 28.4039 1 00.2
90218 115.8614 28.9297 1 00.1
90219 115.6372 28.5903 1 9999
90300 116.4225 28.3989 1 9999
90306 116.2678 28.4467 1 9999
90307 116.3858 28.3119 1 9999
90309 116.4517 28.2703 1 9999
90311 116.2611 28.2842 1 9999
90312 116.0692 28.4358 1 9999
90024 115.9983 28.6219 1 01.0
90027 115.8731 28.7431 1 9999
90028 115.7253 28.7181 1 9999
90029 115.8678 28.7008 1 9999
90033 115.7167 28.8122 1 00.8
90035 116.0747 28.6719 1 18.7
90040 115.9267 28.6997 1 00.1
90041 115.9869 28.6956 1 01.0
90102 116.1642 28.6281 1 9999
90104 116.1283 28.5361 1 9999
90106 116.0028 28.4172 1 9999
90001 116.0667 29.0500 1 02.8
90022 115.9150 28.6231 1 10.0
90321 116.1811 28.3658 1 9999
90403 115.5336 28.9822 1 9999
90405 115.4992 28.7581 1 00.2
90408 115.5992 28.7514 1 9999
91002 116.2253 29.6153 1 9999
92031 117.3431 28.7047 1 9999
92036 118.3297 28.7139 1 00.2
92043 117.6406 28.8358 1 9999
92044 117.7672 29.0547 1 05.7
92057 117.7650 28.9569 1 9999
92079 117.9500 28.8833 1 9999
92105 116.7000 28.5667 1 9999
92110 118.0333 28.3167 1 9999
91096 116.3631 29.7872 1 9999
91124 115.9511 29.5561 1 9999
91132 115.5150 29.5011 1 9999
91133 115.5625 29.2256 1 00.6
91134 115.5106 29.2083 1 02.6
92002 116.6333 28.7833 1 00.2
92007 116.7689 29.5775 1 00.5
92009 116.8056 28.4456 1 00.1
92013 116.8308 29.2375 1 06.0
92021 118.3650 28.4839 1 00.4
92045 117.7722 28.2167 1 9999
92052 117.9500 28.3500 1 9999
92058 117.7061 28.8347 1 9999
92059 117.7322 28.9333 1 9999
92074 116.8136 28.7894 1 00.1
92078 117.9500 28.7667 1 00.3
92090 117.6358 27.8947 1 9999
92170 117.3714 28.4506 1 00.2
92178 116.8333 28.5667 1 9999
92181 118.2717 28.5044 1 00.3
94038 117.0419 28.0000 1 9999
95015 115.9750 28.0486 1 9999
95024 115.0236 28.7522 1 9999
95025 114.8722 28.6361 1 9999
95030 115.4856 28.1833 1 00.1
95045 114.4744 27.7017 1 9999
95087 115.2708 28.1969 1 00.5
95097 114.2883 27.9042 1 9999
95100 114.4197 27.6892 1 9999
95109 115.8250 27.9889 1 9999
95114 115.5917 28.3153 1 9999
95116 115.6556 28.1514 1 9999
95124 114.1436 28.1933 1 9999
95126 114.2217 28.1192 1 9999
95131 115.1031 28.9683 1 04.4
95137 114.5658 28.5992 1 00.7
95139 114.8719 28.6750 1 9999
95153 115.7431 28.2722 1 9999
95231 115.1575 28.6181 1 9999
95236 115.1417 28.7522 1 9999
95251 114.6169 28.6200 1 00.5
97002 114.8319 27.9267 1 00.1
97007 114.8331 27.6331 1 9999
97009 114.9400 28.0275 1 9999
97012 115.2247 27.8131 1 9999
97014 114.7719 27.7731 1 9999
97017 115.0103 27.8322 1 9999
97018 114.6200 27.7600 1 00.1
97019 114.6694 27.6472 1 9999
97022 115.0928 27.9267 1 9999
97027 115.0300 27.9100 1 00.1
97035 114.5308 27.8408 1 9999
97036 114.6200 27.9494 1 9999
97042 115.0600 27.7300 1 9999
97044 115.0517 27.9686 1 9999
97047 114.8614 27.6458 1 9999
97057 114.6489 27.8606 1 9999
98003 114.4278 26.1842 1 9999
98005 114.7950 26.6417 1 9999
98021 115.8267 26.9586 1 9999
98037 115.4161 27.5203 1 9999
98043 114.2711 27.3772 1 9999
98044 114.2167 27.2978 1 9999
98053 114.0064 26.2231 1 9999
98055 114.3931 26.2517 1 9999
98063 114.3214 27.2353 1 9999
98065 114.3111 27.4711 1 9999
98071 115.6658 26.7056 1 9999
98076 114.1133 26.2822 1 9999
98080 114.1953 26.0831 1 9999
98092 114.1217 26.6050 1 9999
98094 113.9517 26.7414 1 9999
98097 115.2628 27.6583 1 9999
98125 114.8089 27.0142 1 9999
98126 114.9197 27.0292 1 9999
98137 114.4244 26.6461 1 9999
98152 115.5892 26.7847 1 9999
98154 114.9056 26.4494 1 9999
98432 114.8592 26.5414 1 9999
91143 116.7422 29.8256 1 9999
95250 114.1694 28.7403 1 9999
91152 115.8200 29.2306 1 02.3
91161 116.5847 29.2486 1 00.6
91168 116.4206 29.8514 1 9999
91175 114.0700 28.8536 1 9999
91270 115.3889 29.5453 1 9999
91271 115.1319 29.6642 1 9999
92115 118.0167 28.2167 1 9999
92122 117.9267 29.0867 1 9999
92125 117.9167 29.0000 1 01.3
92126 118.0333 29.0500 1 00.8
92142 118.1069 28.6894 1 00.1
92143 118.2833 28.6356 1 00.2
92144 118.1333 28.7000 1 00.2
91007 116.0019 29.1786 1 9999
91010 115.9244 29.5806 1 9999
91021 115.9078 29.4789 1 9999
91026 115.3514 29.2414 1 11.0
91030 115.6264 29.2433 1 01.7
91044 116.3328 29.5842 1 9999
91047 116.6333 29.9167 1 9999
91048 116.7103 29.7833 1 02.3
91051 115.3833 29.1500 1 02.4
91065 114.6167 28.8333 1 9999
91074 114.3306 29.0497 1 9999
91079 115.6044 29.1822 1 02.6
91084 116.6047 29.6433 1 9999
91088 116.5333 29.3667 1 00.1
91103 115.4489 29.5436 1 9999
91156 115.6853 29.1697 1 04.1
91311 114.6400 28.7958 1 9999
92014 117.0100 29.3903 1 01.4
92015 117.1422 28.6414 1 9999
92018 117.0150 28.7317 1 9999
92020 118.3617 28.3678 1 00.2
92153 118.0531 28.9200 1 00.5
92118 117.6611 28.5806 1 00.7
92175 116.7000 28.8000 1 9999
92180 116.5000 28.6500 1 9999
92187 117.9000 28.6500 1 00.8
92189 117.8000 28.6500 1 00.6
92192 118.2581 28.4281 1 00.2
92196 118.3358 28.3828 1 00.4
98098 114.1461 27.0911 1 9999
98099 113.9728 26.9506 1 9999
98105 115.4300 26.9578 1 9999
98106 114.9289 27.4275 1 9999
98113 114.5022 26.9806 1 9999
98114 114.8792 26.9775 1 9999
91050 115.1333 29.2333 1 01.2
91063 114.6000 29.1500 1 14.9
91072 114.7175 28.9931 1 10.0
91077 114.7072 29.1706 1 02.5
91078 115.4858 29.0558 1 04.2
91082 116.6333 30.0000 1 9999
91087 116.5333 29.2333 1 02.0
91089 116.4000 29.2667 1 00.1
91091 116.3000 29.4500 1 00.1
91115 115.9847 29.5644 1 9999
91116 115.9931 29.5758 1 9999
91122 114.4394 29.1078 1 18.9
91123 114.4539 29.1922 1 18.4
92200 116.9267 28.8217 1 00.2
92201 116.9247 28.5861 1 9999
92216 117.8100 29.3544 1 01.7
92220 117.6006 28.1453 1 9999
92221 117.5900 28.2672 1 9999
92226 117.8200 28.1886 1 9999
98130 114.8453 27.3397 1 9999
98131 114.9186 26.9739 1 9999
98138 114.3303 26.1969 1 9999
98139 115.3392 27.7503 1 9999
98153 115.6097 27.1294 1 9999
90031 115.9000 28.6833 1 9999
90317 116.4653 28.5453 1 9999
90112 116.1322 28.7322 1 15.6
90203 115.6544 28.6547 1 00.1
90205 115.7694 28.4317 1 9999
90207 115.6308 28.4478 1 9999
90209 115.7586 28.6000 1 00.1
90210 115.7347 28.5322 1 00.1
90211 115.9389 28.8533 1 00.1
90216 115.7219 28.4803 1 9999
90303 116.4064 28.4922 1 9999
90310 116.1217 28.2933 1 9999
90036 115.7861 28.8928 1 00.2
90103 115.9889 28.5722 1 9999
90007 116.0258 28.7622 1 00.1
90319 116.4778 28.4392 1 9999
90409 115.7214 28.8611 1 9999
91160 116.5181 29.2458 1 00.8
91181 114.3494 28.9742 1 00.7
91283 116.4019 29.5269 1 00.1
92242 116.5433 28.9972 1 00.5
92250 116.6714 29.1850 1 03.2
92251 116.9861 29.4261 1 00.2
92256 116.5700 29.1197 1 05.1
92266 117.5994 28.7089 1 00.1
92270 117.9142 29.2728 1 00.2
92276 118.0981 28.5731 1 00.1
92363 116.7047 28.9936 1 06.5
95006 114.4608 27.9622 1 9999
95013 115.2089 27.9039 1 9999
95023 115.2611 28.8006 1 9999
95088 115.4133 28.3528 1 9999
95101 115.5311 28.1836 1 00.2
95065 114.7022 28.2347 1 9999
95066 114.5500 28.4333 1 01.2
95073 114.2000 28.5833 1 00.5
95230 115.4300 28.2844 1 00.1
95050 115.4939 28.7325 1 00.1
95075 115.6528 28.2750 1 9999
95072 114.5500 28.7167 1 9999
95074 115.8125 28.3306 1 9999
95089 115.2556 28.2958 1 9999
95078 115.9181 28.0014 1 9999
95082 115.6817 28.0642 1 9999
97207 113.9367 27.2750 1 9999
97208 113.6206 27.6317 1 9999
97209 113.8106 27.4158 1 00.1
97212 113.9572 27.9214 1 9999
97214 113.9042 27.7064 1 9999
97222 113.6986 27.7150 1 01.7
97234 113.8944 27.4528 1 9999
97238 113.9119 27.6550 1 9999
97239 113.8922 27.6986 1 00.1
97241 114.0108 27.5156 1 00.1
98163 114.9886 26.6297 1 9999
98172 114.3067 26.9339 1 9999
98175 114.9606 27.3606 1 00.1
98176 115.1200 27.2686 1 9999
92364 116.9033 28.9917 1 01.2
92384 118.1039 28.4361 1 00.2
92385 118.1350 28.5128 1 00.7
92392 117.8744 28.4078 1 00.2
92395 117.4711 29.2614 1 08.5
92409 118.0833 28.6811 1 00.1
97203 114.1306 27.5681 1 9999
97205 114.0561 27.2572 1 9999
97233 114.1186 27.6975 1 9999
97235 113.9011 27.5397 1 9999
97237 113.8286 27.6300 1 9999
97248 113.8689 27.1672 1 9999
97250 113.9400 27.1128 1 9999
97296 113.9375 27.1417 1 9999
98185 114.3578 27.5253 1 9999
98202 115.1300 26.9086 1 9999
98203 115.0356 27.0547 1 9999
98204 114.2414 27.4967 1 9999
98205 113.9128 26.6328 1 9999
98207 113.9972 26.7575 1 9999
98209 114.2028 26.5897 1 9999
98223 115.4469 27.3047 1 9999
98431 114.7508 26.5669 1 9999
98606 114.1042 27.3778 1 9999
98814 115.3667 26.6739 1 9999
99174 114.3653 24.6017 1 9999
99249 115.6144 25.2256 1 9999
99047 115.0306 24.9019 1 9999
99078 116.3353 26.1539 1 9999
99101 114.5128 24.6050 1 9999
99115 115.9172 25.3061 1 9999
99164 114.4861 25.6700 1 9999
99094 115.1725 25.7992 1 9999
99013 114.9275 25.8328 1 9999
99099 114.9900 24.6872 1 9999
99135 116.2069 26.0306 1 9999
99221 114.7308 24.8817 1 9999
99003 114.9608 25.8644 1 9999
99005 114.9283 25.8422 1 9999
99058 114.2219 25.3639 1 9999
99063 114.6478 24.6500 1 9999
99064 114.4033 24.6850 1 9999
99145 115.4828 24.8044 1 9999
99244 115.7994 25.1900 1 9999
99097 115.6064 24.6522 1 9999
99176 115.6233 26.3508 1 9999
99193 115.6633 25.9967 1 9999
99203 115.8678 26.0853 1 9999
99261 114.7375 25.7031 1 9999
99282 115.7342 24.9347 1 9999
99673 115.6942 24.5997 1 9999
99681 115.0917 24.8981 1 9999
99037 114.8944 26.0011 1 9999
99092 116.0706 25.9061 1 9999
99098 115.3697 24.8544 1 9999
99128 115.2672 26.4631 1 9999
99136 116.0075 25.9569 1 9999
99140 114.7861 25.5375 1 9999
99180 115.2986 26.1850 1 9999
99181 115.2033 26.3083 1 9999
99194 115.3522 25.8717 1 9999
99202 115.7206 25.9392 1 9999
99204 115.9183 25.7678 1 9999
99205 115.8517 26.2531 1 9999
99209 115.8931 25.8425 1 9999
99212 115.3031 26.1017 1 9999
99214 114.9203 25.6161 1 9999
99226 116.1000 26.5272 1 9999
99242 115.0450 25.9053 1 9999
99254 114.5542 26.1269 1 9999
99257 114.7994 25.8131 1 9999
99259 114.7253 25.7594 1 9999
99260 114.6678 25.7261 1 9999
99276 115.3886 25.1308 1 9999
99640 114.6114 26.1856 1 9999
99674 115.8547 25.0878 1 9999
99015 116.0128 26.2858 1 9999
99049 114.3767 26.0217 1 9999
99052 114.4964 26.0831 1 9999
99057 114.4367 25.4436 1 9999
99077 116.1836 26.1447 1 9999
99079 114.8503 25.9567 1 9999
99080 114.5008 25.5567 1 9999
99100 115.1694 24.7450 1 9999
99107 114.9181 25.2514 1 9999
99108 114.7878 25.3178 1 9999
99109 114.0853 25.3917 1 9999
99125 116.0911 27.0431 1 9999
99148 115.1867 24.8678 1 9999
99155 115.3867 25.0539 1 9999
99163 114.4958 25.5600 1 9999
99172 115.6139 25.7508 1 9999
99220 114.7519 24.9367 1 9999
99236 115.9361 26.2400 1 9999
99245 115.6089 25.4908 1 9999
99247 115.7047 25.8778 1 9999
99266 114.4139 25.8186 1 9999
99284 114.3292 25.4628 1 9999
99292 114.1650 25.7283 1 9999
99293 114.7922 25.2597 1 9999
99295 115.0336 25.4544 1 9999
99297 115.1594 25.3550 1 9999
99300 116.3764 26.2972 1 9999
99645 114.9364 25.0858 1 9999
99654 115.5564 25.3483 1 9999
99657 114.6983 24.8481 1 9999
99717 116.2200 26.4578 1 9999
99243 115.1175 26.0986 1 9999
99255 114.6669 26.1239 1 9999
99006 114.9336 25.8728 1 9999
99039 114.6944 25.8431 1 9999
99042 115.1019 25.3336 1 9999
99048 114.8883 24.6706 1 9999
99187 115.4892 26.5092 1 9999
99188 115.4550 26.4175 1 9999
99253 115.8364 25.3583 1 9999
99294 114.8261 25.1219 1 9999
99299 114.8072 25.4664 1 9999
99821 115.1778 24.8547 1 00.1
99836 115.3578 25.3739 1 9999
99824 115.8336 26.1750 1 9999
99825 115.9628 26.2106 1 9999
99828 114.2361 25.3800 1 9999
99802 114.9367 25.0856 1 9999
99805 114.5422 24.9639 1 9999
99815 115.4042 25.6364 1 9999
99833 115.3458 26.2792 1 9999
99811 114.8028 24.7933 1 9999
92154 118.0608 28.9017 1 01.0
92163 117.5136 28.3942 1 00.1
95014 116.0472 28.2611 1 9999
95018 115.5972 28.1528 1 9999
95031 115.0814 28.3200 1 9999
95043 114.3061 27.8042 1 9999
95107 115.1625 28.1917 1 9999
95122 115.8167 28.0500 1 9999
98020 115.4944 27.4333 1 04.4
98039 115.5208 27.1792 1 9999
98045 114.7900 27.1886 1 9999
98048 115.0061 26.3472 1 9999
98056 114.2806 26.2172 1 9999
91009 115.9792 29.6406 1 9999
91011 116.1006 29.7544 1 9999
91049 116.4297 29.7536 1 00.3
91276 115.6439 29.4906 1 9999
91284 116.3164 29.3822 1 00.1
92066 116.8686 29.3564 1 00.1
92072 116.9722 28.5533 1 9999
93014 117.0869 29.0617 1 01.8
94033 116.8328 28.3492 1 00.1
94034 117.1306 28.5500 1 00.2
94035 116.9244 28.2053 1 9999
93048 117.1383 29.4350 1 05.1
93012 117.3753 29.1314 1 01.4
93005 117.3000 29.0333 1 01.4
93013 117.2131 29.1000 1 03.1
93003 117.2039 29.3517 1 02.7
93036 117.3839 29.4847 1 02.6
93043 117.1036 29.0183 1 01.1
93042 117.0167 28.9500 1 00.8
93004 117.5675 29.5319 1 04.9
93021 117.4500 29.4667 1 04.0
93015 117.2258 28.9833 1 00.6
93018 117.2036 29.3058 1 07.2
93020 117.0708 29.2556 1 9999
93044 117.1692 29.2653 1 02.6
94010 117.2014 28.2111 1 9999
94011 117.2119 28.0400 1 9999
98815 114.8694 27.1331 1 9999
98904 114.1761 26.4819 1 9999
94021 117.0869 28.2567 1 9999
94026 117.0228 28.1747 1 9999
90208 115.6139 28.5606 1 9999
96090 116.3933 26.6214 1 9999
96091 116.4075 26.8289 1 9999
96100 116.5792 26.9203 1 01.1
96101 116.4831 27.0308 1 9999
96112 116.8969 27.6942 1 9999
96114 116.2411 27.6569 1 9999
96116 116.1819 27.8700 1 9999
96120 116.3117 27.9494 1 9999
96121 116.7517 27.8278 1 9999
96128 116.7836 28.3228 1 00.1
96129 116.5283 28.1294 1 9999
96301 116.5903 27.7608 1 9999
96302 116.4167 27.7131 1 9999
96310 116.3636 28.0108 1 9999
96317 116.8878 27.9086 1 9999
96319 116.7303 28.0419 1 9999
96323 116.6031 27.4697 1 9999
96326 116.9072 27.2386 1 9999
96333 116.2700 27.6331 1 9999
96336 116.2478 27.8125 1 9999
96340 116.0458 27.6450 1 9999
96346 115.7536 27.5942 1 9999
96347 115.8464 27.3533 1 9999
96349 115.8758 27.1686 1 9999
96351 116.3692 27.9692 1 9999
96354 117.0986 27.4392 1 00.1
96355 116.2625 27.8936 1 9999
96433 116.1489 28.0567 1 9999
96435 116.4492 27.4122 1 9999
96455 116.9589 27.7794 1 9999
96001 116.2839 27.7125 1 9999
96006 116.2719 27.8461 1 9999
96013 116.7142 28.1778 1 9999
96014 116.6358 28.0686 1 9999
96015 116.4681 28.1353 1 9999
96018 116.6447 27.8736 1 9999
96022 116.5869 27.9958 1 9999
96024 116.3972 27.7878 1 9999
96027 116.9675 27.5875 1 9999
96028 117.1411 27.7006 1 9999
96029 116.5056 27.6258 1 9999
96033 115.9150 27.7472 1 9999
96034 116.0278 27.5578 1 9999
96042 116.1250 27.3033 1 9999
96044 116.2203 27.3522 1 9999
96049 115.7000 27.5500 1 9999
96050 115.7269 27.3006 1 9999
96063 116.7108 27.4936 1 9999
96065 116.2708 27.0264 1 9999
96070 116.6475 27.1514 1 9999
96071 116.4300 27.2492 1 9999
96076 116.8050 27.2283 1 9999
96081 116.1947 26.7475 1 9999
93008 117.4258 28.9175 1 9999
99812 115.8000 25.2517 1 9999
99072 115.8178 25.1458 1 9999
99207 116.0317 25.8456 1 9999
99059 114.3872 25.5122 1 9999
99065 114.4667 24.9506 1 9999
99189 115.5831 26.0156 1 9999
92239 117.0083 29.1447 1 05.7
92243 116.6133 29.1600 1 03.9
92244 116.9906 29.6181 1 9999
92245 116.6764 29.0850 1 15.1
92247 116.8172 28.9567 1 01.5
92249 116.5806 29.2911 1 9999
92262 116.8014 29.3522 1 9999
92264 118.0756 28.0667 1 00.2
92353 118.2006 28.2497 1 00.1
92354 118.4339 28.4550 1 00.3
95027 115.1164 28.5958 1 9999
95035 114.7736 28.5244 1 9999
95044 114.0400 28.0131 1 9999
95144 115.1939 28.8003 1 9999
95048 114.0333 27.9333 1 9999
95057 114.9347 28.3092 1 9999
95059 114.6014 28.2047 1 9999
95061 114.9792 28.2619 1 9999
95085 115.3067 27.9208 1 9999
95047 114.4931 28.0117 1 9999
95049 115.3681 28.6947 1 9999
95084 115.1808 27.9806 1 9999
95092 115.4083 28.2297 1 9999
95052 115.4383 28.8186 1 9999
95083 115.1556 27.9208 1 9999
95264 115.2989 29.0503 1 04.9
97218 113.7953 27.6492 1 9999
97219 113.9608 27.6292 1 9999
97220 113.8661 27.5792 1 9999
97226 113.7078 27.5494 1 9999
97245 113.9192 26.9936 1 00.1
97252 113.9519 27.3553 1 9999
97286 114.0261 27.6258 1 9999
98160 114.8489 26.6361 1 9999
98161 114.7031 26.1778 1 9999
98167 115.2514 26.6753 1 9999
98168 113.9747 26.9850 1 00.1
98169 114.1414 26.9122 1 00.1
98173 114.1100 27.0656 1 9999
98174 115.0067 27.4333 1 9999
98182 114.7161 27.4281 1 9999
92382 117.6917 28.4667 1 00.2
92393 117.7750 28.3886 1 00.1
92398 117.7086 28.3008 1 9999
92403 118.0167 29.2000 1 9999
92408 118.2667 28.8000 1 00.4
97215 113.7736 27.7394 1 9999
97217 113.8819 27.6089 1 9999
97232 114.0314 27.6694 1 9999
97243 114.1672 27.4614 1 9999
97244 114.1644 27.4553 1 9999
97247 113.9028 27.3794 1 9999
97249 114.0578 27.2922 1 9999
98184 114.5914 27.2108 1 9999
98186 114.4108 27.2369 1 9999
98192 114.9667 27.1008 1 9999
98193 115.0669 26.6422 1 9999
98194 115.1347 26.5983 1 9999
98212 114.5869 26.4061 1 9999
98213 114.5747 26.3503 1 9999
98214 115.3250 27.6064 1 9999
98215 114.1353 27.0169 1 9999
98217 114.2819 27.0147 1 9999
98219 114.1239 26.8731 1 9999
98220 114.4083 26.8708 1 9999
98221 115.3408 27.2331 1 9999
98326 114.3269 26.5219 1 9999
98327 114.1136 26.0439 1 9999
98383 115.7975 27.1019 1 9999
98450 115.6364 27.7975 1 9999
98451 115.4861 27.5986 1 00.1
98501 115.4283 27.4800 1 9999
98551 115.2597 27.0542 1 9999
98701 114.7758 27.5644 1 9999
98762 115.0572 26.4736 1 9999
99269 115.2142 24.9106 1 9999
99035 114.9914 25.6189 1 9999
99026 115.2542 25.8792 1 9999
99033 115.4678 26.6403 1 9999
99088 115.5608 26.4347 1 9999
99298 115.1094 25.0744 1 9999
99089 115.4944 25.7444 1 9999
99117 115.0411 25.8142 1 9999
99302 114.7997 24.7883 1 9999
99012 115.2044 25.2633 1 9999
99014 116.1631 26.5919 1 00.1
99019 115.9011 25.9433 1 9999
99119 114.8803 25.7961 1 9999
99001 114.8414 25.8958 1 9999
99111 114.2706 25.5469 1 9999
99248 115.5958 25.6981 1 9999
99032 115.0939 26.3653 1 9999
99045 115.0539 25.2008 1 9999
99067 115.3003 24.9392 1 9999
99074 115.5264 24.7408 1 9999
99018 115.8486 26.1717 1 9999
99021 116.2664 25.9861 1 9999
99034 115.1450 26.1664 1 9999
99055 114.0139 25.7350 1 9999
99087 115.7736 26.4933 1 9999
99093 114.9569 25.9456 1 9999
99095 114.6483 25.6397 1 9999
99132 115.6194 25.9292 1 9999
99133 115.2889 25.9356 1 9999
99134 116.0417 26.1028 1 9999
99142 114.6981 25.9125 1 9999
99167 114.5253 25.8756 1 9999
99197 115.5928 26.2783 1 9999
99199 115.2947 25.6922 1 9999
99208 116.0717 25.9931 1 9999
99234 115.9778 26.2122 1 9999
99258 114.7361 25.7900 1 9999
99716 115.4400 25.7533 1 9999
99723 116.0461 25.5736 1 9999
99725 115.2131 25.7275 1 9999
99044 114.8178 25.4003 1 9999
99062 114.8947 24.7822 1 9999
99068 115.3861 25.4833 1 9999
99069 115.3703 25.2675 1 9999
99082 114.8233 25.8850 1 9999
99105 115.3581 25.5353 1 9999
99122 116.4408 26.4267 1 9999
99124 116.3622 26.2147 1 9999
99126 115.8647 26.4422 1 9999
99146 115.1314 24.9997 1 9999
99152 114.5400 24.7997 1 9999
99154 114.6819 25.0794 1 9999
99156 115.4239 25.3828 1 9999
99222 114.6019 24.8722 1 9999
99232 116.0617 26.6214 1 9999
99265 114.4594 25.7469 1 9999
99267 114.2539 25.9144 1 9999
99272 115.4475 25.3036 1 9999
99274 115.4367 25.5447 1 9999
99286 114.5539 25.7200 1 9999
99650 114.5975 25.7947 1 9999
99685 115.5769 26.5583 1 9999
99686 115.3450 26.5456 1 9999
99714 115.5722 25.2078 1 9999
99719 116.5531 26.5336 1 9999
99038 114.6711 26.0561 1 9999
99043 114.8344 25.2706 1 9999
99118 114.7997 25.9061 1 9999
99161 114.1050 25.3236 1 9999
99185 115.1603 26.4792 1 9999
99191 115.7681 25.9942 1 9999
99251 115.7742 25.5106 1 9999
99268 115.3153 24.9975 1 9999
99653 115.4425 24.9750 1 9999
99683 114.2544 25.6692 1 9999
99712 115.8347 25.5239 1 9999
99808 114.5489 25.9078 1 9999
99841 114.6833 25.9667 1 9999
99817 115.6611 26.2386 1 9999
99819 115.1547 26.1258 1 9999
99822 114.9547 24.7028 1 00.1
99835 115.3425 24.9331 1 9999
99801 114.9467 25.7781 1 9999
99804 114.7042 25.3844 1 9999
99810 114.8828 24.9033 1 9999
99831 116.2650 26.1969 1 9999
99834 115.3358 26.5319 1 9999
99838 115.7328 25.0039 1 9999
92157 118.1569 28.8608 1 00.1
92159 118.2239 28.7417 1 00.1
92161 118.1269 28.6136 1 00.2
92167 117.5108 28.2181 1 9999
95022 115.3689 28.8706 1 00.2
95029 115.1064 28.1100 1 00.1
95036 114.8361 28.4358 1 9999
95076 115.8625 28.2444 1 9999
98041 115.0469 27.3169 1 9999
98046 115.1892 26.7592 1 9999
98051 114.1725 26.8756 1 9999
98073 115.5583 27.2761 1 9999
91005 116.4222 29.2164 1 03.6
91008 115.9850 29.6742 1 9999
91013 116.1153 29.6261 1 9999
91015 115.9678 29.7056 1 9999
91020 115.8814 29.5181 1 9999
91036 115.5400 29.7675 1 9999
91043 114.5444 28.9422 1 9999
91277 115.6572 29.3150 1 9999
91290 116.8661 29.9744 1 9999
92061 118.3006 28.2064 1 00.1
94031 116.9536 28.3208 1 9999
94036 117.0014 28.2214 1 9999
93001 117.0797 29.5244 1 00.8
93006 117.3036 28.8989 1 00.5
93053 117.3044 29.3192 1 15.2
93031 117.1781 29.2197 1 02.9
93019 117.2433 29.3017 1 11.3
93030 117.3231 29.2292 1 05.5
93054 117.3633 29.7739 1 9999
93060 117.2869 28.8656 1 9999
94002 117.2533 28.5128 1 9999
94004 117.2900 28.4522 1 00.2
94007 117.3386 28.0417 1 9999
94008 117.1842 27.9083 1 9999
94009 117.1194 28.0906 1 9999
94020 117.0378 28.1047 1 9999
96113 116.1369 27.6467 1 9999
96125 116.6825 27.3103 1 9999
96126 116.7619 27.0764 1 00.8
96130 116.3683 27.6236 1 00.1
96131 116.3081 27.4919 1 9999
96137 116.1558 27.8644 1 9999
96138 115.9864 27.8767 1 9999
96139 116.0686 27.7050 1 00.1
96141 115.9781 27.5422 1 9999
96306 116.2242 28.0792 1 9999
96307 116.2942 28.0058 1 00.5
96309 116.3092 28.1083 1 9999
96316 116.5606 28.2525 1 9999
96324 117.0339 27.4169 1 00.1
96325 116.8906 27.1203 1 00.1
96328 116.8589 27.0822 1 00.2
96334 115.9778 27.6847 1 00.1
96335 116.0461 27.8500 1 9999
96338 116.1989 27.9103 1 9999
96343 115.7561 27.1917 1 9999
96344 115.9222 27.3094 1 9999
96348 116.1494 27.3711 1 9999
96352 116.2564 28.0919 1 9999
90402 115.5350 28.8392 1 9999
96003 116.1553 27.9283 1 9999
96004 116.5097 27.7608 1 9999
96005 116.4733 27.9097 1 9999
96008 116.3006 28.1761 1 9999
96011 116.5406 28.3731 1 9999
96016 116.2589 28.0275 1 9999
96023 116.3681 28.1131 1 9999
96025 117.1292 27.8358 1 9999
96043 116.3458 27.4017 1 00.1
96045 116.4339 27.5225 1 9999
96046 116.3908 27.5214 1 9999
96052 115.9333 27.1139 1 9999
96054 115.7267 27.4906 1 9999
96057 116.6172 27.6142 1 9999
96058 116.8833 27.5069 1 00.1
96059 116.6539 27.3794 1 9999
96060 116.5372 27.3597 1 9999
96061 116.7861 27.6081 1 9999
96066 116.5744 27.2681 1 9999
99054 114.1350 25.8161 1 9999
99075 116.4853 26.4683 1 9999
99173 115.6936 25.4536 1 9999
99020 115.9742 25.6489 1 9999
99017 116.0131 26.9211 1 9999
99053 114.1431 25.5917 1 9999
99073 115.8106 24.9361 1 9999
97004 114.9458 27.7764 1 9999
92030 117.5200 28.5531 1 00.1
92046 117.7361 28.0083 1 00.1
92053 117.8211 28.4433 1 00.2
92077 117.2214 28.6614 1 9999
92082 118.3667 28.5167 1 00.4
92084 117.7394 28.0103 1 9999
92089 117.5392 28.0533 1 9999
92094 117.6850 28.3239 1 9999
92097 116.7000 28.5167 1 00.2
92098 116.7833 28.7000 1 00.1
92099 116.5667 28.6333 1 9999
92102 116.6167 28.5167 1 9999
92104 116.7667 28.3833 1 9999
92112 118.0000 28.3833 1 9999
91093 116.2500 29.3333 1 9999
91095 116.2903 29.2167 1 00.5
91100 115.3272 29.5953 1 9999
91101 115.1889 29.5797 1 9999
91107 115.7736 29.6167 1 9999
91108 115.7314 29.6425 1 9999
91109 115.7914 29.7647 1 9999
91110 115.6722 29.6150 1 9999
91111 115.6922 29.8372 1 9999
91118 114.6667 29.2333 1 03.3
91119 114.8422 29.2544 1 00.3
92012 116.7839 28.8831 1 00.3
92019 118.4006 28.3464 1 00.1
92041 117.8411 28.9469 1 02.1
92054 117.7500 28.5794 1 00.6
92055 118.0900 28.0800 1 9999
92087 117.6083 27.9661 1 9999
92169 117.4594 28.4631 1 00.2
95001 114.3917 27.6192 1 9999
95011 115.4108 28.0019 1 9999
95016 115.7917 27.8653 1 04.5
95028 115.1611 28.3625 1 9999
95033 114.9653 28.1228 1 9999
95042 114.1622 28.0558 1 9999
95060 114.8392 28.2072 1 9999
95094 114.1672 27.9883 1 9999
95098 114.3911 27.8411 1 9999
95099 114.0792 27.7781 1 9999
95105 115.3083 28.5417 1 9999
95108 115.3292 28.3500 1 9999
95115 115.7861 28.2458 1 00.1
95125 114.0778 28.1061 1 9999
95130 114.9167 28.2347 1 9999
95135 115.3939 28.8144 1 9999
95138 114.3700 28.5300 1 01.1
95142 115.0053 28.6767 1 9999
95143 115.0722 28.6839 1 9999
95146 114.9167 28.4167 1 9999
95150 114.1456 27.8569 1 9999
95151 114.4453 27.7967 1 9999
95159 114.2839 27.5906 1 9999
95226 115.7200 27.7967 1 9999
95263 115.2186 28.9450 1 04.2
97003 115.1136 27.8547 1 9999
97005 114.9103 27.6742 1 9999
97008 115.0053 28.0639 1 9999
97023 114.9147 27.8208 1 9999
97024 114.5900 27.6700 1 9999
97025 114.7600 27.6867 1 9999
97032 114.6756 28.0703 1 9999
97033 114.8164 28.0150 1 9999
97034 114.7467 27.9347 1 00.1
97038 114.6831 27.6831 1 9999
97043 114.8906 27.8414 1 9999
97045 114.8369 27.9322 1 00.1
97055 114.6806 27.6850 1 9999
98002 114.2867 26.3436 1 9999
98004 114.6028 26.5372 1 9999
98007 114.2344 26.4817 1 9999
98008 113.9711 26.7228 1 9999
98010 114.9139 27.1856 1 9999
98011 115.1139 26.9750 1 9999
98016 115.4306 27.9236 1 9999
98027 114.6039 26.8967 1 9999
98030 0 0 1 9999
98031 0 0 1 9999
98050 0 0 1 9999
98061 114.7172 26.5856 1 9999
98066 114.3994 27.1353 1 9999
98075 115.3786 27.3494 1 00.2
98082 115.0589 26.5611 1 9999
98087 114.8456 26.9419 1 9999
98088 115.4508 27.8992 1 9999
98089 115.6475 27.6783 1 9999
98102 114.0800 26.9358 1 9999
98103 114.3625 27.0206 1 9999
98128 114.8994 27.3408 1 9999
98144 115.4433 27.6478 1 9999
98657 114.3342 26.8335 1 9999
92092 117.7697 28.0728 1 9999
95256 114.2592 27.6053 1 9999
91148 115.9350 29.4283 1 9999
91153 115.6486 29.4269 1 00.1
91154 115.7119 29.2797 1 00.2
91174 114.6722 28.9217 1 9999
91268 115.7183 29.6172 1 9999
91269 115.8197 29.5006 1 9999
91273 115.5081 29.3050 1 00.2
92116 117.8333 28.4500 1 00.1
92123 117.5667 28.7667 1 9999
92124 117.8333 28.9167 1 9999
92132 118.2800 28.4633 1 00.6
92151 117.6417 29.0372 1 9999
91003 116.0703 29.4622 1 00.1
91004 116.1083 29.3911 1 9999
91016 115.9325 29.7111 1 9999
91031 115.5808 28.9825 1 9999
91045 116.3358 29.6628 1 9999
91053 114.6433 29.3158 1 00.6
91066 114.1047 28.9564 1 01.9
91083 116.7333 29.9167 1 9999
91085 115.7294 29.4628 1 9999
91086 115.9408 29.3025 1 9999
91098 115.5386 29.5203 1 9999
91140 116.4639 29.4019 1 9999
91162 116.4000 29.2958 1 9999
91166 115.4414 29.5844 1 9999
92017 116.9642 28.8489 1 9999
92106 118.0689 28.1422 1 00.1
92171 116.6167 28.8333 1 00.4
92177 116.7667 28.5333 1 9999
92179 116.7000 28.6000 1 00.1
92185 117.9667 28.5000 1 9999
92188 118.0167 28.2667 1 9999
92193 118.2511 28.3883 1 00.1
92194 118.1989 28.4092 1 9999
98090 115.4681 27.8378 1 9999
98104 115.1292 27.1594 1 00.1
98111 115.0156 27.0303 1 9999
98117 115.0553 27.1419 1 9999
98120 114.2678 26.2922 1 9999
98121 114.1606 26.5600 1 9999
91055 115.1000 29.3000 1 02.4
91056 115.1000 29.4000 1 00.6
91060 115.2667 29.3167 1 9999
91061 114.9167 29.1667 1 02.0
91073 114.2394 29.0083 1 02.4
91075 114.4094 29.2844 1 05.7
91094 116.2667 29.3833 1 00.1
92206 118.0794 29.4558 1 00.6
92210 117.5558 29.1836 1 00.2
92211 117.9000 29.3469 1 03.9
92228 117.5100 28.2136 1 9999
92232 117.5167 28.3167 1 9999
92233 117.4450 28.2106 1 9999
92234 117.3183 28.6556 1 9999
92235 117.5692 28.6369 1 00.1
92237 116.9000 28.9833 1 01.5
98127 114.7303 27.2097 1 9999
98129 114.9217 27.2536 1 9999
98142 115.5472 27.5633 1 9999
98143 115.6847 27.7100 1 9999
90316 116.0742 28.3761 1 9999
90202 115.8144 28.8522 1 00.3
90204 115.5711 28.5128 1 9999
90301 116.3781 28.6811 1 9999
90304 116.1492 28.4153 1 9999
90305 116.2256 28.5286 1 9999
90308 116.4967 28.3297 1 9999
90030 115.6706 28.7483 1 9999
90042 116.2881 28.7350 1 03.1
90044 116.0294 28.6783 1 16.4
90047 116.0353 28.6503 1 10.6
90048 115.6406 28.6997 1 9999
90100 116.2236 28.8703 1 01.2
90101 116.0892 28.8636 1 9999
90107 115.8847 28.3183 1 9999
90108 116.0572 28.2894 1 9999
90109 116.2578 28.6861 1 9999
90002 116.3539 28.9481 1 00.1
90003 116.1800 28.7156 1 22.9
90004 116.0989 28.6056 1 9999
90005 116.4167 28.6056 1 9999
90020 115.8550 28.6881 1 9999
90021 116.0019 28.6781 1 07.2
90401 115.5461 28.8550 1 9999
90404 115.6272 28.7994 1 9999
90406 115.6386 28.8678 1 9999
90415 115.4719 28.9886 1 9999
91141 116.1361 29.4261 1 00.1
91147 115.8672 29.2925 1 01.4
91149 116.0044 29.5308 1 9999
91165 115.6386 29.6989 1 9999
91172 114.5428 29.2308 1 07.2
91176 114.0350 28.9972 1 01.6
91180 114.0900 29.0794 1 00.8
91279 116.0097 29.3711 1 9999
