WNDROBS 01.20
57793 0114.3600 027.7900 00130.0 LC 20130629155500
ROBS
00100 118.0 005.2 -000.3 100 100 1.3e-020
00160 118.0 005.7 -000.4 100 100 2.7e-020
00220 112.0 006.2 -000.4 100 100 2.4e-020
00280 115.0 006.3 -000.3 100 100 1.7e-020
00340 118.0 006.3 -000.3 100 100 1.7e-020
00400 122.0 006.2 -000.3 100 100 3.8e-020
00460 135.0 006.3 -000.3 100 100 3.8e-020
00520 149.0 008.1 -000.3 100 100 2.8e-020
00580 157.0 008.8 -000.4 100 100 7.4e-020
00640 162.0 009.6 -000.4 100 100 4.6e-020
00700 166.0 009.6 -000.4 100 100 2.9e-020
00760 168.0 009.6 -000.6 100 100 2.1e-020
00820 172.0 010.4 -000.4 100 100 5.3e-020
00880 173.0 011.3 -000.6 100 100 5.4e-020
00940 173.0 012.2 -000.6 100 100 1.1e-019
01000 173.0 012.1 -000.6 100 100 1.2e-019
01060 177.0 011.1 -000.7 100 100 2.5e-020
01120 176.0 010.0 -000.6 100 100 1.9e-020
01180 175.0 007.4 -000.5 100 100 2.6e-020
01240 186.0 008.2 -000.5 100 100 3.0e-020
01300 192.0 008.1 -000.4 100 100 2.4e-020
01360 196.0 007.4 -000.7 100 100 2.1e-020
01420 192.0 007.0 -000.8 100 100 2.6e-020
01480 193.0 006.3 -000.6 100 100 3.0e-020
01540 197.0 005.4 -000.3 100 100 2.1e-020
01600 198.0 006.0 -000.3 100 100 2.7e-020
01660 204.0 006.8 -000.4 100 100 3.0e-020
01720 210.0 007.7 -000.7 100 100 2.6e-020
01780 211.0 007.9 -000.6 100 100 2.0e-020
01840 214.0 008.9 -000.5 100 100 1.5e-020
01900 216.0 009.3 -000.4 100 100 1.3e-020
01960 221.0 010.6 -000.2 100 100 9.1e-021
02020 226.0 011.5 -000.3 100 100 8.5e-021
02080 226.0 011.2 -000.2 100 100 7.0e-021
02140 228.0 011.9 -000.2 100 100 8.5e-021
02200 225.0 010.8 -000.2 100 100 6.3e-021
02260 227.0 010.0 -000.2 100 100 7.1e-021
02320 228.0 010.4 -000.2 100 100 8.3e-021
02380 232.0 010.0 -000.1 100 100 6.7e-021
02440 232.0 010.0 0000.0 100 100 3.4e-021
02500 227.0 011.4 -000.4 100 100 2.4e-021
02560 216.0 009.4 -000.2 100 100 3.6e-021
02620 214.0 009.3 -000.2 100 100 5.2e-021
02680 213.0 009.4 -000.2 100 100 6.7e-021
02740 210.0 008.4 -000.3 100 100 6.2e-021
02800 216.0 008.1 -000.2 100 100 2.3e-020
02860 221.0 008.9 -000.2 100 100 2.6e-020
02920 225.0 009.4 0000.0 100 100 1.1e-020
02980 224.0 009.6 0000.0 100 100 5.8e-021
03040 229.0 009.1 -000.1 100 100 5.3e-021
03100 241.0 009.3 0000.0 100 100 3.3e-021
03160 240.0 009.5 0000.0 100 100 3.3e-021
03220 234.0 008.5 0000.0 100 100 3.7e-021
03280 235.0 008.7 0000.0 100 100 3.9e-021
03340 237.0 008.6 0000.0 100 100 3.8e-021
03400 223.0 006.3 -000.1 100 100 3.2e-021
03460 210.0 005.2 -000.6 100 100 3.5e-021
03520 225.0 006.6 -000.1 100 100 2.8e-021
03580 223.0 006.5 0000.0 100 100 3.1e-021
03640 214.0 005.7 0000.0 100 100 3.4e-021
03700 217.0 006.4 0000.0 100 100 3.6e-021
03760 219.0 007.2 0000.0 100 100 3.3e-021
03820 217.0 008.1 0000.7 100 100 5.0e-021
03880 217.0 008.2 -000.1 100 100 5.5e-021
03940 201.0 006.9 -000.4 100 100 3.8e-021
04000 204.0 007.1 0000.0 100 100 3.6e-021
04060 135.0 007.5 0000.0 100 100 3.2e-021
04120 168.0 006.5 0000.3 100 100 1.9e-021
04180 165.0 006.7 0000.0 100 100 1.5e-021
04240 187.0 007.1 0000.1 100 100 4.3e-021
04300 208.0 008.5 -000.3 100 100 6.2e-021
04360 205.0 008.3 -000.3 100 100 1.2e-020
04420 212.0 009.2 0000.0 100 100 7.6e-021
04480 221.0 008.3 0000.0 100 100 4.3e-021
04540 ///// ///// 0000.5 000 000 4.4e-021
04600 ///// ///// 0000.0 000 000 2.5e-021
04660 ///// ///// 0000.1 000 000 4.1e-021
04720 ///// ///// 0000.0 000 000 4.0e-021
04780 224.0 006.3 0000.0 100 100 3.2e-021
04840 ///// ///// 0000.0 000 000 4.1e-021
04900 ///// ///// -000.3 000 000 3.8e-021
04960 ///// ///// 0000.0 000 000 1.3e-021
05020 ///// ///// 0002.5 000 000 4.9e-021
05080 ///// ///// -000.5 000 000 3.6e-021
05140 ///// ///// 0000.0 000 000 4.2e-021
05200 ///// ///// 0001.3 000 000 3.1e-021
05260 ///// ///// 0000.0 000 000 2.9e-021
05320 ///// ///// 0000.3 000 000 3.1e-021
05380 ///// ///// 0000.0 000 000 3.4e-021
05440 ///// ///// -000.5 000 000 5.2e-021
05500 ///// ///// 0000.0 000 000 4.4e-021
05560 ///// ///// 0000.0 000 000 2.9e-021
05620 ///// ///// 0000.0 000 000 5.8e-021
05680 ///// ///// 0000.3 000 000 6.3e-021
05740 ///// ///// 0000.0 000 000 4.9e-021
05800 ///// ///// -000.2 000 000 1.7e-021
05860 ///// ///// 0000.0 000 000 3.3e-021
05920 ///// ///// 0000.0 000 000 5.8e-021
05980 ///// ///// 0000.0 000 000 4.4e-021
NNNN
