WNDROBS 01.20
57793 0114.3600 027.7900 00130.0 LC 20130629222000
ROBS
00100 071.0 004.5 0001.2 100 100 4.7e-021
00160 071.0 005.0 0001.3 100 100 1.0e-020
00220 092.0 003.0 0002.1 100 100 6.7e-021
00280 102.0 002.8 -000.1 100 100 1.4e-020
00340 131.0 002.7 -000.1 100 100 1.2e-020
00400 132.0 002.9 0000.0 100 100 1.6e-020
00460 157.0 004.5 0000.2 100 100 2.6e-020
00520 164.0 006.6 0000.2 100 100 3.4e-020
00580 166.0 008.3 0000.2 100 100 1.4e-019
00640 174.0 006.4 0000.0 100 100 2.1e-019
00700 183.0 004.5 -000.1 100 100 1.1e-019
00760 186.0 002.8 -000.2 100 100 4.0e-020
00820 192.0 003.4 -000.4 100 100 1.3e-020
00880 222.0 004.5 -000.0 100 100 1.2e-020
00940 231.0 005.6 -000.3 100 100 6.5e-021
01000 247.0 005.0 -000.0 100 100 7.2e-021
01060 224.0 001.2 -000.2 100 100 1.4e-021
01120 216.0 001.7 -000.3 100 100 2.0e-021
01180 217.0 003.1 -000.2 100 100 3.3e-021
01240 214.0 004.0 -000.2 100 100 3.7e-021
01300 213.0 005.2 -000.4 100 100 2.8e-021
01360 223.0 007.1 -000.0 100 100 2.8e-021
01420 218.0 008.0 0000.1 100 100 4.5e-021
01480 229.0 008.1 0000.1 100 100 3.6e-021
01540 231.0 009.7 0000.1 100 100 5.3e-021
01600 232.0 009.7 -000.0 100 100 4.6e-021
01660 234.0 009.5 -000.1 100 100 3.1e-021
01720 236.0 011.1 -000.2 100 100 2.9e-021
01780 235.0 010.2 0000.0 100 100 1.8e-021
01840 237.0 011.0 0000.0 100 100 1.0e-021
01900 238.0 012.0 0000.3 100 100 1.8e-021
01960 232.0 010.3 0000.2 100 100 1.7e-021
02020 231.0 010.5 0000.0 100 100 1.6e-021
02080 230.0 010.8 0000.0 100 100 1.6e-021
02140 231.0 010.8 0000.1 100 100 1.9e-021
02200 227.0 010.6 -000.2 100 100 2.6e-021
02260 225.0 009.9 -000.1 100 100 6.0e-021
02320 227.0 010.1 -000.3 100 100 7.7e-021
02380 216.0 008.4 -000.3 100 100 7.7e-021
02440 212.0 008.8 -000.4 100 100 6.7e-021
02500 205.0 009.0 -000.4 100 100 6.1e-021
02560 202.0 008.7 -000.3 100 100 9.8e-021
02620 202.0 008.8 -000.1 100 100 7.7e-021
02680 196.0 008.8 0000.0 100 100 2.3e-021
02740 199.0 006.8 0000.0 100 100 2.5e-021
02800 203.0 006.0 0000.0 100 100 2.5e-021
02860 193.0 009.0 -000.2 100 100 1.9e-021
02920 198.0 009.3 -000.2 100 100 2.9e-021
02980 199.0 008.8 0000.0 100 100 2.0e-021
03040 202.0 007.9 0000.0 100 100 2.8e-021
03100 207.0 008.4 0000.0 100 100 9.9e-022
03160 207.0 008.4 0000.0 100 100 2.8e-021
03220 205.0 008.4 0000.4 100 100 2.7e-021
03280 211.0 007.1 0000.1 100 100 2.9e-021
03340 210.0 007.6 0000.0 100 100 7.1e-021
03400 211.0 008.0 0000.0 100 100 3.2e-021
03460 217.0 009.7 -006.6 100 100 3.4e-021
03520 221.0 009.1 0000.0 100 100 5.8e-021
03580 227.0 008.4 0000.0 100 100 4.0e-021
03640 201.0 007.0 0000.0 100 100 3.2e-021
03700 212.0 007.9 0000.0 100 100 2.8e-021
03760 196.0 006.9 -000.1 100 100 6.8e-021
03820 197.0 006.3 -000.3 100 100 5.2e-021
03880 201.0 005.3 -000.1 100 100 6.0e-021
03940 199.0 005.9 -000.1 100 100 4.7e-021
04000 202.0 005.3 -000.1 100 100 5.6e-021
04060 224.0 007.1 -000.2 100 100 1.1e-020
04120 230.0 007.2 -000.3 100 100 2.2e-020
04180 231.0 007.5 -000.2 100 100 1.9e-020
04240 233.0 009.0 -000.1 100 100 1.7e-020
04300 238.0 008.8 0000.0 100 100 1.6e-020
04360 243.0 009.3 -000.0 100 100 1.9e-020
04420 241.0 009.8 -000.2 100 100 1.8e-020
04480 246.0 010.6 0000.2 100 100 1.3e-020
04540 244.0 011.2 -000.3 100 100 1.4e-020
04600 243.0 011.2 -000.4 100 100 8.6e-021
04660 243.0 011.0 0000.5 100 100 6.2e-021
04720 245.0 011.3 0000.1 100 100 1.1e-020
04780 238.0 010.3 0000.1 100 100 1.9e-020
04840 241.0 009.6 -000.1 100 100 2.1e-020
04900 244.0 010.6 0000.1 100 100 1.8e-020
04960 242.0 010.9 -000.1 100 100 1.5e-020
05020 240.0 010.3 0000.0 100 100 1.2e-020
05080 239.0 010.4 0000.0 100 100 1.2e-020
05140 240.0 011.0 0001.2 100 100 1.1e-020
05200 239.0 008.3 0000.0 100 100 2.8e-021
05260 ///// ///// 0000.0 000 000 3.2e-021
05320 ///// ///// 0000.0 000 000 3.6e-021
05380 ///// ///// 0000.0 000 000 2.8e-021
05440 ///// ///// 0000.0 000 000 4.2e-021
05500 ///// ///// -000.7 000 000 2.7e-021
05560 ///// ///// -001.0 000 000 5.2e-021
05620 ///// ///// 0000.0 000 000 5.2e-021
05680 ///// ///// 0000.0 000 000 2.7e-021
05740 ///// ///// 0000.0 000 000 5.8e-021
05800 ///// ///// 0000.0 000 000 6.2e-021
05860 ///// ///// -000.1 000 000 5.4e-021
05920 ///// ///// 0000.0 000 000 4.3e-021
05980 ///// ///// -000.1 000 000 3.8e-021
NNNN
