WNDROBS 01.20
57793 0114.3600 027.7900 00130.0 LC 20130629070500
ROBS
00100 060.0 005.5 -001.5 100 100 2.6e-021
00160 022.0 007.1 -001.4 100 100 4.6e-021
00220 022.0 003.4 0000.1 100 100 3.5e-021
00280 071.0 001.3 0000.1 100 100 6.0e-021
00340 065.0 002.1 0000.2 100 100 7.1e-021
00400 091.0 003.0 0000.3 100 100 6.5e-021
00460 103.0 003.9 0000.1 100 100 9.8e-021
00520 115.0 003.4 0000.1 100 100 1.5e-020
00580 163.0 005.6 0000.3 100 100 1.2e-020
00640 168.0 005.4 0000.3 100 100 1.1e-020
00700 176.0 004.9 0000.3 100 100 1.3e-020
00760 187.0 004.9 0000.2 100 100 5.5e-020
00820 189.0 004.6 0000.1 100 100 9.5e-020
00880 195.0 004.1 -000.2 100 100 3.6e-020
00940 195.0 003.7 -000.3 100 100 1.9e-020
01000 211.0 004.2 -001.8 100 100 8.9e-021
01060 206.0 004.3 -000.3 100 100 3.8e-021
01120 224.0 005.3 -000.2 100 100 1.1e-020
01180 232.0 006.1 -000.2 100 100 1.5e-020
01240 232.0 006.9 -000.2 100 100 9.3e-021
01300 231.0 008.1 -000.2 100 100 8.6e-021
01360 233.0 009.0 -000.3 100 100 6.5e-021
01420 234.0 009.4 -000.1 100 100 8.9e-021
01480 234.0 010.2 -000.1 100 100 1.2e-020
01540 235.0 011.0 -000.1 100 100 1.8e-020
01600 235.0 011.5 -000.2 100 100 1.6e-020
01660 235.0 011.7 -000.1 100 100 1.7e-020
01720 235.0 012.1 -000.2 100 100 1.3e-020
01780 237.0 011.3 -000.2 100 100 7.0e-021
01840 239.0 012.1 -000.1 100 100 5.2e-021
01900 236.0 011.1 -000.2 100 100 5.4e-021
01960 235.0 012.2 -000.1 100 100 5.6e-021
02020 234.0 012.6 -000.1 100 100 7.0e-021
02080 235.0 012.8 -000.1 100 100 5.5e-021
02140 236.0 012.3 -000.0 100 100 1.1e-020
02200 237.0 012.8 -000.1 100 100 1.2e-020
02260 239.0 013.0 -000.1 100 100 9.0e-021
02320 242.0 013.3 0000.1 100 100 1.3e-020
02380 245.0 013.9 0000.1 100 100 8.0e-021
02440 257.0 014.2 0000.0 100 100 7.4e-022
02500 259.0 014.4 0000.9 100 100 9.3e-022
02560 256.0 012.9 0000.0 100 100 1.5e-021
02620 256.0 013.1 -000.3 100 100 2.3e-021
02680 247.0 013.5 0000.2 100 100 4.3e-021
02740 250.0 013.7 0000.2 100 100 3.8e-021
02800 252.0 016.0 0000.2 100 100 2.2e-021
02860 242.0 019.1 0000.0 100 100 2.1e-021
02920 244.0 013.1 0000.0 100 100 1.3e-021
02980 250.0 012.8 0000.0 100 100 2.3e-021
03040 229.0 008.0 0000.3 100 100 4.9e-021
03100 249.0 006.8 0000.0 100 100 3.0e-021
03160 190.0 001.7 0000.0 100 100 1.1e-021
03220 ///// ///// 0000.0 000 000 1.2e-021
03280 213.0 005.1 0000.0 100 100 1.6e-021
03340 226.0 006.5 0000.2 100 100 2.7e-021
03400 246.0 007.0 0000.0 100 100 1.5e-021
03460 238.0 009.1 0000.0 100 100 1.3e-021
03520 ///// ///// 0000.0 000 000 1.2e-021
03580 132.0 005.6 0000.0 100 100 1.9e-021
03640 131.0 005.5 0000.0 100 100 6.4e-022
03700 ///// ///// 0000.0 000 000 3.4e-022
03760 ///// ///// 0000.0 000 000 9.6e-022
03820 ///// ///// -000.0 000 000 2.6e-021
03880 ///// ///// 0000.0 000 000 1.2e-021
03940 ///// ///// 0000.0 000 000 1.0e-021
04000 ///// ///// -000.9 000 000 9.0e-022
04060 ///// ///// 0000.0 000 000 2.8e-021
04120 ///// ///// -000.1 000 000 1.1e-021
04180 ///// ///// 0000.1 000 000 2.8e-021
04240 ///// ///// -000.4 000 000 3.0e-021
04300 ///// ///// 0000.0 000 000 2.5e-021
04360 ///// ///// 0000.0 000 000 1.1e-021
04420 ///// ///// 0000.0 000 000 2.2e-021
04480 ///// ///// 0000.0 000 000 1.3e-021
04540 ///// ///// 0000.0 000 000 1.8e-021
04600 ///// ///// 0000.0 000 000 1.3e-021
04660 ///// ///// 0000.0 000 000 2.9e-021
04720 ///// ///// 0000.0 000 000 1.2e-021
04780 ///// ///// 0000.0 000 000 9.4e-022
04840 ///// ///// 0000.0 000 000 1.2e-021
04900 ///// ///// 0000.0 000 000 3.4e-021
04960 ///// ///// 0000.0 000 000 2.3e-021
05020 ///// ///// 0000.0 000 000 3.7e-021
05080 ///// ///// 0000.0 000 000 1.4e-021
05140 ///// ///// -000.0 000 000 2.9e-021
05200 ///// ///// 0000.0 000 000 1.9e-021
05260 ///// ///// 0000.0 000 000 2.2e-021
05320 ///// ///// -000.1 000 000 4.2e-021
05380 ///// ///// 0000.0 000 000 4.6e-021
05440 ///// ///// 0000.0 000 000 4.0e-021
05500 ///// ///// 0000.0 000 000 2.4e-021
05560 ///// ///// 0000.0 000 000 2.0e-021
05620 ///// ///// 0000.0 000 000 4.6e-021
05680 ///// ///// 0000.0 000 000 3.2e-021
05740 ///// ///// -000.1 000 000 5.7e-021
05800 ///// ///// 0000.0 000 000 2.5e-021
05860 ///// ///// 0000.0 000 000 1.4e-021
05920 ///// ///// 0000.0 000 000 2.1e-021
05980 ///// ///// 0000.0 000 000 5.6e-021
NNNN
