WNDROBS 01.20
57793 0114.3600 027.7900 00130.0 LC 20130628001500
ROBS
00100 112.0 001.1 0000.7 100 100 9.1e-022
00160 119.0 001.4 0000.1 100 100 2.3e-021
00220 196.0 000.8 0000.1 100 100 1.8e-021
00280 242.0 002.0 0000.1 100 100 1.8e-021
00340 119.0 001.3 0000.1 100 100 7.7e-021
00400 191.0 000.6 -000.0 100 100 2.2e-020
00460 192.0 000.8 0000.2 100 100 2.9e-020
00520 231.0 001.3 0000.2 100 100 6.4e-020
00580 234.0 001.4 0000.3 100 100 9.2e-020
00640 238.0 003.0 0000.2 100 100 1.7e-019
00700 233.0 004.5 0000.2 100 100 2.5e-019
00760 224.0 007.1 0000.1 100 100 2.9e-019
00820 222.0 008.5 -000.2 100 100 2.7e-019
00880 225.0 010.8 0000.0 100 100 1.8e-019
00940 224.0 012.1 0000.1 100 100 2.0e-020
01000 226.0 012.9 -000.6 100 100 8.7e-021
01060 226.0 012.9 -000.1 100 100 3.3e-021
01120 226.0 013.8 -000.2 100 100 2.4e-021
01180 227.0 014.5 -000.1 100 100 3.0e-021
01240 230.0 014.6 -000.4 100 100 2.6e-021
01300 229.0 015.3 -000.4 100 100 3.3e-021
01360 231.0 016.2 -000.3 100 100 5.3e-021
01420 234.0 016.9 -000.2 100 100 5.6e-021
01480 234.0 017.4 -000.2 100 100 3.9e-021
01540 236.0 016.9 -000.3 100 100 4.7e-021
01600 238.0 016.9 0000.0 100 100 5.8e-021
01660 239.0 017.6 -000.1 100 100 8.3e-021
01720 240.0 018.8 -000.2 100 100 8.7e-021
01780 241.0 018.6 -000.6 100 100 3.5e-021
01840 239.0 019.4 -000.1 100 100 3.9e-021
01900 240.0 017.9 -000.1 100 100 3.2e-021
01960 235.0 015.0 -000.2 100 100 3.8e-021
02020 235.0 016.7 0000.0 100 100 2.7e-021
02080 242.0 016.4 -000.0 100 100 2.5e-021
02140 243.0 015.3 -000.2 100 100 1.9e-021
02200 243.0 015.5 0001.2 100 100 2.0e-021
02260 240.0 014.0 0000.0 100 100 9.6e-022
02320 235.0 014.8 -000.0 100 100 2.0e-021
02380 240.0 014.8 -000.1 100 100 2.3e-021
02440 240.0 014.3 -000.2 100 100 2.2e-021
02500 239.0 014.1 0000.1 100 100 4.4e-021
02560 241.0 014.2 -000.3 100 100 4.0e-021
02620 244.0 014.4 0000.1 100 100 4.0e-021
02680 242.0 014.2 -000.1 100 100 1.2e-021
02740 241.0 013.0 0000.0 100 100 4.1e-021
02800 239.0 013.2 0000.1 100 100 5.5e-021
02860 236.0 013.5 0000.1 100 100 9.8e-021
02920 236.0 013.8 -000.1 100 100 1.5e-020
02980 237.0 013.9 -000.4 100 100 2.1e-020
03040 235.0 015.3 0000.0 100 100 2.2e-021
03100 243.0 014.4 0000.0 100 100 3.7e-021
03160 234.0 015.8 0000.0 100 100 4.6e-021
03220 235.0 015.9 -000.7 100 100 3.1e-021
03280 231.0 015.0 0000.0 100 100 2.7e-021
03340 231.0 014.9 0000.0 100 100 2.4e-021
03400 251.0 013.6 -001.4 100 100 3.2e-021
03460 253.0 010.5 0000.0 100 100 1.7e-021
03520 253.0 010.5 0000.0 100 100 7.4e-022
03580 250.0 010.8 0000.0 100 100 9.8e-022
03640 250.0 010.9 0000.0 100 100 1.9e-021
03700 245.0 011.4 0000.0 100 100 3.4e-021
03760 ///// ///// 0000.4 000 000 2.5e-021
03820 ///// ///// 0000.3 000 000 3.6e-021
03880 ///// ///// 0000.0 000 000 2.8e-021
03940 243.0 015.0 -001.2 100 100 4.3e-021
04000 242.0 014.8 0000.0 100 100 3.0e-021
04060 235.0 015.6 0000.0 100 100 4.2e-021
04120 244.0 015.2 -000.0 100 100 5.5e-021
04180 242.0 014.8 0000.1 100 100 1.2e-020
04240 238.0 015.7 0000.0 100 100 5.6e-021
04300 243.0 016.9 0000.0 100 100 2.2e-021
04360 236.0 014.7 0000.0 100 100 2.1e-021
04420 235.0 015.3 0000.0 100 100 2.6e-021
04480 231.0 014.1 0000.0 100 100 4.8e-021
04540 ///// ///// -000.3 000 000 2.8e-021
04600 ///// ///// 0000.0 000 000 3.3e-021
04660 ///// ///// 0000.0 000 000 2.6e-021
04720 ///// ///// 0000.0 000 000 1.3e-021
04780 ///// ///// 0000.0 000 000 1.1e-021
04840 ///// ///// 0000.0 000 000 9.1e-022
04900 ///// ///// 0000.0 000 000 2.7e-021
04960 ///// ///// 0000.0 000 000 1.6e-021
05020 ///// ///// 0000.0 000 000 1.2e-021
05080 ///// ///// -000.1 000 000 4.5e-021
05140 ///// ///// 0000.0 000 000 1.8e-021
05200 ///// ///// 0000.0 000 000 2.1e-021
05260 ///// ///// 0000.0 000 000 3.4e-021
05320 ///// ///// 0000.0 000 000 2.8e-021
05380 ///// ///// 0000.0 000 000 3.9e-021
05440 ///// ///// 0000.0 000 000 3.1e-021
05500 ///// ///// 0000.0 000 000 3.6e-021
05560 ///// ///// 0000.0 000 000 1.5e-021
05620 ///// ///// 0000.0 000 000 3.6e-021
05680 ///// ///// 0000.0 000 000 3.5e-021
05740 ///// ///// 0000.6 000 000 4.5e-021
05800 ///// ///// 0000.0 000 000 4.8e-021
05860 ///// ///// 0000.0 000 000 1.0e-021
05920 ///// ///// 0000.0 000 000 7.2e-022
05980 ///// ///// 0001.1 000 000 4.5e-021
NNNN
