WNDROBS 01.20
57793 0114.3600 027.7900 00130.0 LC 20130629115000
ROBS
00100 110.0 006.3 0001.5 100 100 4.3e-021
00160 112.0 006.5 0000.5 100 100 1.8e-020
00220 110.0 007.8 0000.1 100 100 1.2e-020
00280 110.0 008.7 0000.0 100 100 1.2e-020
00340 128.0 005.9 0000.0 100 100 1.6e-020
00400 138.0 005.5 -000.1 100 100 3.3e-020
00460 144.0 007.2 -000.2 100 100 8.8e-020
00520 152.0 008.2 -000.2 100 100 2.2e-019
00580 156.0 008.7 -000.2 100 100 2.9e-020
00640 158.0 009.9 -000.3 100 100 2.5e-020
00700 159.0 010.2 -000.1 100 100 2.4e-020
00760 164.0 009.5 -000.3 100 100 1.4e-020
00820 162.0 009.4 -000.3 100 100 6.3e-021
00880 174.0 009.8 -000.2 100 100 5.5e-021
00940 180.0 010.0 -000.1 100 100 8.4e-021
01000 180.0 009.9 -000.2 100 100 1.9e-020
01060 184.0 008.1 -000.0 100 100 1.5e-020
01120 190.0 007.6 -000.0 100 100 4.4e-020
01180 190.0 007.8 0000.0 100 100 4.4e-020
01240 195.0 007.7 0000.1 100 100 4.8e-020
01300 197.0 007.0 0000.2 100 100 3.9e-020
01360 202.0 006.3 0000.1 100 100 4.6e-020
01420 208.0 006.2 0000.4 100 100 1.9e-020
01480 213.0 006.7 0000.2 100 100 1.5e-020
01540 218.0 007.2 0000.3 100 100 2.2e-020
01600 217.0 008.3 0000.3 100 100 2.3e-020
01660 222.0 009.5 0000.3 100 100 2.8e-020
01720 226.0 010.3 0000.1 100 100 1.5e-020
01780 231.0 011.1 0000.2 100 100 7.2e-021
01840 231.0 010.6 0000.1 100 100 4.3e-021
01900 235.0 009.8 0000.2 100 100 4.9e-021
01960 236.0 010.4 0000.1 100 100 3.0e-021
02020 237.0 010.8 0000.2 100 100 3.2e-021
02080 235.0 010.3 0000.0 100 100 2.0e-021
02140 235.0 010.5 0000.5 100 100 3.0e-021
02200 235.0 010.8 0000.2 100 100 1.7e-021
02260 241.0 009.7 0000.4 100 100 2.7e-021
02320 241.0 009.8 0000.3 100 100 2.8e-021
02380 236.0 010.6 0000.2 100 100 2.8e-021
02440 238.0 011.2 0000.0 100 100 2.2e-021
02500 241.0 011.1 0000.1 100 100 3.2e-021
02560 222.0 007.5 0000.4 100 100 2.0e-021
02620 219.0 007.3 0000.4 100 100 3.8e-021
02680 228.0 009.1 0000.5 100 100 5.1e-021
02740 231.0 008.2 0000.6 100 100 5.7e-021
02800 239.0 010.3 0000.6 100 100 5.8e-021
02860 237.0 010.1 0000.3 100 100 8.7e-021
02920 235.0 009.9 0000.1 100 100 6.1e-021
02980 231.0 010.3 0000.2 100 100 6.6e-021
03040 253.0 009.4 0000.4 100 100 9.7e-021
03100 278.0 009.7 0000.2 100 100 1.5e-020
03160 274.0 009.8 0000.0 100 100 6.5e-021
03220 273.0 009.7 0000.0 100 100 2.5e-020
03280 270.0 009.8 0000.0 100 100 1.9e-020
03340 266.0 009.9 0000.0 100 100 4.4e-021
03400 268.0 009.8 0000.3 100 100 9.5e-021
03460 270.0 009.8 0000.0 100 100 6.9e-021
03520 277.0 010.1 0000.0 100 100 1.1e-020
03580 273.0 010.0 0000.0 100 100 9.6e-021
03640 277.0 009.2 0000.0 100 100 1.8e-021
03700 280.0 009.5 0000.0 100 100 4.6e-021
03760 ///// ///// 0000.0 000 000 4.4e-021
03820 ///// ///// 0000.0 000 000 3.5e-021
03880 ///// ///// 0000.0 000 000 3.9e-021
03940 ///// ///// 0000.0 000 000 3.3e-021
04000 ///// ///// 0000.0 000 000 3.3e-021
04060 ///// ///// -000.7 000 000 3.8e-021
04120 ///// ///// 0000.0 000 000 1.3e-021
04180 ///// ///// 0000.0 000 000 1.9e-021
04240 ///// ///// 0000.0 000 000 6.3e-022
04300 ///// ///// -000.3 000 000 5.6e-021
04360 ///// ///// -000.4 000 000 8.7e-021
04420 ///// ///// -000.3 000 000 6.3e-021
04480 ///// ///// 0000.0 000 000 1.7e-021
04540 ///// ///// 0000.2 000 000 2.1e-021
04600 284.0 010.4 -000.1 100 100 6.5e-021
04660 271.0 013.2 0000.0 100 100 9.1e-021
04720 264.0 010.0 -000.2 100 100 9.2e-021
04780 ///// ///// 0000.8 000 000 3.6e-021
04840 291.0 004.9 0000.4 100 100 5.7e-021
04900 ///// ///// 0000.3 000 000 1.2e-021
04960 220.0 008.1 0000.7 100 100 5.4e-021
05020 228.0 010.2 0000.9 100 100 1.2e-020
05080 226.0 011.5 0000.8 100 100 1.3e-020
05140 235.0 011.7 0000.4 100 100 1.1e-020
05200 229.0 010.5 0000.2 100 100 1.0e-020
05260 229.0 009.3 0000.6 100 100 1.1e-020
05320 237.0 010.1 0000.5 100 100 1.4e-020
05380 243.0 009.6 0000.5 100 100 1.4e-020
05440 243.0 009.3 0000.8 100 100 7.3e-021
05500 236.0 010.5 0000.5 100 100 9.2e-021
05560 250.0 008.7 0000.6 100 100 1.0e-020
05620 252.0 009.8 0000.3 100 100 9.8e-021
05680 261.0 010.2 0000.6 100 100 8.9e-021
05740 251.0 008.9 0000.6 100 100 1.6e-020
05800 257.0 009.0 0000.0 100 100 3.8e-021
05860 252.0 008.1 0000.5 100 100 1.6e-020
05920 261.0 007.7 0000.2 100 100 1.2e-020
05980 263.0 007.4 0000.4 100 100 1.3e-020
NNNN
