WNDROBS 01.20
57793 0114.3600 027.7900 00130.0 LC 20130629235000
ROBS
00100 123.0 003.9 0000.1 100 100 4.0e-021
00160 123.0 004.4 0000.1 100 100 8.8e-021
00220 137.0 003.1 0000.0 100 100 1.6e-020
00280 146.0 003.1 0000.1 100 100 2.5e-020
00340 162.0 004.0 0000.4 100 100 3.8e-020
00400 172.0 005.6 0000.8 100 100 7.4e-020
00460 170.0 007.6 0000.7 100 100 1.3e-019
00520 172.0 007.1 0000.5 100 100 4.5e-019
00580 181.0 004.5 0000.5 100 100 4.3e-019
00640 200.0 000.7 0000.5 100 100 3.3e-019
00700 284.0 001.9 0000.4 100 100 1.7e-019
00760 296.0 002.6 0000.3 100 100 3.0e-020
00820 297.0 002.3 0000.0 100 100 7.0e-021
00880 235.0 002.6 0000.2 100 100 1.2e-020
00940 217.0 003.9 0000.3 100 100 1.4e-020
01000 231.0 005.4 0000.2 100 100 1.7e-020
01060 226.0 005.3 0000.2 100 100 6.2e-021
01120 220.0 005.2 0000.2 100 100 3.1e-021
01180 216.0 004.3 0000.2 100 100 3.5e-021
01240 220.0 004.2 0000.2 100 100 1.0e-020
01300 221.0 005.6 0000.1 100 100 9.7e-021
01360 227.0 006.7 -000.1 100 100 5.5e-021
01420 226.0 008.5 -000.0 100 100 4.6e-021
01480 230.0 009.3 0000.0 100 100 4.7e-021
01540 231.0 011.0 -000.1 100 100 5.8e-021
01600 237.0 012.9 -000.2 100 100 8.7e-021
01660 234.0 010.9 -000.1 100 100 5.7e-021
01720 240.0 011.4 -000.1 100 100 6.7e-021
01780 243.0 011.4 -000.0 100 100 7.3e-021
01840 240.0 011.5 -000.2 100 100 4.4e-021
01900 241.0 012.6 0000.1 100 100 4.2e-021
01960 238.0 010.8 0000.2 100 100 4.7e-021
02020 239.0 010.2 0000.2 100 100 5.0e-021
02080 229.0 008.6 0000.0 100 100 2.0e-021
02140 233.0 008.4 0000.0 100 100 1.6e-021
02200 235.0 008.6 0000.0 100 100 1.6e-021
02260 237.0 008.7 0000.2 100 100 1.9e-021
02320 235.0 009.0 0000.2 100 100 2.2e-021
02380 234.0 009.9 0000.7 100 100 2.6e-021
02440 233.0 009.1 0000.0 100 100 2.1e-021
02500 233.0 009.1 0000.0 100 100 1.4e-021
02560 233.0 009.2 0000.0 100 100 1.3e-021
02620 253.0 008.4 0000.0 100 100 2.4e-021
02680 230.0 008.0 0000.0 100 100 1.8e-021
02740 236.0 005.5 0000.0 100 100 1.3e-021
02800 236.0 005.8 0000.0 100 100 1.2e-021
02860 237.0 006.0 -000.1 100 100 1.5e-021
02920 239.0 006.2 -000.3 100 100 2.3e-021
02980 237.0 005.7 -000.4 100 100 3.1e-021
03040 221.0 008.6 0000.0 100 100 6.0e-021
03100 217.0 007.0 0000.0 100 100 2.4e-021
03160 217.0 007.1 0000.0 100 100 1.7e-021
03220 239.0 006.3 0000.0 100 100 1.8e-021
03280 235.0 005.6 0000.9 100 100 2.0e-021
03340 233.0 005.4 -000.1 100 100 1.8e-021
03400 268.0 004.8 0000.0 100 100 6.9e-022
03460 281.0 003.4 0000.0 100 100 6.5e-022
03520 ///// ///// -000.1 000 000 1.8e-021
03580 ///// ///// -000.3 000 000 2.6e-021
03640 281.0 010.1 -000.2 100 100 2.9e-021
03700 205.0 009.8 -000.0 100 100 4.7e-021
03760 201.0 009.3 0000.0 100 100 5.9e-022
03820 211.0 009.6 0000.0 100 100 1.4e-021
03880 209.0 010.0 0000.0 100 100 1.1e-021
03940 210.0 010.3 0000.0 100 100 3.5e-021
04000 216.0 010.1 0000.0 100 100 3.0e-021
04060 210.0 009.1 -000.4 100 100 3.6e-021
04120 228.0 006.7 -000.1 100 100 3.2e-021
04180 221.0 008.2 -000.0 100 100 5.1e-021
04240 229.0 007.8 -000.2 100 100 8.4e-021
04300 229.0 007.1 0000.0 100 100 2.6e-021
04360 237.0 007.3 0000.0 100 100 9.6e-021
04420 235.0 008.6 0000.2 100 100 1.6e-020
04480 237.0 009.1 0000.1 100 100 1.7e-020
04540 240.0 008.7 -000.2 100 100 1.4e-020
04600 242.0 009.1 -000.7 100 100 2.0e-020
04660 242.0 009.0 -000.3 100 100 1.8e-020
04720 241.0 009.3 -000.7 100 100 1.4e-020
04780 244.0 009.1 -000.1 100 100 7.6e-021
04840 230.0 008.4 0000.3 100 100 5.6e-021
04900 250.0 006.7 0000.2 100 100 4.7e-021
04960 233.0 007.7 0000.2 100 100 8.1e-021
05020 229.0 008.0 -000.1 100 100 1.1e-020
05080 237.0 008.1 0000.2 100 100 7.0e-021
05140 239.0 007.6 -000.0 100 100 7.0e-021
05200 233.0 008.3 0000.0 100 100 2.8e-021
05260 234.0 008.2 0000.0 100 100 8.3e-021
05320 ///// ///// 0000.0 000 000 3.1e-021
05380 ///// ///// -001.4 000 000 5.4e-021
05440 ///// ///// 0000.0 000 000 4.5e-021
05500 ///// ///// -001.4 000 000 1.5e-021
05560 ///// ///// 0000.0 000 000 1.3e-021
05620 ///// ///// 0000.0 000 000 3.9e-021
05680 ///// ///// 0000.0 000 000 2.7e-021
05740 ///// ///// 0000.0 000 000 1.8e-021
05800 ///// ///// 0000.0 000 000 1.7e-021
05860 ///// ///// 0000.0 000 000 2.0e-021
05920 ///// ///// 0000.0 000 000 4.6e-021
05980 ///// ///// 0000.0 000 000 3.7e-021
NNNN
