WNDROBS 01.20
57793 0114.3600 027.7900 00130.0 LC 20130629134000
ROBS
00100 086.0 005.9 -000.2 100 100 7.9e-021
00160 086.0 006.1 -000.2 100 100 2.4e-020
00220 094.0 005.9 -000.4 100 100 1.7e-020
00280 125.0 004.2 0000.0 100 100 1.4e-020
00340 117.0 005.6 -000.2 100 100 2.1e-020
00400 128.0 005.2 -000.2 100 100 3.0e-020
00460 142.0 007.2 -000.2 100 100 3.9e-020
00520 150.0 008.7 -000.2 100 100 1.6e-020
00580 145.0 007.9 -000.2 100 100 7.1e-021
00640 152.0 009.3 0000.0 100 100 3.6e-021
00700 167.0 010.0 -000.4 100 100 4.6e-021
00760 171.0 012.0 -000.7 100 100 5.5e-021
00820 171.0 014.6 -000.5 100 100 5.8e-021
00880 172.0 013.0 -000.4 100 100 3.0e-020
00940 173.0 013.2 -000.4 100 100 6.3e-020
01000 172.0 012.0 -000.4 100 100 7.4e-020
01060 177.0 011.6 -000.2 100 100 3.0e-020
01120 181.0 009.9 -000.2 100 100 1.5e-020
01180 186.0 009.4 -000.4 100 100 1.8e-020
01240 189.0 009.9 -000.4 100 100 2.9e-020
01300 193.0 009.4 -000.5 100 100 5.4e-020
01360 194.0 009.1 -000.5 100 100 4.2e-020
01420 192.0 008.6 -000.3 100 100 2.8e-020
01480 191.0 007.0 -000.3 100 100 2.1e-020
01540 194.0 006.5 -000.2 100 100 1.8e-020
01600 199.0 006.6 -000.2 100 100 1.4e-020
01660 205.0 007.0 -000.4 100 100 2.0e-020
01720 204.0 007.0 -000.5 100 100 1.7e-020
01780 209.0 007.0 -000.3 100 100 2.5e-020
01840 215.0 007.5 -000.3 100 100 2.8e-020
01900 225.0 007.8 -000.3 100 100 2.2e-020
01960 233.0 008.6 -000.3 100 100 1.8e-020
02020 235.0 009.1 -000.3 100 100 1.4e-020
02080 233.0 009.2 -000.4 100 100 1.4e-020
02140 230.0 010.1 -000.3 100 100 8.6e-021
02200 228.0 010.4 -000.4 100 100 6.4e-021
02260 225.0 010.4 -000.4 100 100 4.7e-021
02320 218.0 010.2 -000.3 100 100 2.1e-021
02380 227.0 010.3 -000.1 100 100 3.7e-021
02440 236.0 011.7 -000.3 100 100 4.2e-021
02500 234.0 012.1 -000.4 100 100 3.5e-021
02560 228.0 011.5 -000.2 100 100 6.4e-021
02620 232.0 012.2 -000.3 100 100 4.5e-021
02680 239.0 011.7 -000.3 100 100 5.5e-021
02740 234.0 010.4 -000.3 100 100 5.9e-021
02800 227.0 011.8 0000.0 100 100 3.3e-021
02860 235.0 009.6 0000.0 100 100 4.3e-021
02920 238.0 010.0 -000.2 100 100 5.2e-021
02980 238.0 010.1 0000.0 100 100 3.2e-021
03040 238.0 010.4 -000.1 100 100 5.8e-021
03100 242.0 009.8 -000.2 100 100 6.6e-021
03160 235.0 009.4 -000.2 100 100 1.0e-020
03220 235.0 009.4 -000.3 100 100 1.1e-020
03280 235.0 010.4 -000.3 100 100 1.3e-020
03340 233.0 010.1 0000.0 100 100 7.5e-021
03400 233.0 010.3 0000.0 100 100 8.3e-021
03460 231.0 009.9 0000.0 100 100 3.5e-021
03520 233.0 010.9 0000.0 100 100 9.4e-021
03580 229.0 011.6 0000.0 100 100 7.1e-021
03640 234.0 011.0 0000.0 100 100 6.6e-021
03700 236.0 011.1 0000.0 100 100 5.9e-021
03760 235.0 010.8 0000.0 100 100 2.1e-021
03820 237.0 011.7 -001.0 100 100 4.0e-021
03880 237.0 011.8 0000.0 100 100 4.9e-021
03940 268.0 010.4 0000.0 100 100 2.7e-021
04000 285.0 011.1 0000.0 100 100 2.9e-021
04060 ///// ///// 0000.0 000 000 9.5e-022
04120 ///// ///// 0000.0 000 000 3.0e-022
04180 ///// ///// 0000.2 000 000 1.0e-021
04240 ///// ///// 0000.0 000 000 2.4e-021
04300 ///// ///// 0000.0 000 000 2.9e-022
04360 ///// ///// 0000.0 000 000 1.0e-021
04420 ///// ///// 0000.0 000 000 1.1e-021
04480 ///// ///// 0000.1 000 000 5.3e-021
04540 ///// ///// 0000.1 000 000 4.0e-021
04600 ///// ///// 0000.1 000 000 1.1e-021
04660 ///// ///// 0000.0 000 000 4.5e-021
04720 ///// ///// 0000.1 000 000 1.2e-020
04780 ///// ///// 0000.0 000 000 3.1e-021
04840 ///// ///// 0000.0 000 000 3.2e-021
04900 ///// ///// 0000.0 000 000 1.3e-021
04960 ///// ///// 0001.2 000 000 2.2e-021
05020 ///// ///// 0000.0 000 000 2.7e-021
05080 ///// ///// -001.3 000 000 1.7e-021
05140 ///// ///// 0000.0 000 000 3.8e-021
05200 ///// ///// 0000.0 000 000 1.4e-021
05260 ///// ///// 0000.3 000 000 3.8e-021
05320 ///// ///// 0000.0 000 000 2.9e-022
05380 ///// ///// 0000.0 000 000 4.3e-021
05440 ///// ///// 0000.0 000 000 6.3e-022
05500 ///// ///// 0000.0 000 000 4.2e-021
05560 ///// ///// 0000.0 000 000 1.6e-021
05620 ///// ///// 0000.0 000 000 3.9e-021
05680 ///// ///// 0000.0 000 000 1.4e-021
05740 ///// ///// 0000.0 000 000 3.2e-021
05800 ///// ///// 0000.0 000 000 1.7e-021
05860 ///// ///// 0000.0 000 000 2.1e-021
05920 ///// ///// 0000.0 000 000 5.3e-021
05980 ///// ///// 0000.0 000 000 1.1e-021
NNNN
