WNDROBS 01.20
57793 0114.3600 027.7900 00130.0 LC 20130629022000
ROBS
00100 077.0 001.4 0000.2 100 100 1.0e-021
00160 077.0 001.6 0000.2 100 100 2.2e-021
00220 077.0 001.8 0000.2 100 100 4.1e-021
00280 091.0 001.6 0000.1 100 100 5.1e-021
00340 091.0 002.0 0000.2 100 100 5.6e-021
00400 103.0 002.0 0000.0 100 100 4.2e-021
00460 136.0 001.3 -000.1 100 100 3.7e-021
00520 153.0 001.3 -000.2 100 100 1.1e-020
00580 139.0 000.9 -000.3 100 100 9.7e-021
00640 268.0 001.9 -000.2 100 100 5.0e-021
00700 242.0 006.3 -000.3 100 100 8.6e-021
00760 233.0 007.6 -000.3 100 100 1.4e-020
00820 229.0 009.4 -000.1 100 100 1.1e-020
00880 227.0 010.2 -000.1 100 100 1.1e-020
00940 223.0 011.3 -000.8 100 100 5.2e-021
01000 224.0 011.0 0000.0 100 100 4.2e-021
01060 227.0 012.7 0000.1 100 100 5.6e-022
01120 227.0 011.3 -000.0 100 100 9.0e-022
01180 228.0 012.3 -000.1 100 100 2.2e-021
01240 229.0 012.6 -000.0 100 100 4.7e-021
01300 230.0 013.3 0000.0 100 100 8.1e-021
01360 231.0 014.0 0000.1 100 100 1.4e-020
01420 234.0 015.5 0000.2 100 100 1.1e-020
01480 237.0 016.6 0000.7 100 100 5.1e-021
01540 240.0 018.1 0000.2 100 100 2.5e-021
01600 243.0 018.9 0000.2 100 100 3.1e-021
01660 242.0 019.2 0000.2 100 100 4.5e-021
01720 241.0 018.5 0000.1 100 100 3.1e-021
01780 239.0 018.3 0000.8 100 100 1.8e-021
01840 234.0 017.8 0000.2 100 100 1.5e-021
01900 244.0 015.7 0000.0 100 100 2.1e-021
01960 251.0 016.8 0000.0 100 100 1.8e-021
02020 250.0 015.8 -000.0 100 100 2.7e-021
02080 244.0 014.1 0000.3 100 100 2.9e-021
02140 241.0 014.4 0000.7 100 100 3.1e-021
02200 238.0 014.6 0000.4 100 100 2.8e-021
02260 241.0 013.1 0000.2 100 100 3.0e-021
02320 237.0 013.7 -000.1 100 100 2.5e-021
02380 247.0 013.1 0000.0 100 100 3.0e-021
02440 246.0 012.7 0000.2 100 100 2.9e-021
02500 246.0 012.9 0000.2 100 100 3.9e-021
02560 246.0 012.9 0000.5 100 100 2.8e-021
02620 244.0 012.4 0000.0 100 100 2.5e-021
02680 245.0 012.4 0000.0 100 100 2.2e-021
02740 245.0 012.5 -000.0 100 100 2.9e-021
02800 245.0 012.7 -000.1 100 100 3.1e-021
02860 245.0 012.8 -000.4 100 100 3.6e-021
02920 205.0 005.2 0000.0 100 100 2.3e-021
02980 212.0 006.9 0000.0 100 100 9.9e-022
03040 197.0 005.0 0000.0 100 100 5.9e-022
03100 190.0 003.0 0000.0 100 100 1.1e-021
03160 ///// ///// 0000.0 000 000 1.7e-021
03220 ///// ///// 0000.0 000 000 5.8e-022
03280 190.0 004.7 -000.0 100 100 1.9e-021
03340 245.0 005.9 0000.2 100 100 2.4e-021
03400 242.0 010.2 0001.3 100 100 2.3e-021
03460 239.0 011.0 0000.0 100 100 1.4e-021
03520 211.0 005.7 -000.2 100 100 3.8e-021
03580 ///// ///// 0000.0 000 000 1.7e-021
03640 ///// ///// 0000.0 000 000 3.0e-021
03700 ///// ///// 0000.0 000 000 1.1e-021
03760 ///// ///// 0000.0 000 000 2.2e-021
03820 ///// ///// 0000.0 000 000 1.9e-021
03880 ///// ///// 0000.0 000 000 1.9e-021
03940 ///// ///// 0000.1 000 000 3.3e-021
04000 ///// ///// 0000.0 000 000 2.0e-021
04060 ///// ///// 0000.6 000 000 7.9e-022
04120 ///// ///// 0000.0 000 000 1.4e-021
04180 ///// ///// 0000.0 000 000 2.8e-021
04240 ///// ///// 0000.0 000 000 1.7e-021
04300 ///// ///// -000.1 000 000 2.4e-021
04360 ///// ///// -000.4 000 000 3.9e-021
04420 ///// ///// -000.3 000 000 1.5e-021
04480 ///// ///// -000.4 000 000 5.6e-022
04540 ///// ///// -000.9 000 000 3.3e-021
04600 ///// ///// -000.2 000 000 5.0e-021
04660 ///// ///// -000.0 000 000 7.3e-021
04720 ///// ///// 0000.3 000 000 8.5e-021
04780 ///// ///// 0000.1 000 000 3.7e-021
04840 ///// ///// 0000.0 000 000 4.1e-021
04900 ///// ///// 0000.0 000 000 5.7e-021
04960 ///// ///// 0000.9 000 000 6.4e-021
05020 ///// ///// 0000.0 000 000 4.8e-021
05080 ///// ///// 0000.0 000 000 4.4e-021
05140 ///// ///// 0000.0 000 000 2.2e-021
05200 259.0 016.3 0000.0 100 100 6.1e-021
05260 248.0 016.4 0000.3 100 100 8.4e-021
05320 245.0 016.4 0001.0 100 100 1.0e-020
05380 255.0 015.5 0000.7 100 100 4.1e-021
05440 267.0 013.7 0000.2 100 100 6.8e-021
05500 260.0 022.3 0000.5 100 100 9.4e-021
05560 ///// ///// 0000.8 000 000 1.3e-020
05620 ///// ///// 0001.3 000 000 1.3e-020
05680 272.0 026.3 0001.1 100 100 1.4e-020
05740 267.0 026.2 0000.9 100 100 1.3e-020
05800 262.0 026.6 0001.1 100 100 1.7e-020
05860 262.0 025.4 0001.3 100 100 1.3e-020
05920 263.0 025.0 0001.4 100 100 2.0e-020
05980 ///// ///// 0001.8 000 000 2.3e-021
NNNN
