WNDROBS 01.20
57793 0114.3600 027.7900 00130.0 LC 20130629111500
ROBS
00100 119.0 006.7 0000.6 100 100 3.2e-021
00160 120.0 007.2 0000.7 100 100 8.1e-021
00220 111.0 007.8 0000.2 100 100 7.1e-021
00280 118.0 006.7 -000.0 100 100 8.2e-021
00340 128.0 005.9 -000.1 100 100 1.1e-020
00400 139.0 005.5 -000.1 100 100 2.6e-020
00460 145.0 007.1 -000.1 100 100 8.2e-020
00520 149.0 007.3 -000.1 100 100 1.6e-019
00580 155.0 007.9 -000.2 100 100 1.2e-019
00640 159.0 008.5 -000.1 100 100 3.5e-020
00700 161.0 009.9 -000.0 100 100 1.6e-020
00760 167.0 009.8 -000.1 100 100 7.9e-021
00820 168.0 009.2 -000.1 100 100 1.7e-020
00880 177.0 007.3 -000.2 100 100 5.7e-020
00940 182.0 006.8 -000.3 100 100 6.3e-020
01000 175.0 005.7 -000.2 100 100 5.5e-020
01060 175.0 005.2 -000.1 100 100 2.2e-020
01120 167.0 004.6 -000.1 100 100 1.4e-020
01180 164.0 004.3 0000.2 100 100 1.2e-020
01240 165.0 004.3 0000.2 100 100 1.8e-020
01300 178.0 004.6 0000.2 100 100 3.1e-020
01360 193.0 004.8 -000.0 100 100 2.7e-020
01420 201.0 005.5 0000.3 100 100 2.0e-020
01480 212.0 006.5 -000.1 100 100 1.8e-020
01540 221.0 008.3 -000.1 100 100 2.0e-020
01600 223.0 009.1 -000.2 100 100 2.2e-020
01660 228.0 010.5 -000.2 100 100 3.1e-020
01720 228.0 010.6 -000.3 100 100 1.4e-020
01780 231.0 011.8 -000.1 100 100 1.7e-020
01840 230.0 011.1 -000.1 100 100 2.0e-020
01900 229.0 010.9 -000.2 100 100 2.6e-020
01960 228.0 010.9 -000.1 100 100 1.4e-020
02020 229.0 010.2 -000.2 100 100 7.4e-021
02080 225.0 009.5 -000.1 100 100 9.4e-021
02140 227.0 009.8 -000.2 100 100 1.2e-020
02200 229.0 009.9 -000.1 100 100 1.4e-020
02260 231.0 010.6 -000.2 100 100 6.0e-021
02320 230.0 009.9 -000.4 100 100 2.5e-021
02380 229.0 009.7 -000.8 100 100 4.4e-021
02440 232.0 009.9 -000.1 100 100 4.0e-021
02500 229.0 009.7 -000.1 100 100 4.3e-021
02560 228.0 009.5 0000.0 100 100 3.3e-021
02620 230.0 009.9 -000.4 100 100 3.6e-021
02680 233.0 009.6 -000.3 100 100 2.6e-021
02740 230.0 010.1 -000.3 100 100 3.3e-021
02800 231.0 010.6 -000.0 100 100 4.0e-021
02860 232.0 010.3 -000.2 100 100 4.0e-021
02920 233.0 009.1 0000.1 100 100 5.2e-021
02980 235.0 009.3 -000.3 100 100 5.8e-021
03040 233.0 009.4 0000.0 100 100 6.6e-021
03100 231.0 009.8 0000.0 100 100 6.9e-021
03160 235.0 009.9 0000.0 100 100 7.4e-021
03220 233.0 009.8 0000.0 100 100 4.8e-021
03280 232.0 010.1 0000.0 100 100 3.5e-021
03340 237.0 009.6 0000.0 100 100 3.3e-021
03400 236.0 009.2 0000.0 100 100 7.8e-022
03460 238.0 009.4 0000.0 100 100 2.7e-021
03520 235.0 008.7 0000.0 100 100 1.9e-021
03580 230.0 006.5 -000.4 100 100 1.5e-021
03640 220.0 005.1 0001.2 100 100 1.9e-021
03700 ///// ///// 0000.0 000 000 5.2e-022
03760 ///// ///// -000.8 000 000 1.9e-021
03820 176.0 003.8 0000.0 100 100 1.6e-021
03880 ///// ///// 0001.0 000 000 2.5e-021
03940 ///// ///// 0000.0 000 000 2.5e-021
04000 ///// ///// 0000.9 000 000 2.8e-021
04060 ///// ///// 0000.2 000 000 1.0e-021
04120 ///// ///// -000.1 000 000 2.9e-021
04180 ///// ///// 0000.0 000 000 3.6e-021
04240 230.0 010.7 0000.0 100 100 5.9e-021
04300 232.0 012.3 -000.0 100 100 2.5e-020
04360 234.0 012.6 0000.2 100 100 2.7e-020
04420 233.0 012.7 0000.2 100 100 3.3e-020
04480 236.0 012.7 0000.2 100 100 2.0e-020
04540 236.0 011.7 0000.1 100 100 1.0e-020
04600 238.0 012.3 0000.1 100 100 1.5e-020
04660 232.0 009.8 0000.4 100 100 1.5e-020
04720 242.0 013.9 0000.4 100 100 9.5e-021
04780 ///// ///// 0000.0 000 000 2.4e-021
04840 ///// ///// 0000.0 000 000 9.1e-022
04900 ///// ///// 0000.0 000 000 2.7e-021
04960 ///// ///// 0000.0 000 000 2.2e-021
05020 ///// ///// 0000.0 000 000 2.0e-021
05080 ///// ///// 0000.0 000 000 7.2e-022
05140 ///// ///// 0000.0 000 000 1.9e-021
05200 ///// ///// 0000.0 000 000 1.3e-021
05260 ///// ///// 0000.0 000 000 1.5e-021
05320 ///// ///// -000.7 000 000 4.6e-021
05380 ///// ///// 0000.0 000 000 1.3e-021
05440 ///// ///// 0000.0 000 000 1.8e-021
05500 ///// ///// 0000.0 000 000 4.0e-021
05560 ///// ///// -001.3 000 000 1.4e-021
05620 ///// ///// 0000.0 000 000 3.6e-021
05680 ///// ///// 0000.0 000 000 7.8e-022
05740 ///// ///// 0000.0 000 000 2.0e-021
05800 ///// ///// -000.5 000 000 4.7e-021
05860 ///// ///// 0000.0 000 000 3.3e-021
05920 ///// ///// 0000.0 000 000 3.8e-021
05980 ///// ///// 0000.0 000 000 4.8e-021
NNNN
