WNDROBS 01.20
57793 0114.3600 027.7900 00130.0 LC 20130629045500
ROBS
00100 056.0 004.1 0000.0 100 100 3.9e-021
00160 056.0 004.6 0000.1 100 100 1.0e-020
00220 046.0 003.9 0000.1 100 100 9.9e-021
00280 045.0 002.1 0000.1 100 100 7.6e-021
00340 034.0 001.6 0000.0 100 100 5.5e-021
00400 098.0 002.0 0000.2 100 100 3.8e-021
00460 091.0 002.5 0000.2 100 100 4.1e-021
00520 096.0 001.2 0000.4 100 100 3.7e-021
00580 169.0 003.0 0000.3 100 100 9.7e-021
00640 170.0 003.6 0000.2 100 100 4.0e-020
00700 183.0 003.0 0000.2 100 100 3.9e-020
00760 194.0 003.8 0000.0 100 100 1.1e-020
00820 227.0 005.1 0000.3 100 100 1.6e-020
00880 216.0 005.9 -000.1 100 100 1.7e-020
00940 219.0 006.6 -000.2 100 100 1.9e-020
01000 217.0 007.8 -000.3 100 100 2.4e-020
01060 229.0 007.7 -000.7 100 100 1.2e-020
01120 228.0 008.6 -000.6 100 100 8.9e-021
01180 232.0 009.3 -000.4 100 100 7.8e-021
01240 233.0 009.7 -000.4 100 100 6.5e-021
01300 231.0 010.7 -000.2 100 100 1.3e-020
01360 229.0 011.3 -000.4 100 100 1.7e-020
01420 229.0 011.9 -000.3 100 100 1.5e-020
01480 229.0 012.5 -000.2 100 100 1.8e-020
01540 230.0 013.3 -000.2 100 100 2.2e-020
01600 232.0 014.4 -000.3 100 100 2.2e-020
01660 233.0 014.8 -000.2 100 100 3.3e-020
01720 236.0 015.5 -000.1 100 100 1.5e-020
01780 236.0 016.4 -000.4 100 100 3.1e-021
01840 240.0 013.7 -000.7 100 100 2.0e-021
01900 242.0 013.3 -000.5 100 100 6.7e-022
01960 240.0 013.2 -000.1 100 100 1.7e-021
02020 239.0 013.3 -000.2 100 100 3.7e-021
02080 238.0 013.9 0000.2 100 100 3.4e-021
02140 243.0 015.1 0000.0 100 100 2.7e-021
02200 238.0 014.3 0000.4 100 100 2.9e-021
02260 240.0 015.1 -000.6 100 100 2.0e-021
02320 248.0 015.0 0000.0 100 100 1.6e-021
02380 247.0 014.3 0000.0 100 100 1.9e-021
02440 239.0 016.9 0000.2 100 100 2.9e-021
02500 238.0 016.8 0000.0 100 100 8.5e-022
02560 233.0 016.9 0000.0 100 100 1.8e-021
02620 242.0 015.7 0000.0 100 100 3.7e-021
02680 241.0 015.4 0000.1 100 100 5.3e-021
02740 240.0 016.6 0000.3 100 100 5.5e-021
02800 243.0 016.6 0000.0 100 100 4.0e-021
02860 242.0 017.5 0007.4 100 100 5.4e-021
02920 239.0 014.1 0007.2 100 100 5.0e-021
02980 241.0 014.0 0007.0 100 100 5.1e-021
03040 241.0 014.1 0006.9 100 100 4.5e-021
03100 241.0 014.3 0006.8 100 100 6.5e-021
03160 240.0 014.5 0007.0 100 100 5.8e-021
03220 ///// ///// 0006.4 000 000 8.7e-022
03280 237.0 015.5 0006.3 100 100 1.3e-021
03340 ///// ///// 0006.5 000 000 2.2e-021
03400 238.0 015.7 0005.9 100 100 2.4e-021
03460 ///// ///// 0005.9 000 000 4.8e-022
03520 ///// ///// 0005.4 000 000 6.8e-022
03580 ///// ///// 0005.8 000 000 2.1e-021
03640 ///// ///// 0005.6 000 000 2.5e-021
03700 ///// ///// 0007.8 000 000 2.2e-021
03760 ///// ///// 0000.0 000 000 6.4e-022
03820 ///// ///// 0000.0 000 000 2.6e-021
03880 ///// ///// 0000.0 000 000 1.5e-021
03940 ///// ///// 0000.7 000 000 2.3e-021
04000 ///// ///// 0000.0 000 000 1.2e-021
04060 ///// ///// 0000.0 000 000 2.3e-021
04120 ///// ///// 0000.0 000 000 7.6e-022
04180 ///// ///// -000.8 000 000 2.7e-021
04240 ///// ///// -000.1 000 000 2.5e-021
04300 ///// ///// 0000.0 000 000 2.9e-021
04360 ///// ///// 0000.0 000 000 8.8e-022
04420 ///// ///// 0000.0 000 000 2.8e-021
04480 ///// ///// 0000.0 000 000 2.6e-021
04540 ///// ///// 0000.0 000 000 6.9e-022
04600 ///// ///// 0000.0 000 000 1.4e-021
04660 ///// ///// -000.7 000 000 7.0e-022
04720 ///// ///// 0001.2 000 000 3.7e-021
04780 ///// ///// 0001.3 000 000 4.1e-021
04840 ///// ///// 0000.0 000 000 4.2e-021
04900 ///// ///// 0000.0 000 000 1.6e-021
04960 ///// ///// 0000.0 000 000 2.9e-021
05020 ///// ///// 0000.0 000 000 6.0e-022
05080 ///// ///// 0000.1 000 000 6.9e-021
05140 ///// ///// 0000.0 000 000 1.5e-021
05200 ///// ///// 0000.9 000 000 5.3e-021
05260 ///// ///// -000.2 000 000 1.8e-021
05320 ///// ///// -001.3 000 000 6.1e-022
05380 ///// ///// 0000.0 000 000 4.3e-021
05440 ///// ///// 0000.0 000 000 2.7e-021
05500 ///// ///// 0000.1 000 000 4.7e-021
05560 ///// ///// 0000.8 000 000 5.2e-021
05620 ///// ///// -000.0 000 000 5.8e-021
05680 ///// ///// 0000.2 000 000 8.6e-021
05740 ///// ///// 0000.1 000 000 2.0e-021
05800 ///// ///// 0000.2 000 000 2.1e-021
05860 ///// ///// 0000.0 000 000 5.5e-021
05920 ///// ///// 0000.0 000 000 4.7e-021
05980 ///// ///// 0000.0 000 000 7.6e-021
NNNN
