WNDROBS 01.20
57793 0114.3600 027.7900 00130.0 LC 20130629164500
ROBS
00100 087.0 004.2 0000.2 100 100 7.2e-021
00160 087.0 004.6 0000.2 100 100 1.6e-020
00220 113.0 005.6 0000.2 100 100 1.2e-020
00280 102.0 005.0 0000.2 100 100 1.7e-020
00340 114.0 006.8 0000.1 100 100 1.0e-020
00400 124.0 005.5 0000.1 100 100 2.2e-020
00460 137.0 006.0 0000.1 100 100 2.8e-020
00520 156.0 007.6 0000.1 100 100 4.2e-020
00580 164.0 008.7 0000.0 100 100 1.1e-019
00640 172.0 009.2 0000.1 100 100 1.2e-019
00700 176.0 009.9 -000.1 100 100 5.6e-020
00760 180.0 010.7 -000.2 100 100 6.0e-020
00820 183.0 011.2 -000.2 100 100 6.1e-020
00880 186.0 010.7 -000.1 100 100 1.3e-019
00940 190.0 010.0 -000.1 100 100 1.6e-019
01000 191.0 008.8 0000.1 100 100 9.7e-020
01060 189.0 008.4 0000.1 100 100 4.1e-020
01120 199.0 007.0 0000.1 100 100 3.2e-020
01180 206.0 006.4 0000.1 100 100 2.4e-020
01240 209.0 005.4 0000.1 100 100 2.6e-020
01300 210.0 005.3 0000.0 100 100 1.5e-020
01360 213.0 005.9 0000.1 100 100 6.1e-021
01420 216.0 006.7 0000.2 100 100 7.5e-021
01480 214.0 007.0 0000.2 100 100 1.2e-020
01540 216.0 007.4 0000.1 100 100 1.0e-020
01600 219.0 008.4 0000.1 100 100 1.4e-020
01660 216.0 008.9 -000.1 100 100 1.7e-020
01720 219.0 009.5 0000.0 100 100 1.5e-020
01780 217.0 009.9 0000.0 100 100 1.4e-020
01840 218.0 010.8 0000.1 100 100 1.1e-020
01900 222.0 011.2 0000.2 100 100 5.6e-021
01960 226.0 010.7 -000.2 100 100 4.3e-021
02020 225.0 011.2 -000.0 100 100 4.3e-021
02080 226.0 011.7 -000.0 100 100 3.2e-021
02140 225.0 011.7 0000.0 100 100 4.7e-021
02200 227.0 011.0 0000.0 100 100 5.4e-021
02260 226.0 009.7 -000.5 100 100 3.5e-021
02320 227.0 010.3 0000.0 100 100 2.7e-021
02380 230.0 009.9 -000.4 100 100 2.3e-021
02440 230.0 010.4 -001.2 100 100 2.6e-021
02500 242.0 009.2 0000.0 100 100 4.6e-021
02560 232.0 008.7 0000.2 100 100 4.1e-021
02620 222.0 007.6 -000.1 100 100 3.9e-021
02680 227.0 007.2 -000.1 100 100 2.1e-021
02740 225.0 006.6 -000.1 100 100 3.2e-021
02800 228.0 007.0 -000.1 100 100 3.5e-021
02860 227.0 007.7 -000.0 100 100 4.7e-021
02920 227.0 007.4 -000.0 100 100 4.6e-021
02980 225.0 007.4 0000.0 100 100 2.6e-021
03040 234.0 007.3 -000.7 100 100 8.0e-021
03100 234.0 007.9 -000.0 100 100 1.0e-020
03160 242.0 008.2 0000.0 100 100 6.2e-021
03220 239.0 008.0 -000.1 100 100 6.4e-021
03280 244.0 007.5 0000.0 100 100 4.1e-021
03340 245.0 007.5 -000.3 100 100 3.9e-021
03400 251.0 007.7 -000.2 100 100 3.2e-021
03460 250.0 007.4 0000.0 100 100 3.9e-021
03520 243.0 007.7 0000.0 100 100 3.6e-021
03580 239.0 008.3 0000.0 100 100 2.6e-021
03640 236.0 008.5 0000.0 100 100 3.6e-021
03700 232.0 008.8 0000.3 100 100 5.5e-021
03760 233.0 010.0 0000.2 100 100 4.3e-021
03820 228.0 009.0 0000.1 100 100 5.1e-021
03880 225.0 009.5 0000.0 100 100 4.1e-021
03940 223.0 010.5 0000.1 100 100 6.5e-021
04000 218.0 011.6 -000.1 100 100 7.2e-021
04060 221.0 010.5 0000.2 100 100 2.7e-021
04120 212.0 008.3 0000.0 100 100 5.6e-021
04180 210.0 008.8 -000.4 100 100 2.2e-020
04240 201.0 008.8 0000.0 100 100 1.1e-020
04300 ///// ///// 0000.0 000 000 9.0e-022
04360 ///// ///// -000.6 000 000 1.9e-021
04420 ///// ///// 0000.0 000 000 1.4e-021
04480 ///// ///// 0000.0 000 000 3.0e-021
04540 ///// ///// 0000.0 000 000 4.6e-022
04600 ///// ///// 0000.0 000 000 3.7e-022
04660 ///// ///// -000.1 000 000 2.0e-021
04720 ///// ///// 0000.0 000 000 1.1e-021
04780 ///// ///// 0000.0 000 000 2.1e-021
04840 225.0 007.6 0000.0 100 100 2.0e-021
04900 227.0 007.0 0000.0 100 100 4.1e-021
04960 234.0 009.1 0000.2 100 100 5.2e-021
05020 226.0 007.2 0000.0 100 100 5.4e-021
05080 ///// ///// 0000.0 000 000 2.0e-021
05140 228.0 007.2 0000.0 100 100 2.0e-021
05200 226.0 008.1 0000.0 100 100 5.3e-021
05260 ///// ///// 0000.0 000 000 3.4e-021
05320 ///// ///// 0000.0 000 000 1.4e-021
05380 ///// ///// 0000.0 000 000 1.7e-021
05440 ///// ///// 0000.0 000 000 1.0e-021
05500 ///// ///// 0000.0 000 000 1.6e-021
05560 ///// ///// 0000.0 000 000 4.3e-021
05620 ///// ///// -000.1 000 000 3.2e-021
05680 ///// ///// 0000.0 000 000 3.0e-021
05740 ///// ///// 0000.0 000 000 5.8e-021
05800 ///// ///// 0000.0 000 000 3.1e-021
05860 ///// ///// 0000.0 000 000 3.9e-021
05920 ///// ///// 0000.0 000 000 4.0e-021
05980 ///// ///// 0001.1 000 000 5.3e-021
NNNN
