WNDROBS 01.20
57793 0114.3600 027.7900 00130.0 LC 20130629181000
ROBS
00100 077.0 003.7 0002.0 100 100 3.9e-021
00160 077.0 004.1 -000.1 100 100 7.4e-021
00220 099.0 003.7 -000.1 100 100 1.0e-020
00280 117.0 003.9 -000.1 100 100 8.2e-021
00340 115.0 004.4 -000.1 100 100 8.1e-021
00400 135.0 004.3 -000.2 100 100 1.4e-020
00460 146.0 005.0 -000.3 100 100 1.7e-020
00520 155.0 006.8 -000.5 100 100 3.8e-020
00580 163.0 007.3 -000.5 100 100 3.6e-020
00640 167.0 007.6 -000.3 100 100 7.7e-020
00700 169.0 008.5 -000.2 100 100 5.6e-020
00760 174.0 008.3 -000.2 100 100 1.1e-019
00820 185.0 007.3 -000.3 100 100 7.8e-020
00880 187.0 006.2 -000.1 100 100 6.4e-020
00940 190.0 005.1 -000.2 100 100 2.4e-020
01000 198.0 004.2 -000.2 100 100 7.5e-021
01060 190.0 004.1 0000.1 100 100 3.7e-021
01120 206.0 003.9 -000.1 100 100 2.8e-021
01180 212.0 003.7 -000.1 100 100 2.9e-021
01240 218.0 003.5 -000.3 100 100 2.3e-021
01300 201.0 004.1 -000.3 100 100 2.4e-021
01360 201.0 005.0 -000.1 100 100 2.2e-021
01420 209.0 005.3 -000.2 100 100 2.9e-021
01480 207.0 004.9 -000.3 100 100 3.7e-021
01540 206.0 006.3 -000.2 100 100 7.0e-021
01600 210.0 006.8 -000.2 100 100 1.1e-020
01660 219.0 007.7 -000.1 100 100 7.8e-021
01720 225.0 008.6 0000.1 100 100 4.3e-021
01780 235.0 009.9 -000.3 100 100 3.6e-021
01840 227.0 009.8 -000.1 100 100 3.1e-021
01900 234.0 009.0 -000.2 100 100 2.1e-021
01960 228.0 009.8 -000.3 100 100 1.4e-021
02020 213.0 008.5 -000.3 100 100 1.8e-021
02080 215.0 008.8 -000.7 100 100 2.2e-021
02140 218.0 009.3 0000.0 100 100 2.0e-021
02200 215.0 008.3 -000.5 100 100 2.4e-021
02260 226.0 009.3 -000.2 100 100 2.4e-021
02320 228.0 009.4 -000.3 100 100 2.5e-021
02380 231.0 009.5 -000.2 100 100 2.5e-021
02440 229.0 009.9 0000.3 100 100 2.7e-021
02500 227.0 009.0 -000.5 100 100 2.2e-021
02560 235.0 008.3 0000.0 100 100 1.4e-021
02620 235.0 008.4 -000.3 100 100 2.4e-021
02680 231.0 007.6 -000.3 100 100 2.9e-021
02740 233.0 007.5 0000.0 100 100 3.7e-021
02800 230.0 006.9 0000.0 100 100 3.8e-021
02860 222.0 006.6 0000.0 100 100 1.2e-021
02920 207.0 009.2 -000.3 100 100 4.2e-021
02980 207.0 009.3 -000.3 100 100 5.1e-021
03040 208.0 009.4 -000.2 100 100 3.3e-021
03100 211.0 008.1 -000.3 100 100 6.1e-021
03160 207.0 007.9 -000.6 100 100 5.2e-021
03220 240.0 004.5 0000.0 100 100 4.0e-021
03280 254.0 004.2 0000.0 100 100 3.2e-021
03340 254.0 004.2 -000.5 100 100 4.2e-021
03400 219.0 005.0 0000.0 100 100 3.2e-021
03460 215.0 006.9 -000.6 100 100 3.4e-021
03520 210.0 007.5 -000.6 100 100 2.8e-021
03580 215.0 007.3 0000.0 100 100 2.3e-021
03640 212.0 007.2 -000.5 100 100 2.8e-021
03700 207.0 006.9 -000.2 100 100 3.1e-021
03760 204.0 007.6 0000.0 100 100 3.0e-021
03820 205.0 007.5 -000.5 100 100 2.9e-021
03880 197.0 006.8 0000.0 100 100 2.4e-021
03940 195.0 007.6 -000.2 100 100 3.2e-021
04000 179.0 005.1 -000.0 100 100 3.5e-021
04060 202.0 007.5 -000.2 100 100 5.1e-021
04120 195.0 008.0 -000.2 100 100 7.4e-021
04180 200.0 008.4 0000.0 100 100 1.5e-020
04240 199.0 008.9 0000.0 100 100 1.5e-020
04300 195.0 009.8 0000.0 100 100 2.2e-021
04360 ///// ///// 0000.0 000 000 2.3e-021
04420 ///// ///// 0000.0 000 000 1.3e-021
04480 ///// ///// 0000.0 000 000 3.3e-021
04540 ///// ///// 0000.0 000 000 1.2e-021
04600 ///// ///// 0000.0 000 000 7.0e-022
04660 ///// ///// 0000.0 000 000 2.5e-021
04720 ///// ///// 0000.3 000 000 2.3e-021
04780 ///// ///// 0000.0 000 000 1.1e-021
04840 ///// ///// -000.4 000 000 3.9e-021
04900 ///// ///// 0001.3 000 000 1.7e-021
04960 ///// ///// 0000.2 000 000 6.6e-021
05020 ///// ///// -000.7 000 000 1.7e-021
05080 ///// ///// 0000.2 000 000 2.8e-021
05140 ///// ///// 0000.0 000 000 1.6e-021
05200 ///// ///// 0000.0 000 000 2.1e-021
05260 228.0 006.5 0000.0 100 100 6.0e-021
05320 ///// ///// 0000.0 000 000 1.5e-021
05380 ///// ///// 0000.0 000 000 9.2e-022
05440 ///// ///// 0000.0 000 000 3.8e-021
05500 ///// ///// 0000.0 000 000 1.4e-021
05560 ///// ///// 0000.0 000 000 6.4e-022
05620 ///// ///// 0000.0 000 000 1.9e-021
05680 ///// ///// 0000.0 000 000 3.9e-021
05740 ///// ///// 0000.0 000 000 2.7e-021
05800 ///// ///// 0000.0 000 000 1.6e-021
05860 ///// ///// 0000.0 000 000 1.8e-021
05920 ///// ///// 0000.0 000 000 2.9e-021
05980 ///// ///// -001.2 000 000 6.6e-021
NNNN
