WNDROBS 01.20
57793 0114.3600 027.7900 00130.0 LC 20130629114500
ROBS
00100 117.0 004.8 0001.7 100 100 1.5e-021
00160 119.0 005.0 0001.7 100 100 3.2e-021
00220 117.0 006.0 0001.8 100 100 4.1e-021
00280 119.0 006.1 -000.0 100 100 6.4e-021
00340 131.0 005.3 -000.2 100 100 8.8e-021
00400 131.0 005.9 -000.2 100 100 1.7e-020
00460 140.0 007.7 -000.2 100 100 5.8e-020
00520 151.0 008.0 -000.2 100 100 6.9e-020
00580 156.0 009.4 -000.2 100 100 1.2e-020
00640 158.0 010.3 -000.2 100 100 1.7e-020
00700 162.0 010.7 -000.0 100 100 1.0e-020
00760 159.0 010.8 -000.1 100 100 1.1e-020
00820 175.0 009.8 -000.3 100 100 1.2e-020
00880 175.0 010.3 -000.2 100 100 8.3e-021
00940 176.0 010.4 -000.0 100 100 2.0e-020
01000 184.0 009.6 0000.2 100 100 3.9e-020
01060 179.0 009.4 -000.2 100 100 2.2e-020
01120 180.0 009.0 -000.2 100 100 2.3e-020
01180 185.0 007.7 -000.2 100 100 4.7e-020
01240 187.0 006.6 -000.3 100 100 3.1e-020
01300 190.0 006.0 -000.3 100 100 3.0e-020
01360 191.0 005.8 -000.3 100 100 2.6e-020
01420 195.0 005.9 -000.2 100 100 2.2e-020
01480 207.0 006.7 -000.1 100 100 1.7e-020
01540 216.0 007.3 0000.1 100 100 3.1e-020
01600 222.0 007.8 0000.1 100 100 4.3e-020
01660 224.0 009.0 0000.1 100 100 3.0e-020
01720 228.0 009.6 -000.0 100 100 1.7e-020
01780 230.0 009.2 0000.0 100 100 8.1e-021
01840 233.0 008.3 0000.0 100 100 7.1e-021
01900 232.0 008.8 0000.1 100 100 6.1e-021
01960 232.0 009.1 0000.1 100 100 4.8e-021
02020 232.0 009.1 0000.0 100 100 5.0e-021
02080 231.0 010.2 0000.1 100 100 4.7e-021
02140 235.0 010.0 0000.0 100 100 8.4e-021
02200 269.0 008.0 0000.0 100 100 1.4e-021
02260 279.0 008.4 0000.1 100 100 2.1e-021
02320 232.0 009.4 0000.0 100 100 9.7e-022
02380 254.0 012.0 0000.0 100 100 8.1e-022
02440 262.0 013.9 -000.5 100 100 6.0e-022
02500 262.0 011.8 0000.4 100 100 1.3e-021
02560 269.0 008.5 0000.0 100 100 1.5e-021
02620 265.0 005.0 0000.0 100 100 1.4e-021
02680 263.0 003.5 0000.2 100 100 1.6e-021
02740 ///// ///// -000.2 000 000 2.4e-021
02800 086.0 003.4 0000.2 100 100 3.0e-021
02860 091.0 007.4 0000.0 100 100 2.3e-021
02920 008.0 002.5 0000.3 100 100 1.6e-021
02980 057.0 002.8 0000.0 100 100 1.3e-021
03040 034.0 002.5 0000.0 100 100 1.7e-021
03100 074.0 003.3 -000.6 100 100 1.7e-021
03160 061.0 003.5 0000.2 100 100 2.3e-021
03220 059.0 004.2 0000.0 100 100 2.4e-021
03280 296.0 004.2 0000.0 100 100 2.8e-021
03340 ///// ///// -000.2 000 000 9.9e-022
03400 ///// ///// 0000.0 000 000 2.8e-021
03460 ///// ///// -000.0 000 000 5.1e-021
03520 ///// ///// 0000.0 000 000 5.9e-021
03580 ///// ///// 0000.0 000 000 3.5e-021
03640 241.0 012.9 0000.0 100 100 1.2e-021
03700 258.0 009.7 0000.0 100 100 3.7e-021
03760 246.0 011.9 0000.1 100 100 4.1e-021
03820 268.0 013.0 0000.0 100 100 4.2e-021
03880 261.0 011.6 0000.0 100 100 1.8e-021
03940 247.0 012.3 0000.8 100 100 5.1e-021
04000 246.0 011.5 0000.0 100 100 4.9e-021
04060 246.0 011.6 0000.0 100 100 1.4e-021
04120 247.0 012.1 -000.1 100 100 5.9e-021
04180 247.0 012.4 0000.0 100 100 6.7e-021
04240 ///// ///// -001.1 000 000 7.8e-021
04300 231.0 013.0 0000.0 100 100 6.0e-021
04360 228.0 013.9 0000.0 100 100 2.8e-021
04420 225.0 014.2 -000.2 100 100 1.3e-020
04480 227.0 014.3 -000.2 100 100 1.3e-020
04540 228.0 012.6 -000.2 100 100 1.0e-020
04600 243.0 017.8 -000.3 100 100 1.4e-020
04660 243.0 017.0 0000.0 100 100 9.4e-021
04720 242.0 017.6 0000.0 100 100 8.5e-021
04780 236.0 014.1 0001.1 100 100 3.8e-021
04840 205.0 009.3 0000.0 100 100 4.3e-021
04900 221.0 011.9 0000.0 100 100 7.5e-021
04960 223.0 013.0 0000.2 100 100 1.4e-020
05020 233.0 011.7 0000.7 100 100 1.4e-020
05080 229.0 009.8 0000.5 100 100 1.2e-020
05140 253.0 009.8 0000.7 100 100 1.6e-020
05200 230.0 011.7 0001.0 100 100 2.0e-020
05260 252.0 009.7 0001.0 100 100 1.8e-020
05320 260.0 010.1 0001.0 100 100 1.6e-020
05380 258.0 009.7 0000.8 100 100 1.6e-020
05440 266.0 009.5 0000.9 100 100 1.8e-020
05500 266.0 009.5 0001.1 100 100 2.1e-020
05560 269.0 011.5 0001.0 100 100 1.9e-020
05620 269.0 011.5 0001.1 100 100 7.6e-021
05680 272.0 012.1 0001.2 100 100 8.3e-021
05740 272.0 011.9 0001.3 100 100 2.5e-020
05800 270.0 011.9 0001.4 100 100 2.3e-020
05860 273.0 012.1 0001.2 100 100 2.6e-020
05920 275.0 011.1 0001.5 100 100 2.3e-020
05980 271.0 012.2 0001.3 100 100 1.8e-020
NNNN
