WNDROBS 01.20
57793 0114.3600 027.7900 00130.0 LC 20130628002500
ROBS
00100 358.0 000.5 0000.2 100 100 2.8e-021
00160 065.0 001.5 -000.0 100 100 9.2e-021
00220 077.0 004.0 0000.1 100 100 1.1e-020
00280 325.0 002.2 -000.0 100 100 9.2e-021
00340 144.0 000.6 -000.2 100 100 1.8e-020
00400 142.0 000.2 -000.3 100 100 3.1e-020
00460 259.0 001.3 -000.3 100 100 4.6e-020
00520 235.0 001.3 -000.3 100 100 3.6e-020
00580 218.0 001.8 -000.3 100 100 7.1e-020
00640 236.0 003.0 -000.2 100 100 1.5e-019
00700 227.0 004.6 -000.2 100 100 1.6e-019
00760 227.0 006.2 -000.2 100 100 1.7e-019
00820 227.0 008.8 -000.4 100 100 6.5e-020
00880 224.0 009.9 -000.3 100 100 3.0e-020
00940 232.0 012.5 -000.3 100 100 6.4e-021
01000 223.0 010.9 -000.3 100 100 4.3e-021
01060 225.0 010.8 -000.2 100 100 2.1e-021
01120 227.0 012.1 -000.5 100 100 2.1e-021
01180 230.0 012.9 -000.4 100 100 2.7e-021
01240 234.0 013.2 -000.4 100 100 3.0e-021
01300 234.0 013.7 -000.3 100 100 3.4e-021
01360 233.0 014.9 -000.2 100 100 6.1e-021
01420 234.0 015.7 -000.2 100 100 6.7e-021
01480 236.0 015.5 -000.1 100 100 6.2e-021
01540 237.0 016.3 -000.1 100 100 5.2e-021
01600 236.0 016.5 -000.3 100 100 8.0e-021
01660 239.0 016.8 -000.4 100 100 8.4e-021
01720 241.0 017.3 -000.5 100 100 9.5e-021
01780 242.0 018.0 -000.6 100 100 5.4e-021
01840 244.0 017.2 -000.4 100 100 2.3e-021
01900 240.0 016.5 -000.2 100 100 1.7e-021
01960 237.0 016.7 0000.0 100 100 1.5e-021
02020 237.0 016.9 -000.0 100 100 1.8e-021
02080 239.0 016.8 0000.0 100 100 1.8e-021
02140 238.0 017.1 0000.0 100 100 1.7e-021
02200 233.0 016.5 -000.8 100 100 1.5e-021
02260 233.0 014.6 -000.3 100 100 1.5e-021
02320 238.0 014.4 -000.5 100 100 1.7e-021
02380 237.0 013.6 0000.0 100 100 1.7e-021
02440 235.0 013.7 0000.0 100 100 1.7e-021
02500 235.0 012.2 -000.1 100 100 2.7e-021
02560 223.0 009.4 -000.2 100 100 3.5e-021
02620 220.0 009.1 -000.4 100 100 3.7e-021
02680 237.0 014.0 -000.4 100 100 3.9e-021
02740 237.0 014.9 0000.1 100 100 4.1e-021
02800 233.0 012.3 -000.1 100 100 3.7e-021
02860 236.0 012.3 -000.3 100 100 3.8e-021
02920 230.0 012.1 -000.4 100 100 1.0e-020
02980 235.0 011.9 -000.4 100 100 1.7e-020
03040 233.0 012.8 0000.0 100 100 1.5e-020
03100 236.0 013.9 -000.1 100 100 8.9e-021
03160 236.0 014.3 0000.0 100 100 3.5e-021
03220 243.0 012.4 0000.0 100 100 4.6e-021
03280 242.0 011.9 -000.1 100 100 5.4e-021
03340 241.0 011.7 0000.0 100 100 5.9e-021
03400 242.0 012.2 0000.0 100 100 5.8e-021
03460 241.0 011.2 0000.0 100 100 5.6e-021
03520 235.0 008.4 0000.0 100 100 3.1e-022
03580 233.0 007.9 0000.0 100 100 1.3e-021
03640 234.0 008.3 0000.0 100 100 4.1e-022
03700 236.0 008.9 0000.2 100 100 2.5e-021
03760 ///// ///// 0000.1 000 000 3.0e-021
03820 ///// ///// -000.1 000 000 2.1e-021
03880 ///// ///// 0000.0 000 000 2.2e-021
03940 ///// ///// 0000.0 000 000 2.1e-021
04000 ///// ///// 0000.0 000 000 9.5e-022
04060 ///// ///// 0000.0 000 000 1.9e-021
04120 ///// ///// 0000.0 000 000 3.7e-021
04180 239.0 014.6 0000.0 100 100 1.5e-021
04240 239.0 016.6 0000.0 100 100 3.8e-021
04300 244.0 018.4 0000.0 100 100 1.1e-021
04360 253.0 011.7 0000.1 100 100 3.2e-021
04420 269.0 011.2 0000.0 100 100 2.2e-021
04480 ///// ///// 0000.0 000 000 2.7e-021
04540 ///// ///// 0000.0 000 000 3.5e-021
04600 ///// ///// 0000.0 000 000 1.5e-021
04660 ///// ///// 0000.0 000 000 1.2e-021
04720 ///// ///// 0000.0 000 000 3.4e-021
04780 ///// ///// 0000.0 000 000 9.9e-022
04840 ///// ///// 0000.0 000 000 3.1e-021
04900 ///// ///// 0000.0 000 000 3.3e-021
04960 ///// ///// -000.1 000 000 4.0e-021
05020 ///// ///// 0000.0 000 000 9.4e-022
05080 ///// ///// 0000.0 000 000 3.7e-021
05140 ///// ///// 0000.0 000 000 3.2e-021
05200 ///// ///// 0000.0 000 000 2.7e-021
05260 ///// ///// 0000.0 000 000 3.8e-021
05320 ///// ///// 0000.0 000 000 2.6e-021
05380 ///// ///// 0000.0 000 000 3.3e-021
05440 ///// ///// 0000.0 000 000 1.3e-021
05500 ///// ///// 0000.0 000 000 2.3e-021
05560 ///// ///// 0000.0 000 000 2.3e-021
05620 ///// ///// 0000.0 000 000 4.6e-021
05680 ///// ///// 0000.0 000 000 3.1e-021
05740 ///// ///// 0000.0 000 000 3.5e-021
05800 ///// ///// -000.6 000 000 6.8e-021
05860 ///// ///// 0000.0 000 000 4.5e-021
05920 ///// ///// 0000.0 000 000 3.5e-021
05980 ///// ///// 0000.0 000 000 6.9e-022
NNNN
