WNDROBS 01.20
57793 0114.3600 027.7900 00130.0 LC 20130629092000
ROBS
00100 176.0 002.2 0001.6 100 100 2.4e-021
00160 199.0 002.6 0001.8 100 100 5.9e-021
00220 129.0 004.7 0001.7 100 100 3.5e-021
00280 128.0 004.7 0000.0 100 100 1.1e-020
00340 160.0 003.6 0000.1 100 100 1.3e-020
00400 161.0 005.1 -000.0 100 100 1.3e-020
00460 156.0 006.6 -000.1 100 100 8.2e-020
00520 162.0 007.7 -000.2 100 100 4.6e-019
00580 166.0 008.6 -000.4 100 100 3.2e-019
00640 173.0 009.6 -000.3 100 100 8.1e-020
00700 182.0 010.5 -000.3 100 100 8.3e-020
00760 182.0 009.6 -000.2 100 100 8.4e-020
00820 182.0 007.9 -000.3 100 100 3.3e-020
00880 206.0 007.9 0000.2 100 100 1.2e-020
00940 228.0 006.8 0000.1 100 100 1.0e-020
01000 198.0 002.5 0000.0 100 100 2.7e-020
01060 220.0 002.3 0003.0 100 100 5.5e-021
01120 232.0 002.4 0000.2 100 100 3.4e-020
01180 229.0 003.1 0000.3 100 100 2.8e-020
01240 219.0 003.9 0000.2 100 100 1.0e-020
01300 217.0 004.4 0000.0 100 100 3.3e-021
01360 217.0 006.0 0000.4 100 100 1.8e-021
01420 221.0 006.2 0000.3 100 100 2.3e-021
01480 226.0 008.1 0000.3 100 100 3.3e-021
01540 223.0 008.9 0000.3 100 100 8.3e-021
01600 231.0 009.6 0000.3 100 100 1.7e-020
01660 233.0 009.7 0000.2 100 100 2.0e-020
01720 233.0 010.2 0000.2 100 100 1.2e-020
01780 231.0 011.2 0000.2 100 100 2.0e-020
01840 232.0 011.4 -000.0 100 100 3.2e-020
01900 236.0 011.7 -000.2 100 100 3.1e-020
01960 236.0 011.9 -000.3 100 100 1.8e-020
02020 231.0 010.7 -000.6 100 100 5.4e-021
02080 233.0 009.5 -000.3 100 100 3.7e-021
02140 231.0 009.2 -000.3 100 100 2.6e-021
02200 232.0 009.0 -000.2 100 100 1.8e-021
02260 237.0 009.1 -000.3 100 100 2.6e-021
02320 238.0 009.4 -000.1 100 100 3.2e-021
02380 238.0 009.4 -000.2 100 100 3.2e-021
02440 239.0 010.2 0000.1 100 100 4.4e-021
02500 239.0 009.7 -000.1 100 100 5.5e-021
02560 238.0 009.3 0000.0 100 100 9.1e-021
02620 235.0 009.5 -000.0 100 100 1.1e-020
02680 236.0 009.9 -000.2 100 100 1.3e-020
02740 234.0 010.3 -000.2 100 100 9.7e-021
02800 236.0 010.3 -000.4 100 100 4.6e-021
02860 234.0 009.7 0001.2 100 100 6.7e-021
02920 231.0 010.1 0000.1 100 100 8.3e-021
02980 228.0 010.2 0000.0 100 100 8.3e-021
03040 226.0 011.1 0000.0 100 100 8.8e-021
03100 222.0 010.5 0000.0 100 100 1.7e-020
03160 210.0 010.0 0000.0 100 100 1.6e-020
03220 213.0 010.2 -000.0 100 100 1.9e-020
03280 215.0 010.7 -000.2 100 100 1.3e-020
03340 221.0 010.6 -000.3 100 100 1.3e-020
03400 224.0 010.8 -000.2 100 100 2.1e-020
03460 228.0 013.0 0000.0 100 100 2.0e-020
03520 226.0 012.5 -000.0 100 100 1.4e-020
03580 230.0 012.4 -000.1 100 100 1.1e-020
03640 233.0 012.3 -000.2 100 100 1.4e-020
03700 225.0 012.4 -000.3 100 100 1.6e-020
03760 225.0 012.7 -000.2 100 100 1.2e-020
03820 223.0 012.7 0000.2 100 100 1.1e-020
03880 220.0 011.9 -000.3 100 100 1.1e-020
03940 220.0 012.1 0000.8 100 100 1.0e-020
04000 222.0 011.5 0000.4 100 100 1.4e-020
04060 224.0 012.2 0000.3 100 100 1.3e-020
04120 226.0 013.1 0000.1 100 100 1.1e-020
04180 223.0 012.4 0000.3 100 100 8.5e-021
04240 220.0 012.4 0000.1 100 100 8.3e-021
04300 220.0 011.3 0000.4 100 100 9.0e-021
04360 229.0 013.2 0000.3 100 100 8.7e-021
04420 233.0 013.7 0000.4 100 100 9.2e-021
04480 230.0 012.5 0000.6 100 100 7.3e-021
04540 233.0 012.1 0000.4 100 100 5.6e-021
04600 231.0 010.2 0000.6 100 100 6.5e-021
04660 228.0 009.9 0000.2 100 100 5.0e-021
04720 253.0 009.0 0000.0 100 100 6.6e-021
04780 ///// ///// 0000.0 000 000 3.1e-022
04840 ///// ///// -000.3 000 000 4.2e-021
04900 ///// ///// 0000.0 000 000 2.6e-021
04960 ///// ///// 0000.0 000 000 2.4e-021
05020 ///// ///// 0000.0 000 000 3.5e-021
05080 ///// ///// 0000.0 000 000 2.2e-021
05140 ///// ///// 0000.0 000 000 1.3e-021
05200 ///// ///// 0000.0 000 000 3.2e-021
05260 ///// ///// 0000.0 000 000 1.4e-021
05320 ///// ///// -000.9 000 000 3.1e-021
05380 ///// ///// 0000.0 000 000 1.5e-021
05440 ///// ///// -000.2 000 000 4.9e-021
05500 ///// ///// 0000.0 000 000 3.3e-021
05560 ///// ///// 0000.0 000 000 1.3e-021
05620 ///// ///// 0000.3 000 000 5.5e-021
05680 ///// ///// 0000.0 000 000 3.2e-021
05740 ///// ///// 0000.0 000 000 4.9e-021
05800 ///// ///// 0000.0 000 000 5.5e-021
05860 ///// ///// 0000.0 000 000 2.0e-021
05920 ///// ///// 0001.2 000 000 5.9e-021
05980 ///// ///// 0000.0 000 000 3.3e-021
NNNN
