WNDROBS 01.20
57793 0114.3600 027.7900 00130.0 LC 20130629122000
ROBS
00100 068.0 005.3 0000.9 100 100 1.2e-020
00160 091.0 005.6 0001.0 100 100 4.7e-020
00220 109.0 005.9 0000.4 100 100 3.8e-020
00280 108.0 003.9 0000.2 100 100 3.3e-020
00340 104.0 005.6 0000.1 100 100 3.3e-020
00400 117.0 004.7 0000.2 100 100 6.9e-020
00460 134.0 005.9 0000.2 100 100 4.4e-020
00520 147.0 007.1 0000.2 100 100 4.3e-020
00580 160.0 007.5 0000.2 100 100 3.5e-020
00640 163.0 008.8 0000.2 100 100 1.9e-020
00700 163.0 009.9 0000.2 100 100 1.8e-020
00760 168.0 009.5 0000.4 100 100 1.4e-020
00820 172.0 011.9 0000.0 100 100 2.7e-020
00880 168.0 012.9 -000.0 100 100 2.1e-020
00940 161.0 011.2 0000.1 100 100 8.4e-020
01000 159.0 009.7 0000.0 100 100 4.7e-020
01060 169.0 010.2 0000.1 100 100 2.4e-020
01120 179.0 010.0 0000.4 100 100 1.9e-020
01180 179.0 009.8 0000.7 100 100 3.5e-020
01240 187.0 009.0 0000.5 100 100 7.8e-020
01300 189.0 008.4 0000.5 100 100 5.6e-020
01360 193.0 007.0 0000.0 100 100 7.6e-020
01420 190.0 006.8 -000.2 100 100 8.6e-020
01480 198.0 006.3 0000.0 100 100 8.1e-020
01540 202.0 006.8 0000.1 100 100 6.6e-020
01600 209.0 007.6 0000.1 100 100 4.7e-020
01660 211.0 008.0 0000.1 100 100 2.2e-020
01720 216.0 008.2 -000.1 100 100 1.2e-020
01780 217.0 009.5 -000.3 100 100 9.4e-021
01840 226.0 008.3 -000.1 100 100 9.6e-021
01900 226.0 008.8 -000.1 100 100 1.3e-020
01960 226.0 009.1 -000.2 100 100 9.9e-021
02020 230.0 010.3 0000.1 100 100 5.5e-021
02080 226.0 011.3 -000.8 100 100 2.8e-021
02140 223.0 010.9 0000.3 100 100 4.0e-021
02200 216.0 010.7 0000.3 100 100 4.4e-021
02260 215.0 010.4 0000.2 100 100 4.2e-021
02320 225.0 010.0 0000.2 100 100 5.3e-021
02380 214.0 008.6 0000.0 100 100 3.2e-021
02440 215.0 009.5 0000.0 100 100 2.1e-021
02500 212.0 008.2 0000.0 100 100 2.7e-021
02560 230.0 010.9 0000.0 100 100 3.2e-021
02620 227.0 009.4 0000.0 100 100 2.9e-021
02680 227.0 009.5 0000.1 100 100 2.9e-021
02740 227.0 009.6 -001.1 100 100 4.9e-021
02800 228.0 009.5 0000.0 100 100 1.5e-021
02860 228.0 009.6 0000.0 100 100 2.0e-021
02920 225.0 008.9 -001.0 100 100 2.0e-021
02980 229.0 012.3 0000.0 100 100 2.2e-021
03040 231.0 012.0 0000.0 100 100 3.1e-021
03100 231.0 012.2 -000.5 100 100 3.6e-021
03160 237.0 011.8 0000.0 100 100 2.7e-021
03220 238.0 012.1 -000.1 100 100 4.1e-021
03280 232.0 011.1 0000.0 100 100 4.1e-021
03340 238.0 011.5 0000.0 100 100 2.7e-021
03400 237.0 011.7 0000.0 100 100 1.1e-021
03460 237.0 011.8 -000.9 100 100 2.7e-021
03520 238.0 011.8 0000.0 100 100 2.1e-021
03580 241.0 011.6 0000.0 100 100 2.4e-021
03640 226.0 006.8 0000.0 100 100 1.9e-021
03700 200.0 004.2 0000.0 100 100 2.4e-021
03760 203.0 003.8 0000.0 100 100 2.0e-021
03820 200.0 004.3 0000.0 100 100 2.3e-021
03880 198.0 004.7 0000.0 100 100 2.2e-021
03940 214.0 002.7 0000.0 100 100 2.1e-021
04000 201.0 004.0 -000.3 100 100 2.6e-021
04060 205.0 003.6 0000.2 100 100 9.7e-022
04120 205.0 003.6 0000.0 100 100 2.3e-021
04180 205.0 003.6 0000.0 100 100 2.9e-021
04240 ///// ///// 0000.0 000 000 2.8e-021
04300 ///// ///// -000.2 000 000 2.7e-021
04360 ///// ///// -000.3 000 000 4.5e-021
04420 ///// ///// -000.2 000 000 1.2e-021
04480 ///// ///// -000.4 000 000 3.1e-021
04540 ///// ///// 0000.0 000 000 2.0e-021
04600 ///// ///// -000.5 000 000 1.6e-021
04660 ///// ///// -000.2 000 000 6.0e-021
04720 ///// ///// -000.2 000 000 7.6e-021
04780 ///// ///// -000.3 000 000 1.0e-021
04840 ///// ///// 0000.1 000 000 3.2e-021
04900 ///// ///// -000.3 000 000 4.2e-021
04960 ///// ///// 0000.0 000 000 2.7e-021
05020 ///// ///// 0000.0 000 000 3.2e-021
05080 ///// ///// 0000.0 000 000 3.0e-021
05140 ///// ///// -001.2 000 000 3.1e-021
05200 ///// ///// 0000.0 000 000 2.4e-021
05260 ///// ///// 0000.0 000 000 3.9e-021
05320 ///// ///// 0000.0 000 000 4.1e-021
05380 ///// ///// -000.1 000 000 4.1e-021
05440 ///// ///// 0000.0 000 000 4.6e-021
05500 ///// ///// 0000.0 000 000 4.1e-021
05560 ///// ///// 0000.0 000 000 3.4e-021
05620 ///// ///// 0000.0 000 000 4.3e-021
05680 ///// ///// 0000.0 000 000 3.6e-021
05740 ///// ///// 0000.0 000 000 5.2e-021
05800 ///// ///// 0000.0 000 000 6.4e-021
05860 ///// ///// 0000.0 000 000 1.0e-021
05920 ///// ///// 0000.0 000 000 4.5e-021
05980 ///// ///// 0000.0 000 000 3.5e-021
NNNN
