WNDROBS 01.20
57793 0114.3600 027.7900 00130.0 LC 20130628063500
ROBS
00100 056.0 007.8 0005.1 100 100 8.9e-018
00160 052.0 009.0 0005.7 100 100 3.4e-017
00220 050.0 009.1 0006.7 100 100 4.6e-017
00280 036.0 010.3 0006.7 100 100 3.4e-017
00340 027.0 012.3 0006.6 100 100 3.5e-017
00400 030.0 011.9 0006.3 100 100 2.4e-017
00460 032.0 013.8 0006.2 100 100 2.5e-017
00520 040.0 013.9 0006.2 100 100 2.2e-017
00580 040.0 014.4 0006.2 100 100 2.4e-017
00640 037.0 011.8 0005.5 100 100 1.7e-017
00700 046.0 013.3 0004.6 100 100 1.4e-017
00760 096.0 010.0 0004.3 100 100 2.2e-017
00820 339.0 009.1 0004.2 100 100 1.8e-017
00880 308.0 010.3 0004.3 100 100 1.1e-017
00940 313.0 007.6 0004.9 100 100 8.0e-018
01000 174.0 007.9 0005.0 100 100 1.1e-017
01060 294.0 004.6 0005.0 100 100 3.8e-018
01120 264.0 004.9 0004.9 100 100 3.3e-018
01180 269.0 005.2 0005.0 100 100 3.1e-018
01240 256.0 005.4 0005.2 100 100 3.3e-018
01300 193.0 004.3 0005.2 100 100 3.3e-018
01360 216.0 004.5 0005.3 100 100 3.0e-018
01420 233.0 005.4 0004.9 100 100 2.7e-018
01480 232.0 006.6 0005.1 100 100 2.6e-018
01540 246.0 007.3 0005.3 100 100 2.5e-018
01600 237.0 006.1 0005.2 100 100 2.0e-018
01660 233.0 005.8 0005.3 100 100 2.3e-018
01720 228.0 008.2 0005.4 100 100 2.8e-018
01780 213.0 007.6 0005.5 100 100 2.7e-018
01840 225.0 012.4 0005.6 100 100 2.8e-018
01900 225.0 011.6 0005.6 100 100 2.5e-018
01960 226.0 012.3 0006.0 100 100 3.6e-018
02020 228.0 013.6 0005.9 100 100 3.6e-018
02080 228.0 014.8 0005.7 100 100 3.9e-018
02140 225.0 013.9 0005.6 100 100 2.5e-018
02200 234.0 016.5 0005.6 100 100 3.1e-018
02260 237.0 018.3 0005.6 100 100 3.5e-018
02320 234.0 016.5 0005.6 100 100 2.8e-018
02380 234.0 017.8 0005.6 100 100 2.7e-018
02440 235.0 016.4 0005.7 100 100 2.9e-018
02500 241.0 017.6 0005.6 100 100 4.1e-018
02560 241.0 015.7 0005.6 100 100 3.9e-018
02620 237.0 015.4 0006.2 100 100 4.0e-018
02680 242.0 014.9 0006.1 100 100 4.0e-018
02740 239.0 013.6 0005.9 100 100 2.7e-018
02800 240.0 012.9 0005.9 100 100 3.3e-018
02860 238.0 013.3 0005.8 100 100 3.3e-018
02920 253.0 014.0 0005.5 100 100 2.5e-018
02980 248.0 015.6 0005.4 100 100 2.7e-018
03040 246.0 018.2 0005.2 100 100 3.1e-018
03100 239.0 020.3 0005.1 100 100 2.7e-018
03160 241.0 021.5 0005.0 100 100 3.0e-018
03220 237.0 019.2 0005.0 100 100 2.5e-018
03280 233.0 022.9 0004.9 100 100 3.1e-018
03340 232.0 023.3 0004.8 100 100 3.0e-018
03400 227.0 023.1 0004.6 100 100 2.7e-018
03460 225.0 021.7 0004.5 100 100 2.1e-018
03520 228.0 026.2 0004.4 100 100 3.3e-018
03580 230.0 026.3 0004.5 100 100 2.9e-018
03640 228.0 027.5 0004.4 100 100 3.9e-018
03700 229.0 027.4 0004.3 100 100 4.1e-018
03760 229.0 025.9 0004.3 100 100 4.2e-018
03820 230.0 025.4 0004.1 100 100 4.5e-018
03880 232.0 024.3 0004.4 100 100 4.5e-018
03940 232.0 024.0 0004.4 100 100 5.0e-018
04000 232.0 024.7 0004.6 100 100 5.2e-018
04060 233.0 025.1 0004.4 100 100 5.5e-018
04120 232.0 025.7 0004.6 100 100 5.6e-018
04180 233.0 024.8 0004.6 100 100 5.5e-018
04240 232.0 025.3 0004.5 100 100 5.6e-018
04300 224.0 023.9 0004.6 100 100 5.8e-018
04360 223.0 024.4 0004.7 100 100 5.8e-018
04420 222.0 024.1 0004.8 100 100 5.5e-018
04480 223.0 024.4 0004.7 100 100 5.6e-018
04540 222.0 024.1 0004.3 100 100 5.8e-018
04600 218.0 023.1 0003.0 100 100 7.4e-018
04660 216.0 020.8 0002.7 100 100 1.1e-017
04720 213.0 021.2 0002.5 100 100 1.6e-017
04780 214.0 024.2 0002.7 100 100 6.2e-018
04840 214.0 024.4 0002.6 100 100 6.2e-018
04900 214.0 023.9 0002.5 100 100 6.7e-018
04960 214.0 023.8 0002.4 100 100 5.9e-018
05020 214.0 023.8 0002.4 100 100 5.6e-018
05080 214.0 024.1 0002.3 100 100 4.2e-018
05140 214.0 023.6 0002.2 100 100 3.1e-018
05200 217.0 022.1 0002.2 100 100 2.3e-018
05260 219.0 021.1 0002.1 100 100 1.9e-018
05320 221.0 021.0 0002.0 100 100 1.9e-018
05380 221.0 020.7 0001.9 100 100 1.7e-018
05440 222.0 020.3 0001.8 100 100 1.6e-018
05500 223.0 020.0 0001.7 100 100 1.5e-018
05560 223.0 019.8 0001.6 100 100 1.4e-018
05620 223.0 019.5 0001.5 100 100 1.3e-018
05680 223.0 019.2 0001.5 100 100 1.3e-018
05740 224.0 018.8 0001.5 100 100 1.3e-018
05800 225.0 018.2 0001.4 100 100 1.3e-018
05860 225.0 018.0 0001.4 100 100 1.3e-018
05920 226.0 017.4 0001.5 100 100 1.4e-018
05980 226.0 017.1 0001.5 100 100 1.5e-018
NNNN
