WNDROBS 01.20
57793 0114.3600 027.7900 00130.0 LC 20130629085000
ROBS
00100 058.0 002.0 0002.1 100 100 9.5e-021
00160 076.0 006.5 0002.7 100 100 9.6e-020
00220 072.0 006.7 0002.2 100 100 8.6e-020
00280 080.0 006.1 0002.1 100 100 9.5e-020
00340 087.0 006.0 0002.4 100 100 1.1e-019
00400 101.0 005.6 0002.0 100 100 1.2e-019
00460 116.0 005.5 0002.3 100 100 1.2e-019
00520 128.0 005.6 0002.5 100 100 1.1e-019
00580 137.0 005.4 0002.5 100 100 9.2e-020
00640 152.0 008.5 0002.2 100 100 5.3e-020
00700 151.0 008.4 0002.2 100 100 5.0e-020
00760 145.0 008.6 0000.1 100 100 8.4e-020
00820 158.0 006.8 0000.2 100 100 2.2e-019
00880 145.0 007.9 0000.2 100 100 1.8e-019
00940 174.0 007.5 0000.2 100 100 3.2e-019
01000 184.0 008.1 0000.3 100 100 1.2e-019
01060 188.0 007.7 0000.3 100 100 2.7e-020
01120 193.0 008.0 0000.9 100 100 8.3e-021
01180 196.0 006.5 0000.7 100 100 6.6e-021
01240 198.0 005.5 0000.5 100 100 5.2e-021
01300 206.0 007.1 0000.3 100 100 1.5e-020
01360 214.0 007.4 0000.1 100 100 6.1e-020
01420 217.0 006.2 0000.1 100 100 7.7e-020
01480 231.0 006.4 0000.0 100 100 1.2e-019
01540 232.0 007.5 -000.3 100 100 1.0e-019
01600 230.0 008.0 0000.2 100 100 4.4e-020
01660 229.0 008.4 0000.6 100 100 4.0e-020
01720 226.0 008.8 0000.4 100 100 3.4e-020
01780 228.0 009.0 0000.2 100 100 2.2e-020
01840 227.0 009.6 -000.3 100 100 3.4e-020
01900 227.0 010.4 -000.5 100 100 3.0e-020
01960 229.0 011.2 -000.3 100 100 2.7e-020
02020 230.0 011.7 -000.2 100 100 3.9e-020
02080 232.0 012.4 -000.3 100 100 4.6e-020
02140 234.0 012.8 -000.2 100 100 3.6e-020
02200 230.0 012.7 -000.0 100 100 3.5e-020
02260 231.0 012.3 0000.2 100 100 3.7e-020
02320 231.0 012.1 0000.3 100 100 4.4e-020
02380 233.0 012.2 0000.1 100 100 5.0e-020
02440 233.0 012.1 0000.2 100 100 4.8e-020
02500 233.0 012.2 0000.3 100 100 4.5e-020
02560 238.0 012.0 -000.0 100 100 4.3e-020
02620 238.0 011.3 -000.2 100 100 2.8e-020
02680 240.0 011.4 -000.4 100 100 1.5e-020
02740 243.0 010.9 -000.4 100 100 1.1e-020
02800 239.0 010.7 -000.5 100 100 1.1e-020
02860 239.0 010.8 -000.2 100 100 1.0e-020
02920 240.0 011.1 0000.0 100 100 1.6e-020
02980 232.0 010.8 -000.0 100 100 2.0e-020
03040 227.0 011.2 0000.0 100 100 1.5e-020
03100 228.0 011.9 0000.0 100 100 1.4e-020
03160 231.0 012.4 0000.8 100 100 1.2e-020
03220 242.0 011.9 0000.6 100 100 1.0e-020
03280 245.0 011.8 0000.0 100 100 7.0e-021
03340 243.0 012.0 0000.9 100 100 1.0e-020
03400 240.0 012.4 0000.5 100 100 1.5e-020
03460 236.0 013.0 0000.5 100 100 2.3e-020
03520 237.0 013.2 0000.8 100 100 1.6e-020
03580 233.0 014.1 0000.5 100 100 1.3e-020
03640 227.0 013.7 0000.4 100 100 1.4e-020
03700 230.0 014.1 0000.1 100 100 1.8e-020
03760 221.0 013.1 0000.1 100 100 1.8e-020
03820 222.0 012.7 -000.0 100 100 1.4e-020
03880 228.0 011.7 0000.1 100 100 2.2e-020
03940 230.0 011.0 0000.1 100 100 2.7e-020
04000 238.0 011.3 0000.3 100 100 1.7e-020
04060 239.0 012.3 0000.0 100 100 8.0e-021
04120 240.0 012.7 0000.0 100 100 4.2e-021
04180 245.0 013.6 0000.0 100 100 3.9e-021
04240 246.0 012.3 0000.0 100 100 1.6e-021
04300 220.0 007.6 0000.0 100 100 3.5e-021
04360 246.0 009.3 0000.0 100 100 7.5e-022
04420 256.0 007.8 0000.0 100 100 8.6e-022
04480 259.0 010.4 0000.0 100 100 2.3e-021
04540 272.0 010.0 0000.0 100 100 1.0e-021
04600 278.0 014.4 -000.3 100 100 3.8e-021
04660 280.0 017.4 -000.4 100 100 6.1e-021
04720 261.0 017.3 -000.2 100 100 1.7e-021
04780 ///// ///// -000.4 000 000 3.2e-021
04840 258.0 012.6 0000.0 100 100 2.5e-021
04900 252.0 010.4 -000.3 100 100 5.0e-021
04960 246.0 011.2 -000.5 100 100 5.8e-021
05020 259.0 010.8 0000.0 100 100 3.0e-021
05080 259.0 011.0 0000.0 100 100 6.2e-021
05140 243.0 011.6 0000.0 100 100 4.7e-021
05200 265.0 011.2 0000.0 100 100 1.8e-021
05260 266.0 010.6 0000.0 100 100 1.0e-021
05320 ///// ///// 0000.0 000 000 3.2e-021
05380 ///// ///// 0000.0 000 000 3.5e-021
05440 ///// ///// 0000.0 000 000 1.5e-021
05500 ///// ///// -000.4 000 000 4.2e-021
05560 ///// ///// 0000.0 000 000 2.0e-021
05620 ///// ///// 0000.0 000 000 3.0e-021
05680 ///// ///// 0000.0 000 000 2.8e-021
05740 ///// ///// 0000.0 000 000 4.8e-021
05800 ///// ///// -000.9 000 000 4.6e-021
05860 ///// ///// 0000.0 000 000 3.6e-021
05920 ///// ///// 0000.0 000 000 1.8e-021
05980 ///// ///// 0000.0 000 000 1.5e-021
NNNN
