WNDROBS 01.20
57793 0114.3600 027.7900 00130.0 LC 20130628020500
ROBS
00100 326.0 004.0 0000.4 100 100 1.6e-020
00160 326.0 004.4 0000.3 100 100 5.3e-020
00220 337.0 004.5 0000.3 100 100 7.4e-020
00280 342.0 004.7 0000.1 100 100 8.5e-020
00340 344.0 005.7 0000.2 100 100 4.3e-020
00400 340.0 005.3 0000.5 100 100 8.4e-021
00460 020.0 007.0 -000.1 100 100 4.9e-021
00520 039.0 003.5 -000.3 100 100 3.5e-020
00580 033.0 002.3 0000.0 100 100 4.0e-020
00640 166.0 001.9 -000.0 100 100 1.8e-020
00700 160.0 001.4 0000.1 100 100 3.3e-020
00760 223.0 000.9 -000.1 100 100 4.0e-020
00820 153.0 001.0 -000.0 100 100 6.3e-020
00880 203.0 002.1 -000.0 100 100 1.2e-019
00940 205.0 003.9 0000.0 100 100 6.0e-020
01000 212.0 004.5 0000.2 100 100 5.4e-020
01060 202.0 005.0 0000.2 100 100 2.5e-020
01120 214.0 005.1 0000.5 100 100 2.8e-020
01180 225.0 005.8 0000.3 100 100 3.4e-020
01240 219.0 006.7 0000.1 100 100 4.2e-020
01300 219.0 007.8 -000.0 100 100 3.4e-020
01360 221.0 009.0 0000.1 100 100 6.2e-021
01420 226.0 009.6 0000.0 100 100 6.0e-021
01480 226.0 010.8 0000.1 100 100 6.3e-021
01540 227.0 010.9 0000.1 100 100 7.9e-021
01600 227.0 011.7 0000.1 100 100 6.8e-021
01660 229.0 012.2 0000.2 100 100 5.2e-021
01720 228.0 011.8 0000.1 100 100 5.0e-021
01780 228.0 011.8 -000.1 100 100 5.6e-021
01840 231.0 012.6 0000.1 100 100 4.0e-021
01900 230.0 013.0 -000.2 100 100 4.6e-021
01960 229.0 013.3 -000.2 100 100 4.8e-021
02020 227.0 014.3 -000.3 100 100 2.6e-021
02080 228.0 013.7 -000.4 100 100 6.0e-021
02140 226.0 014.2 -000.1 100 100 6.8e-021
02200 226.0 014.0 -000.5 100 100 3.7e-021
02260 228.0 013.9 0000.0 100 100 3.9e-021
02320 226.0 013.5 -000.1 100 100 5.2e-021
02380 227.0 013.2 -000.3 100 100 3.0e-021
02440 225.0 012.6 -000.4 100 100 4.0e-021
02500 227.0 013.2 -000.1 100 100 3.6e-021
02560 234.0 011.4 -000.3 100 100 3.5e-021
02620 234.0 012.4 -000.3 100 100 3.4e-021
02680 231.0 009.6 -000.3 100 100 3.8e-021
02740 234.0 010.8 -000.6 100 100 3.9e-021
02800 224.0 011.6 -000.7 100 100 5.9e-021
02860 224.0 011.9 -000.4 100 100 6.6e-021
02920 225.0 011.4 -000.4 100 100 6.4e-021
02980 229.0 012.9 -000.4 100 100 5.5e-021
03040 228.0 012.7 -000.9 100 100 5.2e-021
03100 229.0 013.0 0000.0 100 100 4.2e-021
03160 229.0 012.7 0000.0 100 100 3.6e-021
03220 229.0 012.3 0000.0 100 100 3.1e-021
03280 230.0 012.2 -000.2 100 100 4.2e-021
03340 232.0 012.1 0000.7 100 100 4.3e-021
03400 232.0 012.2 0000.0 100 100 3.5e-021
03460 232.0 011.5 -001.0 100 100 4.2e-021
03520 233.0 012.0 0000.0 100 100 2.7e-021
03580 234.0 011.3 0000.0 100 100 5.4e-022
03640 227.0 010.6 -000.2 100 100 2.5e-021
03700 229.0 010.8 0000.0 100 100 1.9e-021
03760 248.0 008.8 0000.0 100 100 8.1e-022
03820 ///// ///// -000.2 000 000 2.0e-021
03880 ///// ///// -000.1 000 000 2.5e-021
03940 ///// ///// -000.2 000 000 3.4e-021
04000 ///// ///// 0000.0 000 000 2.4e-021
04060 ///// ///// 0000.0 000 000 1.3e-021
04120 ///// ///// 0000.0 000 000 2.6e-021
04180 ///// ///// 0000.0 000 000 5.0e-022
04240 ///// ///// 0000.0 000 000 8.5e-022
04300 ///// ///// 0000.0 000 000 2.1e-021
04360 ///// ///// 0000.0 000 000 8.6e-022
04420 ///// ///// 0000.0 000 000 2.1e-021
04480 ///// ///// 0000.0 000 000 1.7e-021
04540 ///// ///// 0000.0 000 000 1.4e-021
04600 ///// ///// 0000.0 000 000 4.6e-022
04660 ///// ///// 0000.0 000 000 3.1e-021
04720 ///// ///// 0000.0 000 000 3.3e-021
04780 ///// ///// 0000.0 000 000 1.3e-021
04840 ///// ///// 0000.0 000 000 2.6e-021
04900 ///// ///// 0000.0 000 000 1.0e-021
04960 ///// ///// 0000.0 000 000 2.8e-021
05020 ///// ///// 0000.0 000 000 1.7e-021
05080 ///// ///// 0000.0 000 000 5.2e-021
05140 ///// ///// 0000.0 000 000 1.5e-021
05200 ///// ///// 0000.0 000 000 1.6e-021
05260 ///// ///// 0000.0 000 000 6.1e-021
05320 ///// ///// 0000.0 000 000 1.6e-021
05380 ///// ///// 0000.0 000 000 4.6e-021
05440 ///// ///// 0000.0 000 000 3.9e-021
05500 ///// ///// 0000.0 000 000 3.4e-021
05560 ///// ///// -000.6 000 000 1.9e-021
05620 ///// ///// -000.9 000 000 6.3e-021
05680 ///// ///// 0000.0 000 000 5.2e-021
05740 ///// ///// -000.6 000 000 4.2e-021
05800 ///// ///// 0000.0 000 000 3.4e-021
05860 ///// ///// 0000.0 000 000 6.5e-021
05920 ///// ///// -000.4 000 000 2.0e-021
05980 ///// ///// 0000.0 000 000 4.9e-021
NNNN
