WNDROBS 01.20
57793 0114.3600 027.7900 00130.0 LC 20130629234500
ROBS
00100 149.0 004.5 0001.1 100 100 3.1e-021
00160 146.0 004.6 0001.3 100 100 6.5e-021
00220 146.0 004.7 0002.1 100 100 4.2e-021
00280 137.0 002.4 0000.1 100 100 1.3e-020
00340 144.0 003.1 -000.1 100 100 1.5e-020
00400 152.0 005.7 -000.3 100 100 9.0e-020
00460 150.0 007.4 -000.5 100 100 8.2e-020
00520 157.0 007.2 -000.7 100 100 4.0e-019
00580 167.0 004.3 -000.6 100 100 3.9e-019
00640 200.0 002.9 -000.3 100 100 2.7e-019
00700 235.0 002.3 -000.3 100 100 1.0e-019
00760 241.0 001.8 -000.3 100 100 2.1e-020
00820 235.0 002.4 -000.3 100 100 1.2e-020
00880 227.0 003.1 -000.4 100 100 1.0e-020
00940 220.0 004.5 0000.1 100 100 7.6e-021
01000 211.0 004.6 0000.1 100 100 8.2e-021
01060 220.0 004.7 0000.2 100 100 2.5e-021
01120 216.0 004.5 -000.2 100 100 2.4e-021
01180 227.0 004.0 -000.2 100 100 1.8e-021
01240 228.0 004.3 -000.3 100 100 4.5e-021
01300 222.0 005.1 -000.2 100 100 8.3e-021
01360 223.0 006.6 0000.2 100 100 6.9e-021
01420 230.0 007.8 0000.8 100 100 6.1e-021
01480 227.0 008.6 0000.4 100 100 4.5e-021
01540 227.0 010.4 0000.3 100 100 3.6e-021
01600 232.0 010.8 0000.2 100 100 3.9e-021
01660 236.0 011.9 0000.5 100 100 6.4e-021
01720 235.0 011.5 0000.4 100 100 6.1e-021
01780 236.0 011.9 0000.4 100 100 7.4e-021
01840 233.0 012.9 0000.3 100 100 1.2e-020
01900 235.0 012.2 0000.3 100 100 9.6e-021
01960 231.0 012.0 0000.1 100 100 6.8e-021
02020 233.0 010.8 0000.4 100 100 3.1e-021
02080 230.0 010.7 0000.4 100 100 2.0e-021
02140 230.0 010.2 0000.2 100 100 3.0e-021
02200 242.0 009.1 0000.3 100 100 3.3e-021
02260 244.0 009.0 0000.0 100 100 2.2e-021
02320 236.0 009.8 0000.0 100 100 2.9e-021
02380 221.0 009.2 0000.3 100 100 1.9e-021
02440 231.0 008.0 0000.0 100 100 9.6e-022
02500 231.0 008.1 0000.0 100 100 2.7e-021
02560 226.0 006.8 0000.0 100 100 2.5e-021
02620 228.0 008.0 0000.0 100 100 2.8e-021
02680 222.0 006.2 0000.0 100 100 2.6e-021
02740 221.0 006.7 0000.0 100 100 3.1e-021
02800 208.0 007.2 -000.1 100 100 4.2e-021
02860 212.0 008.1 -000.0 100 100 4.9e-021
02920 214.0 008.6 -000.0 100 100 6.8e-021
02980 209.0 008.6 0000.0 100 100 4.2e-021
03040 210.0 008.6 -000.2 100 100 4.4e-021
03100 208.0 008.1 0000.0 100 100 2.2e-021
03160 210.0 008.4 0000.2 100 100 3.7e-021
03220 210.0 008.5 0000.2 100 100 4.1e-021
03280 213.0 008.9 0000.0 100 100 3.0e-021
03340 211.0 008.7 0000.0 100 100 3.4e-021
03400 220.0 007.2 0000.0 100 100 1.7e-021
03460 219.0 006.3 0000.0 100 100 2.0e-021
03520 215.0 006.7 0000.0 100 100 6.7e-022
03580 206.0 010.1 0000.2 100 100 2.7e-021
03640 ///// ///// -000.2 000 000 2.3e-021
03700 266.0 005.0 0000.3 100 100 8.9e-022
03760 266.0 005.7 0000.0 100 100 3.2e-021
03820 249.0 007.0 0000.0 100 100 2.5e-021
03880 226.0 008.1 0000.0 100 100 2.2e-021
03940 219.0 009.9 0000.0 100 100 3.7e-021
04000 230.0 008.7 -000.4 100 100 8.9e-022
04060 ///// ///// 0000.0 000 000 1.1e-021
04120 238.0 007.6 0000.3 100 100 4.5e-021
04180 215.0 006.1 -000.1 100 100 4.6e-021
04240 230.0 007.5 0000.3 100 100 4.4e-021
04300 240.0 006.6 0000.2 100 100 8.4e-021
04360 233.0 005.8 0000.3 100 100 7.7e-021
04420 240.0 007.3 0000.1 100 100 1.5e-020
04480 244.0 007.4 -000.1 100 100 1.7e-020
04540 244.0 008.0 -001.9 100 100 1.8e-020
04600 237.0 008.9 0000.2 100 100 1.7e-020
04660 244.0 009.4 -001.1 100 100 1.4e-020
04720 244.0 009.8 0000.0 100 100 1.3e-020
04780 242.0 008.7 0000.0 100 100 3.9e-021
04840 234.0 006.5 0000.0 100 100 4.4e-021
04900 236.0 007.3 0000.0 100 100 8.0e-021
04960 240.0 007.1 0000.2 100 100 1.1e-020
05020 234.0 007.0 0000.1 100 100 1.1e-020
05080 246.0 008.3 0000.2 100 100 1.1e-020
05140 ///// ///// 0000.0 000 000 9.3e-021
05200 ///// ///// 0000.3 000 000 1.2e-020
05260 239.0 006.1 0000.0 100 100 1.1e-020
05320 ///// ///// 0001.3 000 000 9.6e-021
05380 ///// ///// 0000.0 000 000 5.1e-021
05440 ///// ///// 0000.0 000 000 1.5e-021
05500 ///// ///// 0000.0 000 000 1.4e-021
05560 ///// ///// 0000.0 000 000 4.2e-021
05620 ///// ///// 0000.2 000 000 2.7e-021
05680 ///// ///// 0000.0 000 000 1.8e-021
05740 ///// ///// 0000.0 000 000 2.0e-021
05800 ///// ///// 0000.0 000 000 2.3e-021
05860 ///// ///// -000.4 000 000 5.2e-021
05920 ///// ///// 0000.0 000 000 3.4e-021
05980 ///// ///// 0000.0 000 000 1.7e-021
NNNN
