WNDROBS 01.20
57793 0114.3600 027.7900 00130.0 LC 20130628003500
ROBS
00100 083.0 002.2 -000.5 100 100 1.1e-021
00160 083.0 002.4 -000.5 100 100 2.3e-021
00220 050.0 002.8 0000.2 100 100 1.8e-021
00280 052.0 000.8 -000.1 100 100 9.9e-021
00340 136.0 000.8 -000.3 100 100 3.5e-020
00400 131.0 001.4 -000.0 100 100 2.2e-020
00460 173.0 001.2 -000.1 100 100 7.0e-020
00520 198.0 001.5 -000.2 100 100 2.7e-020
00580 231.0 001.6 -000.1 100 100 2.7e-020
00640 239.0 002.4 -000.1 100 100 5.5e-020
00700 231.0 004.4 -000.2 100 100 1.0e-019
00760 226.0 006.4 -000.2 100 100 9.5e-020
00820 227.0 008.0 -000.2 100 100 8.8e-020
00880 226.0 009.4 -000.2 100 100 5.6e-020
00940 225.0 010.3 -000.1 100 100 1.9e-020
01000 228.0 011.2 0000.0 100 100 5.5e-021
01060 227.0 011.0 -000.5 100 100 2.0e-021
01120 225.0 011.9 -000.0 100 100 1.8e-021
01180 229.0 011.3 0000.1 100 100 1.3e-021
01240 232.0 012.8 -000.1 100 100 1.8e-021
01300 232.0 013.4 -000.2 100 100 2.3e-021
01360 233.0 013.9 -000.3 100 100 4.1e-021
01420 233.0 014.6 -000.6 100 100 1.1e-020
01480 236.0 015.6 -000.4 100 100 6.3e-021
01540 239.0 014.8 -000.1 100 100 3.0e-021
01600 240.0 016.4 -000.3 100 100 3.9e-021
01660 239.0 016.6 0000.2 100 100 3.7e-021
01720 238.0 017.7 0000.2 100 100 3.9e-021
01780 241.0 020.1 -000.4 100 100 4.4e-021
01840 239.0 018.9 0000.3 100 100 7.5e-021
01900 240.0 018.5 0000.2 100 100 3.8e-021
01960 241.0 018.9 0000.1 100 100 1.9e-021
02020 236.0 014.4 0000.0 100 100 5.9e-022
02080 236.0 013.0 0000.0 100 100 1.9e-021
02140 232.0 013.4 -000.3 100 100 2.7e-021
02200 226.0 015.2 -000.2 100 100 2.6e-021
02260 224.0 016.1 -000.1 100 100 2.8e-021
02320 238.0 017.0 -000.1 100 100 3.0e-021
02380 236.0 014.4 -000.1 100 100 3.8e-021
02440 237.0 013.6 0000.1 100 100 5.2e-021
02500 237.0 012.5 0000.1 100 100 6.9e-021
02560 236.0 013.5 0000.3 100 100 1.1e-020
02620 232.0 013.3 0000.3 100 100 1.8e-020
02680 236.0 013.7 0000.3 100 100 2.3e-020
02740 235.0 013.9 0000.3 100 100 2.0e-020
02800 237.0 013.9 0000.2 100 100 3.2e-020
02860 233.0 013.1 0000.1 100 100 3.5e-020
02920 234.0 012.4 -000.1 100 100 2.5e-020
02980 235.0 012.9 -000.0 100 100 5.5e-021
03040 232.0 013.0 0000.0 100 100 8.1e-021
03100 251.0 011.5 0000.0 100 100 5.0e-021
03160 252.0 012.3 0000.0 100 100 6.7e-021
03220 251.0 011.6 0000.0 100 100 6.5e-021
03280 251.0 011.3 -000.3 100 100 2.9e-021
03340 228.0 010.8 -000.1 100 100 4.6e-021
03400 248.0 007.5 0000.0 100 100 2.0e-021
03460 ///// ///// 0000.1 000 000 1.9e-021
03520 ///// ///// 0000.0 000 000 1.0e-021
03580 ///// ///// 0000.0 000 000 7.3e-022
03640 ///// ///// 0000.0 000 000 1.3e-021
03700 ///// ///// 0001.7 000 000 7.6e-022
03760 ///// ///// -001.2 000 000 2.0e-021
03820 ///// ///// 0000.0 000 000 6.1e-022
03880 ///// ///// 0000.2 000 000 2.0e-021
03940 ///// ///// 0000.0 000 000 2.5e-021
04000 ///// ///// 0000.0 000 000 1.4e-021
04060 ///// ///// -000.2 000 000 3.7e-021
04120 ///// ///// -000.2 000 000 3.8e-021
04180 ///// ///// 0000.0 000 000 2.2e-021
04240 ///// ///// 0000.0 000 000 5.8e-021
04300 ///// ///// 0000.0 000 000 4.1e-021
04360 ///// ///// 0000.0 000 000 2.6e-021
04420 ///// ///// 0000.2 000 000 3.2e-021
04480 ///// ///// 0000.0 000 000 2.0e-021
04540 ///// ///// 0000.0 000 000 1.3e-021
04600 ///// ///// 0000.0 000 000 3.7e-021
04660 ///// ///// 0000.0 000 000 1.2e-021
04720 ///// ///// 0000.9 000 000 3.1e-021
04780 ///// ///// -000.6 000 000 4.5e-021
04840 ///// ///// 0000.0 000 000 3.4e-021
04900 ///// ///// 0000.3 000 000 3.2e-021
04960 ///// ///// 0000.0 000 000 3.4e-021
05020 ///// ///// -001.0 000 000 3.8e-021
05080 ///// ///// 0000.0 000 000 3.1e-021
05140 ///// ///// 0000.0 000 000 1.2e-021
05200 ///// ///// 0000.0 000 000 3.2e-021
05260 ///// ///// 0000.0 000 000 1.2e-021
05320 ///// ///// 0000.0 000 000 2.2e-021
05380 ///// ///// 0000.8 000 000 4.3e-021
05440 ///// ///// 0000.0 000 000 4.9e-021
05500 ///// ///// 0000.0 000 000 3.0e-021
05560 ///// ///// 0000.0 000 000 5.2e-021
05620 ///// ///// 0000.0 000 000 7.0e-022
05680 ///// ///// 0000.0 000 000 1.9e-021
05740 ///// ///// 0000.0 000 000 2.3e-021
05800 ///// ///// 0000.0 000 000 1.8e-021
05860 ///// ///// -000.1 000 000 4.9e-021
05920 ///// ///// 0000.3 000 000 5.6e-021
05980 ///// ///// 0000.0 000 000 5.2e-021
NNNN
