WNDROBS 01.20
57793 0114.3600 027.7900 00130.0 LC 20130629051000
ROBS
00100 066.0 004.0 -000.5 100 100 1.6e-021
00160 079.0 004.2 0000.1 100 100 3.4e-021
00220 079.0 004.7 0000.0 100 100 3.9e-021
00280 067.0 001.1 0000.1 100 100 4.1e-021
00340 083.0 000.9 0000.0 100 100 3.6e-021
00400 086.0 003.2 -000.1 100 100 2.3e-021
00460 093.0 004.0 0000.0 100 100 3.1e-021
00520 130.0 002.7 0000.1 100 100 3.6e-021
00580 159.0 004.7 0000.1 100 100 1.1e-020
00640 177.0 004.1 0000.0 100 100 5.4e-020
00700 180.0 003.4 -000.2 100 100 4.7e-020
00760 197.0 002.9 -000.1 100 100 2.7e-020
00820 210.0 003.3 0000.1 100 100 9.8e-021
00880 230.0 006.0 0000.1 100 100 2.1e-020
00940 232.0 007.4 0000.2 100 100 2.2e-020
01000 230.0 008.7 0000.1 100 100 1.4e-020
01060 231.0 008.8 0000.2 100 100 7.9e-021
01120 230.0 009.5 0000.1 100 100 5.2e-021
01180 231.0 010.0 0000.2 100 100 6.2e-021
01240 227.0 010.1 0000.1 100 100 7.0e-021
01300 227.0 010.9 -000.1 100 100 1.2e-020
01360 227.0 011.5 -000.0 100 100 2.0e-020
01420 228.0 012.1 -000.1 100 100 3.0e-020
01480 231.0 012.5 -000.2 100 100 3.9e-020
01540 234.0 013.2 -000.2 100 100 4.0e-020
01600 236.0 014.0 -000.1 100 100 4.0e-020
01660 233.0 013.9 -000.3 100 100 6.6e-021
01720 239.0 015.0 -000.2 100 100 2.8e-021
01780 242.0 014.0 -000.4 100 100 2.1e-021
01840 240.0 014.4 -000.1 100 100 1.9e-021
01900 242.0 013.2 0000.0 100 100 3.6e-021
01960 241.0 013.3 -000.1 100 100 7.0e-021
02020 244.0 014.6 -000.1 100 100 4.1e-021
02080 243.0 015.5 -000.5 100 100 2.8e-021
02140 245.0 015.5 -000.4 100 100 2.5e-021
02200 245.0 016.6 -000.4 100 100 2.1e-021
02260 242.0 017.1 0000.0 100 100 1.8e-021
02320 239.0 018.7 -000.8 100 100 4.0e-021
02380 245.0 018.6 0000.1 100 100 2.5e-021
02440 244.0 018.4 0000.2 100 100 2.3e-021
02500 244.0 018.5 0000.0 100 100 1.3e-021
02560 247.0 019.2 0000.0 100 100 2.4e-021
02620 246.0 018.1 -000.3 100 100 2.8e-021
02680 246.0 018.3 -000.5 100 100 3.0e-021
02740 246.0 018.5 -000.5 100 100 2.8e-021
02800 246.0 018.7 0000.0 100 100 9.3e-022
02860 248.0 015.7 0000.9 100 100 2.3e-021
02920 249.0 015.0 0000.0 100 100 1.7e-021
02980 247.0 014.8 0000.0 100 100 1.5e-021
03040 244.0 013.4 0000.0 100 100 1.1e-021
03100 247.0 013.2 0000.4 100 100 9.2e-022
03160 241.0 014.3 0000.0 100 100 1.6e-021
03220 244.0 014.4 0001.3 100 100 2.5e-021
03280 245.0 015.1 -001.1 100 100 2.9e-021
03340 ///// ///// 0000.0 000 000 8.3e-022
03400 247.0 014.0 0000.0 100 100 1.3e-021
03460 ///// ///// 0000.0 000 000 1.8e-021
03520 246.0 012.7 -000.3 100 100 2.3e-021
03580 248.0 013.6 0000.0 100 100 1.5e-021
03640 250.0 013.9 0000.0 100 100 1.0e-021
03700 ///// ///// 0000.0 000 000 6.2e-022
03760 252.0 013.5 0000.0 100 100 4.0e-022
03820 ///// ///// 0000.0 000 000 1.4e-021
03880 ///// ///// 0000.0 000 000 2.9e-022
03940 ///// ///// 0000.0 000 000 2.6e-021
04000 ///// ///// 0000.0 000 000 2.2e-022
04060 ///// ///// 0000.0 000 000 1.6e-021
04120 ///// ///// 0000.0 000 000 8.0e-022
04180 ///// ///// 0000.0 000 000 2.0e-021
04240 ///// ///// -000.5 000 000 2.6e-021
04300 ///// ///// -000.1 000 000 2.9e-021
04360 ///// ///// 0000.9 000 000 3.8e-022
04420 ///// ///// 0000.0 000 000 3.2e-021
04480 ///// ///// -000.1 000 000 2.8e-021
04540 ///// ///// 0000.0 000 000 3.4e-021
04600 ///// ///// 0000.0 000 000 2.9e-021
04660 ///// ///// 0000.0 000 000 1.5e-021
04720 ///// ///// 0000.4 000 000 3.5e-021
04780 ///// ///// -000.1 000 000 4.8e-021
04840 ///// ///// 0000.0 000 000 7.0e-022
04900 ///// ///// 0000.0 000 000 2.9e-021
04960 ///// ///// 0000.0 000 000 2.8e-021
05020 ///// ///// 0000.0 000 000 1.5e-021
05080 ///// ///// 0000.0 000 000 1.1e-021
05140 ///// ///// 0000.8 000 000 4.7e-021
05200 ///// ///// 0000.1 000 000 4.4e-021
05260 ///// ///// 0000.0 000 000 2.3e-021
05320 ///// ///// 0000.0 000 000 4.2e-021
05380 ///// ///// 0000.6 000 000 5.9e-021
05440 ///// ///// 0000.0 000 000 1.2e-021
05500 ///// ///// -000.5 000 000 5.6e-021
05560 ///// ///// 0000.0 000 000 3.5e-021
05620 ///// ///// 0000.2 000 000 5.8e-021
05680 ///// ///// -000.8 000 000 1.9e-021
05740 ///// ///// 0000.0 000 000 1.5e-021
05800 ///// ///// 0000.0 000 000 3.6e-021
05860 ///// ///// 0000.0 000 000 4.7e-021
05920 ///// ///// 0000.0 000 000 5.2e-021
05980 ///// ///// 0000.0 000 000 2.2e-021
NNNN
