WNDROBS 01.20
57793 0114.3600 027.7900 00130.0 LC 20130629021000
ROBS
00100 092.0 001.5 0000.6 100 100 1.1e-021
00160 092.0 001.7 0000.7 100 100 2.4e-021
00220 087.0 001.9 0000.2 100 100 3.7e-021
00280 104.0 002.7 0000.1 100 100 4.4e-021
00340 102.0 003.1 -000.1 100 100 3.9e-021
00400 099.0 003.3 -000.1 100 100 2.8e-021
00460 127.0 002.3 -000.1 100 100 4.6e-021
00520 152.0 003.1 0000.1 100 100 1.4e-020
00580 240.0 002.7 -000.1 100 100 1.1e-020
00640 244.0 002.9 0000.0 100 100 3.3e-021
00700 244.0 005.4 0000.0 100 100 3.3e-021
00760 233.0 007.1 0000.0 100 100 7.1e-021
00820 225.0 009.0 0000.1 100 100 5.7e-021
00880 224.0 008.6 0000.3 100 100 7.0e-021
00940 221.0 010.3 -000.1 100 100 7.7e-021
01000 224.0 010.8 0000.1 100 100 8.3e-021
01060 231.0 011.0 0000.1 100 100 2.6e-021
01120 233.0 010.9 0000.1 100 100 5.3e-021
01180 229.0 011.2 0000.2 100 100 6.3e-021
01240 231.0 012.0 0000.2 100 100 7.7e-021
01300 229.0 012.5 0000.0 100 100 5.2e-021
01360 230.0 013.5 0000.1 100 100 4.0e-021
01420 231.0 014.2 0000.1 100 100 3.4e-021
01480 235.0 014.6 0000.0 100 100 3.5e-021
01540 238.0 015.9 0000.3 100 100 2.7e-021
01600 235.0 016.8 -000.2 100 100 1.2e-021
01660 236.0 017.1 0000.2 100 100 1.4e-021
01720 233.0 014.2 -000.6 100 100 1.2e-021
01780 244.0 015.2 0000.0 100 100 1.2e-021
01840 238.0 014.3 0000.0 100 100 1.0e-021
01900 233.0 014.8 -000.4 100 100 1.4e-021
01960 235.0 016.0 -000.1 100 100 2.6e-021
02020 234.0 014.1 0000.0 100 100 2.3e-021
02080 239.0 015.3 0000.0 100 100 2.9e-021
02140 245.0 013.8 0000.6 100 100 2.3e-021
02200 247.0 013.7 -000.2 100 100 1.7e-021
02260 243.0 014.1 0000.4 100 100 2.1e-021
02320 243.0 014.3 0000.4 100 100 1.9e-021
02380 241.0 014.6 0000.0 100 100 2.1e-021
02440 243.0 014.5 -000.4 100 100 3.0e-021
02500 239.0 010.9 -000.2 100 100 2.3e-021
02560 238.0 010.0 -000.5 100 100 2.9e-021
02620 245.0 014.9 0000.0 100 100 2.0e-021
02680 241.0 012.0 0000.9 100 100 1.7e-021
02740 245.0 014.1 0000.0 100 100 5.4e-022
02800 249.0 013.9 0000.0 100 100 1.7e-021
02860 250.0 014.0 -001.4 100 100 2.7e-021
02920 250.0 014.1 0000.0 100 100 2.1e-021
02980 255.0 014.0 -000.1 100 100 2.3e-021
03040 ///// ///// 0000.0 000 000 1.2e-021
03100 221.0 005.6 0000.2 100 100 2.7e-021
03160 244.0 010.7 -000.2 100 100 3.5e-021
03220 ///// ///// -000.0 000 000 2.7e-021
03280 239.0 007.0 0001.3 100 100 7.5e-022
03340 205.0 004.6 0000.0 100 100 2.2e-021
03400 199.0 003.8 0000.0 100 100 2.3e-021
03460 239.0 004.4 0000.0 100 100 8.6e-022
03520 239.0 003.7 0000.2 100 100 2.1e-021
03580 ///// ///// 0000.0 000 000 1.8e-021
03640 ///// ///// 0000.0 000 000 6.5e-022
03700 ///// ///// -000.0 000 000 1.7e-021
03760 ///// ///// 0000.0 000 000 1.5e-021
03820 ///// ///// 0000.0 000 000 2.1e-021
03880 ///// ///// 0000.0 000 000 1.0e-021
03940 ///// ///// 0000.0 000 000 4.5e-022
04000 ///// ///// 0000.0 000 000 8.3e-022
04060 ///// ///// 0000.0 000 000 3.8e-022
04120 ///// ///// 0000.0 000 000 2.0e-021
04180 ///// ///// 0000.0 000 000 4.4e-022
04240 ///// ///// 0000.0 000 000 1.9e-021
04300 ///// ///// 0000.0 000 000 9.2e-022
04360 ///// ///// -000.4 000 000 2.5e-021
04420 ///// ///// -000.3 000 000 1.3e-021
04480 ///// ///// 0000.0 000 000 4.6e-021
04540 ///// ///// 0000.0 000 000 5.8e-021
04600 ///// ///// 0000.8 000 000 3.7e-021
04660 ///// ///// 0000.0 000 000 1.4e-021
04720 ///// ///// 0000.0 000 000 3.3e-021
04780 ///// ///// 0000.0 000 000 2.7e-021
04840 ///// ///// 0000.7 000 000 3.3e-021
04900 ///// ///// 0000.0 000 000 3.8e-022
04960 ///// ///// 0000.0 000 000 3.3e-021
05020 ///// ///// 0000.0 000 000 3.3e-021
05080 ///// ///// 0001.1 000 000 3.1e-021
05140 ///// ///// 0000.2 000 000 4.7e-021
05200 ///// ///// 0000.7 000 000 5.0e-021
05260 ///// ///// 0000.0 000 000 3.5e-021
05320 ///// ///// 0000.2 000 000 4.1e-021
05380 ///// ///// -000.2 000 000 5.5e-021
05440 ///// ///// 0001.1 000 000 4.4e-021
05500 ///// ///// 0000.9 000 000 5.3e-021
05560 ///// ///// -000.2 000 000 4.2e-021
05620 ///// ///// 0000.9 000 000 5.6e-021
05680 ///// ///// 0000.9 000 000 5.0e-021
05740 ///// ///// 0000.1 000 000 6.1e-021
05800 ///// ///// 0000.0 000 000 2.5e-021
05860 ///// ///// -000.3 000 000 5.9e-021
05920 ///// ///// -000.3 000 000 9.0e-021
05980 ///// ///// 0002.3 000 000 1.5e-020
NNNN
