WNDROBS 01.20
57793 0114.3600 027.7900 00130.0 LC 20130629081000
ROBS
00100 094.0 005.1 0001.6 100 100 3.0e-021
00160 094.0 005.7 0001.8 100 100 6.1e-021
00220 070.0 005.8 -000.1 100 100 5.7e-021
00280 076.0 005.2 0000.0 100 100 7.9e-021
00340 075.0 005.8 -000.1 100 100 9.0e-021
00400 091.0 006.0 -000.0 100 100 8.2e-021
00460 094.0 006.8 -000.1 100 100 4.1e-021
00520 098.0 006.0 -000.1 100 100 5.0e-021
00580 108.0 006.3 -000.1 100 100 1.7e-020
00640 119.0 006.2 -000.0 100 100 8.5e-021
00700 135.0 007.3 0000.4 100 100 5.1e-021
00760 143.0 007.7 -000.1 100 100 1.3e-020
00820 145.0 008.6 -000.2 100 100 2.2e-020
00880 163.0 006.5 -000.1 100 100 8.8e-020
00940 165.0 005.3 -000.1 100 100 6.0e-020
01000 164.0 004.5 0000.0 100 100 1.9e-020
01060 177.0 004.5 -000.1 100 100 5.1e-021
01120 177.0 003.8 -000.1 100 100 3.8e-021
01180 188.0 003.6 -000.2 100 100 8.0e-021
01240 199.0 003.3 -000.3 100 100 1.3e-020
01300 212.0 004.1 -000.2 100 100 6.0e-021
01360 214.0 005.7 -000.1 100 100 8.3e-021
01420 218.0 006.6 -000.2 100 100 1.4e-020
01480 220.0 006.9 -000.3 100 100 8.9e-021
01540 222.0 007.8 -000.2 100 100 4.0e-021
01600 221.0 007.5 -000.2 100 100 5.6e-021
01660 219.0 008.8 -000.1 100 100 5.3e-021
01720 220.0 009.3 -000.1 100 100 4.2e-021
01780 224.0 009.5 -000.2 100 100 4.3e-021
01840 227.0 010.1 -000.3 100 100 8.1e-021
01900 229.0 010.7 -000.3 100 100 9.8e-021
01960 231.0 010.7 -000.2 100 100 7.6e-021
02020 235.0 011.1 -000.2 100 100 1.2e-020
02080 237.0 011.4 -000.2 100 100 1.1e-020
02140 239.0 011.2 -000.0 100 100 4.1e-021
02200 242.0 010.8 -000.2 100 100 2.6e-021
02260 243.0 011.0 -000.4 100 100 3.0e-021
02320 238.0 010.8 -000.2 100 100 3.5e-021
02380 241.0 010.9 -000.6 100 100 2.3e-021
02440 239.0 010.3 -000.1 100 100 2.5e-021
02500 239.0 010.0 -000.1 100 100 3.2e-021
02560 242.0 009.9 -000.2 100 100 3.5e-021
02620 247.0 011.3 0000.0 100 100 2.6e-021
02680 245.0 011.7 -000.3 100 100 2.2e-021
02740 251.0 010.1 -000.4 100 100 2.5e-021
02800 243.0 010.1 0000.0 100 100 2.4e-021
02860 244.0 010.7 -000.2 100 100 2.6e-021
02920 244.0 010.0 -000.1 100 100 4.3e-021
02980 245.0 010.9 -000.2 100 100 3.9e-021
03040 243.0 011.5 -000.2 100 100 3.2e-021
03100 241.0 011.8 -000.1 100 100 3.6e-021
03160 245.0 011.7 -000.2 100 100 4.9e-021
03220 245.0 011.8 -000.1 100 100 4.9e-021
03280 239.0 013.1 -000.2 100 100 5.0e-021
03340 234.0 011.9 -000.8 100 100 4.5e-021
03400 236.0 011.7 -000.2 100 100 7.3e-021
03460 233.0 012.2 -000.2 100 100 5.8e-021
03520 236.0 012.0 -000.2 100 100 7.6e-021
03580 236.0 012.1 -000.2 100 100 3.0e-021
03640 229.0 012.3 -000.4 100 100 8.2e-021
03700 235.0 012.2 -000.4 100 100 9.8e-021
03760 235.0 013.3 -000.4 100 100 9.9e-021
03820 235.0 014.0 0000.0 100 100 3.2e-021
03880 241.0 013.5 0000.0 100 100 2.2e-021
03940 236.0 014.3 0000.0 100 100 5.7e-022
04000 233.0 015.4 -000.3 100 100 4.3e-021
04060 231.0 014.0 0000.0 100 100 3.5e-021
04120 261.0 011.0 0000.4 100 100 4.3e-021
04180 ///// ///// -000.2 000 000 3.4e-021
04240 ///// ///// 0000.1 000 000 3.8e-021
04300 ///// ///// 0000.0 000 000 1.0e-021
04360 ///// ///// 0000.3 000 000 1.9e-021
04420 ///// ///// 0000.0 000 000 1.4e-021
04480 ///// ///// 0000.0 000 000 3.0e-021
04540 ///// ///// 0000.0 000 000 3.8e-021
04600 ///// ///// 0000.0 000 000 1.3e-021
04660 ///// ///// 0000.0 000 000 1.1e-021
04720 ///// ///// 0000.0 000 000 2.3e-021
04780 ///// ///// 0000.0 000 000 1.6e-021
04840 ///// ///// 0000.2 000 000 3.3e-021
04900 ///// ///// 0000.0 000 000 1.2e-021
04960 ///// ///// 0000.0 000 000 1.4e-021
05020 ///// ///// 0000.5 000 000 3.1e-021
05080 ///// ///// 0000.8 000 000 6.4e-022
05140 ///// ///// 0000.0 000 000 2.8e-021
05200 ///// ///// 0000.0 000 000 1.5e-021
05260 ///// ///// 0000.0 000 000 1.5e-021
05320 ///// ///// 0000.0 000 000 4.0e-021
05380 ///// ///// 0000.0 000 000 3.5e-021
05440 ///// ///// 0000.0 000 000 4.4e-021
05500 ///// ///// 0000.0 000 000 4.3e-021
05560 ///// ///// 0000.0 000 000 3.4e-021
05620 ///// ///// -000.1 000 000 5.9e-021
05680 ///// ///// 0000.0 000 000 1.2e-021
05740 ///// ///// 0000.0 000 000 2.0e-021
05800 ///// ///// 0000.0 000 000 2.3e-021
05860 ///// ///// 0000.0 000 000 2.7e-021
05920 ///// ///// 0000.0 000 000 1.3e-021
05980 ///// ///// 0000.0 000 000 1.5e-021
NNNN
