WNDROBS 01.20
57793 0114.3600 027.7900 00130.0 LC 20130628053500
ROBS
00100 061.0 003.1 0003.7 100 100 3.1e-019
00160 292.0 003.4 0004.1 100 100 1.8e-018
00220 109.0 003.5 0002.8 100 100 1.9e-018
00280 137.0 003.4 0004.2 100 100 3.2e-018
00340 088.0 002.7 0004.4 100 100 4.1e-018
00400 094.0 003.7 0004.4 100 100 4.8e-018
00460 111.0 002.8 0004.4 100 100 4.7e-018
00520 117.0 002.8 0004.6 100 100 5.0e-018
00580 089.0 000.6 0004.5 100 100 4.5e-018
00640 150.0 001.3 0004.6 100 100 5.3e-018
00700 160.0 002.0 0004.6 100 100 5.1e-018
00760 188.0 002.4 0004.8 100 100 5.5e-018
00820 218.0 003.0 0004.9 100 100 6.0e-018
00880 226.0 004.2 0005.1 100 100 6.3e-018
00940 228.0 005.3 0005.2 100 100 6.0e-018
01000 228.0 006.6 0006.5 100 100 4.8e-018
01060 229.0 008.1 0005.3 100 100 1.3e-018
01120 232.0 009.5 0005.3 100 100 1.5e-018
01180 228.0 010.4 0005.3 100 100 1.8e-018
01240 228.0 011.5 0005.4 100 100 1.7e-018
01300 229.0 012.2 0005.4 100 100 1.8e-018
01360 228.0 012.1 0005.5 100 100 1.7e-018
01420 232.0 013.6 0005.4 100 100 1.8e-018
01480 233.0 014.5 0005.5 100 100 1.9e-018
01540 232.0 014.8 0005.6 100 100 2.0e-018
01600 232.0 014.9 0005.5 100 100 2.1e-018
01660 232.0 015.3 0005.5 100 100 2.1e-018
01720 234.0 015.3 0005.5 100 100 2.1e-018
01780 233.0 015.9 0005.5 100 100 2.2e-018
01840 235.0 016.2 0005.5 100 100 2.2e-018
01900 232.0 016.1 0005.6 100 100 2.3e-018
01960 233.0 015.3 0005.5 100 100 2.5e-018
02020 232.0 016.1 0005.5 100 100 2.4e-018
02080 233.0 015.4 0005.6 100 100 2.6e-018
02140 230.0 015.7 0005.7 100 100 2.6e-018
02200 232.0 015.4 0005.7 100 100 2.7e-018
02260 231.0 015.9 0005.7 100 100 2.9e-018
02320 232.0 015.6 0005.7 100 100 2.9e-018
02380 232.0 015.5 0005.7 100 100 3.0e-018
02440 229.0 016.4 0005.7 100 100 3.0e-018
02500 229.0 017.0 0005.7 100 100 2.9e-018
02560 231.0 016.7 0005.7 100 100 3.0e-018
02620 231.0 016.6 0005.9 100 100 3.0e-018
02680 238.0 015.2 0005.9 100 100 1.6e-018
02740 229.0 016.7 0005.9 100 100 3.1e-018
02800 230.0 016.3 0005.7 100 100 3.0e-018
02860 230.0 016.7 0005.7 100 100 3.0e-018
02920 234.0 016.5 0005.9 100 100 3.0e-018
02980 235.0 016.4 0005.7 100 100 3.0e-018
03040 233.0 017.3 0005.8 100 100 3.1e-018
03100 234.0 017.8 0005.6 100 100 3.2e-018
03160 235.0 017.6 0005.5 100 100 3.3e-018
03220 234.0 017.4 0005.5 100 100 3.6e-018
03280 235.0 016.3 0005.4 100 100 3.5e-018
03340 235.0 015.7 0005.4 100 100 3.4e-018
03400 234.0 015.3 0005.4 100 100 3.5e-018
03460 237.0 015.3 0005.3 100 100 3.5e-018
03520 239.0 015.2 0005.3 100 100 3.3e-018
03580 238.0 015.4 0005.3 100 100 3.2e-018
03640 239.0 015.0 0005.3 100 100 2.9e-018
03700 241.0 014.7 0005.2 100 100 3.0e-018
03760 244.0 014.7 0005.2 100 100 2.9e-018
03820 245.0 015.0 0005.2 100 100 2.9e-018
03880 243.0 015.5 0005.1 100 100 2.7e-018
03940 244.0 015.8 0005.2 100 100 2.6e-018
04000 243.0 016.4 0005.2 100 100 2.5e-018
04060 241.0 016.7 0005.2 100 100 2.5e-018
04120 241.0 017.1 0005.2 100 100 2.5e-018
04180 ///// ///// 0005.2 000 000 2.4e-018
04240 ///// ///// 0004.9 000 000 2.4e-018
04300 ///// ///// 0005.3 000 000 2.4e-018
04360 ///// ///// 0005.2 000 000 2.4e-018
04420 ///// ///// 0005.1 000 000 2.4e-018
04480 ///// ///// 0005.1 000 000 2.4e-018
04540 239.0 017.3 0005.2 100 100 2.4e-018
04600 238.0 017.0 0005.2 100 100 2.5e-018
04660 238.0 017.0 0005.1 100 100 2.5e-018
04720 238.0 017.0 0005.0 100 100 2.6e-018
04780 234.0 017.4 0002.4 100 100 8.9e-019
04840 238.0 018.1 0001.8 100 100 9.4e-019
04900 229.0 018.9 0002.3 100 100 1.4e-018
04960 228.0 017.8 0001.9 100 100 1.8e-018
05020 229.0 018.4 0002.0 100 100 2.0e-018
05080 230.0 017.9 0001.7 100 100 1.9e-018
05140 228.0 017.3 0001.6 100 100 1.8e-018
05200 228.0 017.7 0001.8 100 100 2.0e-018
05260 228.0 018.2 0001.9 100 100 2.0e-018
05320 228.0 018.7 0001.9 100 100 1.8e-018
05380 229.0 019.0 0001.9 100 100 1.2e-018
05440 230.0 018.8 0002.0 100 100 8.8e-019
05500 229.0 018.6 0002.0 100 100 7.5e-019
05560 228.0 018.3 0002.0 100 100 7.0e-019
05620 228.0 018.4 0002.0 100 100 6.3e-019
05680 228.0 018.6 0002.0 100 100 6.0e-019
05740 226.0 018.6 0002.0 100 100 6.1e-019
05800 227.0 018.6 0001.9 100 100 6.0e-019
05860 226.0 018.1 0001.9 100 100 7.0e-019
05920 227.0 017.9 0001.9 100 100 7.5e-019
05980 226.0 017.5 0001.9 100 100 8.4e-019
NNNN
