WNDROBS 01.20
57793 0114.3600 027.7900 00130.0 LC 20130629173500
ROBS
00100 060.0 003.5 -000.2 100 100 4.3e-021
00160 088.0 003.5 -000.2 100 100 1.3e-020
00220 080.0 003.1 -000.3 100 100 5.8e-021
00280 111.0 004.5 -000.3 100 100 1.1e-020
00340 108.0 005.5 -000.2 100 100 7.1e-021
00400 114.0 005.1 -000.2 100 100 1.1e-020
00460 128.0 005.4 -000.2 100 100 1.2e-020
00520 147.0 008.3 -000.2 100 100 2.2e-020
00580 157.0 009.0 -000.2 100 100 6.4e-020
00640 165.0 009.5 -000.2 100 100 2.3e-019
00700 171.0 010.7 -000.3 100 100 1.6e-019
00760 179.0 012.4 -000.5 100 100 6.0e-020
00820 184.0 010.7 -000.4 100 100 8.9e-020
00880 190.0 009.2 -000.1 100 100 9.6e-020
00940 185.0 007.0 -000.2 100 100 6.5e-020
01000 192.0 005.6 -000.3 100 100 5.9e-020
01060 198.0 005.6 -000.2 100 100 1.7e-020
01120 201.0 004.3 -000.2 100 100 1.4e-020
01180 206.0 004.1 -000.1 100 100 6.2e-021
01240 210.0 005.1 -000.1 100 100 4.5e-021
01300 212.0 005.4 -000.1 100 100 6.9e-021
01360 208.0 007.0 -000.1 100 100 4.7e-021
01420 211.0 006.7 -000.1 100 100 3.0e-021
01480 221.0 007.9 -000.1 100 100 3.6e-021
01540 219.0 008.1 0000.1 100 100 3.8e-021
01600 225.0 009.1 -000.2 100 100 5.6e-021
01660 228.0 009.8 -000.5 100 100 4.5e-021
01720 230.0 010.0 -000.3 100 100 4.8e-021
01780 235.0 010.9 -000.2 100 100 2.8e-021
01840 235.0 013.0 0000.0 100 100 3.9e-021
01900 227.0 011.7 -000.1 100 100 4.1e-021
01960 222.0 011.4 -000.6 100 100 4.0e-021
02020 214.0 011.7 -000.3 100 100 3.6e-021
02080 224.0 012.1 -000.3 100 100 2.2e-021
02140 225.0 010.7 -000.7 100 100 1.5e-021
02200 225.0 009.3 0000.3 100 100 1.5e-021
02260 223.0 009.1 -000.0 100 100 1.5e-021
02320 234.0 009.4 0000.0 100 100 1.6e-021
02380 222.0 009.3 0000.4 100 100 1.9e-021
02440 224.0 008.0 0000.3 100 100 1.8e-021
02500 225.0 008.6 0000.0 100 100 1.2e-021
02560 226.0 008.6 -000.1 100 100 2.4e-021
02620 222.0 007.3 0000.1 100 100 1.9e-021
02680 220.0 007.0 0000.0 100 100 2.4e-021
02740 217.0 007.2 0000.0 100 100 1.9e-021
02800 218.0 007.9 0000.0 100 100 1.7e-021
02860 212.0 006.6 0000.0 100 100 2.1e-021
02920 220.0 008.0 0000.0 100 100 2.1e-021
02980 223.0 008.6 -000.1 100 100 2.9e-021
03040 219.0 008.7 0000.0 100 100 2.3e-021
03100 213.0 007.6 0000.0 100 100 2.9e-021
03160 217.0 005.4 0000.0 100 100 8.5e-022
03220 207.0 004.4 0000.5 100 100 8.4e-022
03280 225.0 005.7 0000.1 100 100 9.3e-022
03340 229.0 006.3 -000.3 100 100 2.3e-021
03400 234.0 007.2 -000.1 100 100 6.7e-021
03460 236.0 008.0 -000.1 100 100 7.2e-021
03520 240.0 007.8 0000.0 100 100 5.3e-021
03580 238.0 008.1 0000.0 100 100 1.8e-020
03640 235.0 007.7 0000.0 100 100 6.5e-021
03700 227.0 007.5 0000.0 100 100 7.5e-021
03760 215.0 008.1 0000.0 100 100 1.6e-021
03820 220.0 007.2 0000.1 100 100 3.7e-021
03880 222.0 007.0 0000.0 100 100 1.0e-021
03940 211.0 008.1 0000.0 100 100 4.1e-021
04000 214.0 009.3 0000.2 100 100 9.6e-021
04060 206.0 008.6 0000.0 100 100 3.4e-021
04120 204.0 007.9 0000.0 100 100 1.2e-021
04180 206.0 007.8 0000.0 100 100 4.4e-021
04240 205.0 008.0 0000.0 100 100 2.1e-021
04300 ///// ///// 0000.0 000 000 2.3e-021
04360 ///// ///// -000.5 000 000 3.0e-021
04420 ///// ///// 0000.0 000 000 1.9e-021
04480 ///// ///// 0000.0 000 000 4.4e-022
04540 ///// ///// 0000.0 000 000 1.9e-021
04600 ///// ///// 0000.0 000 000 1.3e-021
04660 ///// ///// 0000.0 000 000 3.1e-021
04720 ///// ///// 0000.0 000 000 3.0e-021
04780 ///// ///// 0000.0 000 000 9.5e-022
04840 ///// ///// 0000.0 000 000 3.2e-021
04900 ///// ///// -001.1 000 000 1.3e-021
04960 ///// ///// 0001.4 000 000 3.6e-021
05020 ///// ///// 0000.0 000 000 2.1e-021
05080 ///// ///// 0000.0 000 000 2.9e-021
05140 ///// ///// 0000.2 000 000 3.0e-021
05200 ///// ///// 0000.0 000 000 1.4e-021
05260 ///// ///// -000.2 000 000 3.8e-021
05320 ///// ///// 0000.0 000 000 5.7e-022
05380 ///// ///// 0000.0 000 000 1.5e-021
05440 ///// ///// 0000.0 000 000 3.1e-021
05500 ///// ///// 0000.0 000 000 3.7e-021
05560 ///// ///// 0000.0 000 000 2.0e-021
05620 ///// ///// 0000.0 000 000 3.6e-021
05680 ///// ///// -001.2 000 000 8.5e-022
05740 ///// ///// 0000.0 000 000 3.5e-021
05800 ///// ///// 0000.0 000 000 2.1e-021
05860 ///// ///// 0000.0 000 000 6.8e-021
05920 ///// ///// 0000.0 000 000 5.3e-021
05980 ///// ///// 0000.0 000 000 2.3e-021
NNNN
