WNDROBS 01.20
57793 0114.3600 027.7900 00130.0 LC 20130629180500
ROBS
00100 089.0 003.6 0001.9 100 100 6.2e-021
00160 089.0 004.0 0001.1 100 100 1.6e-020
00220 118.0 005.0 -000.1 100 100 1.1e-020
00280 108.0 004.0 -000.1 100 100 8.9e-021
00340 128.0 003.5 -000.0 100 100 8.9e-021
00400 141.0 004.2 -000.0 100 100 9.7e-021
00460 151.0 005.2 -000.4 100 100 7.3e-021
00520 157.0 006.5 -000.2 100 100 1.8e-020
00580 164.0 007.2 -000.2 100 100 3.6e-020
00640 172.0 007.8 -000.2 100 100 7.2e-020
00700 179.0 009.4 -000.1 100 100 9.9e-020
00760 184.0 009.6 0000.0 100 100 9.6e-020
00820 186.0 008.1 -000.2 100 100 8.0e-020
00880 192.0 006.9 -000.3 100 100 5.0e-020
00940 192.0 005.0 -000.2 100 100 2.9e-020
01000 207.0 004.9 -000.1 100 100 1.5e-020
01060 199.0 004.2 -000.1 100 100 4.9e-021
01120 217.0 004.0 -000.1 100 100 2.5e-021
01180 221.0 005.3 0001.1 100 100 2.6e-021
01240 230.0 004.9 0000.4 100 100 2.0e-021
01300 227.0 005.9 0000.2 100 100 9.1e-022
01360 221.0 006.4 -001.0 100 100 1.6e-021
01420 207.0 006.8 -000.2 100 100 3.0e-021
01480 212.0 006.2 -000.1 100 100 4.8e-021
01540 210.0 007.0 -000.1 100 100 6.6e-021
01600 213.0 007.9 -000.0 100 100 8.9e-021
01660 218.0 008.8 -000.4 100 100 5.0e-021
01720 220.0 009.6 -000.1 100 100 3.6e-021
01780 226.0 009.7 -000.2 100 100 3.8e-021
01840 232.0 011.1 -000.1 100 100 2.7e-021
01900 226.0 010.5 -000.4 100 100 2.2e-021
01960 225.0 009.9 -000.4 100 100 1.6e-021
02020 223.0 011.6 0000.2 100 100 2.4e-021
02080 231.0 009.1 0000.9 100 100 1.2e-021
02140 223.0 010.3 -000.1 100 100 2.4e-021
02200 224.0 010.6 -000.1 100 100 2.6e-021
02260 222.0 011.4 -000.3 100 100 3.4e-021
02320 225.0 011.0 -000.2 100 100 4.2e-021
02380 229.0 011.6 -000.3 100 100 3.2e-021
02440 233.0 011.6 -000.3 100 100 2.5e-021
02500 230.0 010.3 -000.2 100 100 4.4e-021
02560 232.0 010.1 -000.2 100 100 4.5e-021
02620 228.0 008.7 -000.2 100 100 5.8e-021
02680 228.0 008.5 -000.2 100 100 5.6e-021
02740 218.0 007.6 -000.2 100 100 3.1e-021
02800 214.0 008.3 0000.0 100 100 2.2e-021
02860 211.0 008.1 -000.2 100 100 3.2e-021
02920 209.0 008.0 -000.4 100 100 4.1e-021
02980 209.0 008.1 -000.4 100 100 3.4e-021
03040 204.0 008.2 -000.8 100 100 3.3e-021
03100 210.0 007.3 -000.0 100 100 2.2e-021
03160 218.0 006.4 -000.1 100 100 2.0e-021
03220 215.0 007.3 0000.0 100 100 9.4e-022
03280 221.0 006.5 -000.1 100 100 2.7e-021
03340 212.0 007.4 -000.5 100 100 2.3e-021
03400 210.0 007.3 0000.0 100 100 2.5e-021
03460 209.0 007.3 0000.0 100 100 3.9e-021
03520 212.0 007.6 -000.3 100 100 3.9e-021
03580 223.0 003.6 -000.2 100 100 4.1e-021
03640 209.0 007.0 0000.1 100 100 3.6e-021
03700 226.0 003.9 -000.3 100 100 3.3e-021
03760 242.0 006.1 0000.0 100 100 3.3e-021
03820 233.0 006.7 0000.0 100 100 1.5e-021
03880 248.0 006.0 0000.0 100 100 3.6e-021
03940 256.0 004.4 -000.3 100 100 4.9e-021
04000 219.0 007.4 0000.0 100 100 2.4e-021
04060 210.0 007.6 0000.0 100 100 8.7e-022
04120 204.0 009.2 0000.1 100 100 4.3e-021
04180 199.0 010.2 0000.0 100 100 4.6e-021
04240 200.0 009.6 0000.0 100 100 1.1e-020
04300 197.0 010.4 0000.0 100 100 3.0e-021
04360 ///// ///// 0000.0 000 000 1.1e-021
04420 ///// ///// 0001.3 000 000 6.9e-022
04480 ///// ///// 0000.0 000 000 3.7e-021
04540 ///// ///// 0000.0 000 000 3.4e-021
04600 ///// ///// 0000.0 000 000 1.0e-021
04660 ///// ///// -000.4 000 000 4.0e-021
04720 ///// ///// 0000.0 000 000 1.8e-021
04780 ///// ///// 0000.0 000 000 3.3e-021
04840 ///// ///// 0000.4 000 000 2.5e-021
04900 ///// ///// 0000.0 000 000 1.2e-021
04960 ///// ///// 0000.0 000 000 1.7e-021
05020 ///// ///// 0000.0 000 000 2.9e-021
05080 ///// ///// 0000.0 000 000 4.5e-021
05140 226.0 008.3 0000.0 100 100 1.9e-021
05200 236.0 008.4 0000.0 100 100 6.2e-021
05260 240.0 009.0 0000.8 100 100 5.6e-021
05320 232.0 006.8 0000.0 100 100 5.5e-021
05380 ///// ///// 0000.0 000 000 5.6e-021
05440 ///// ///// 0000.0 000 000 4.1e-021
05500 ///// ///// 0000.0 000 000 1.7e-021
05560 ///// ///// 0000.0 000 000 3.0e-021
05620 ///// ///// 0000.0 000 000 4.0e-021
05680 ///// ///// 0000.0 000 000 3.3e-021
05740 ///// ///// 0000.0 000 000 2.0e-021
05800 ///// ///// 0000.0 000 000 3.6e-021
05860 ///// ///// -001.2 000 000 1.7e-021
05920 ///// ///// 0000.0 000 000 4.8e-021
05980 ///// ///// 0000.0 000 000 7.4e-022
NNNN
