WNDROBS 01.20
57793 0114.3600 027.7900 00130.0 LC 20130629203500
ROBS
00100 117.0 004.6 0000.2 100 100 4.7e-021
00160 113.0 004.9 0000.2 100 100 1.0e-020
00220 124.0 004.4 0000.2 100 100 6.1e-021
00280 101.0 003.4 -000.1 100 100 6.5e-021
00340 115.0 003.7 0000.0 100 100 9.4e-021
00400 127.0 002.9 0000.2 100 100 9.7e-021
00460 156.0 002.7 0000.1 100 100 1.9e-020
00520 161.0 004.2 -000.1 100 100 5.2e-020
00580 164.0 005.3 -000.1 100 100 6.4e-020
00640 167.0 005.9 -000.1 100 100 4.5e-020
00700 180.0 005.9 -000.2 100 100 1.3e-019
00760 183.0 004.9 -000.3 100 100 1.3e-019
00820 188.0 002.9 -000.3 100 100 8.2e-020
00880 189.0 002.1 -000.2 100 100 6.9e-020
00940 194.0 005.6 -000.2 100 100 1.7e-020
01000 202.0 005.1 -000.1 100 100 9.6e-021
01060 208.0 004.0 0000.1 100 100 3.5e-021
01120 214.0 004.8 -000.0 100 100 1.5e-021
01180 220.0 005.7 0000.9 100 100 1.2e-021
01240 227.0 005.8 0000.3 100 100 1.5e-021
01300 220.0 006.7 -000.1 100 100 1.6e-021
01360 220.0 007.2 0000.1 100 100 1.8e-021
01420 220.0 007.6 0000.1 100 100 4.7e-021
01480 222.0 008.5 -000.0 100 100 4.1e-021
01540 222.0 009.8 -000.2 100 100 4.0e-021
01600 225.0 010.9 -000.2 100 100 3.2e-021
01660 226.0 012.1 -000.0 100 100 6.9e-021
01720 227.0 013.1 -000.0 100 100 4.4e-021
01780 228.0 014.0 -000.1 100 100 4.3e-021
01840 227.0 012.3 -000.1 100 100 1.8e-021
01900 231.0 012.4 -000.1 100 100 1.6e-021
01960 227.0 012.2 0000.0 100 100 1.8e-021
02020 221.0 010.2 0000.2 100 100 2.2e-021
02080 221.0 010.7 0000.0 100 100 1.1e-021
02140 224.0 010.6 -000.2 100 100 2.3e-021
02200 219.0 009.4 0000.0 100 100 2.2e-021
02260 205.0 010.5 -000.2 100 100 2.3e-021
02320 204.0 010.3 -000.5 100 100 1.9e-021
02380 206.0 010.6 -000.2 100 100 2.6e-021
02440 209.0 009.8 -000.4 100 100 3.5e-021
02500 213.0 008.3 -000.4 100 100 5.3e-021
02560 215.0 008.2 -000.7 100 100 8.8e-021
02620 210.0 008.1 -000.3 100 100 1.2e-020
02680 209.0 008.7 -000.3 100 100 9.0e-021
02740 204.0 009.3 0000.1 100 100 7.8e-021
02800 209.0 009.2 0000.1 100 100 1.0e-020
02860 213.0 009.6 -000.1 100 100 1.3e-020
02920 215.0 009.4 0000.1 100 100 1.3e-020
02980 218.0 009.7 0000.3 100 100 1.4e-020
03040 220.0 009.3 0000.3 100 100 1.9e-020
03100 219.0 010.1 0000.2 100 100 2.3e-020
03160 225.0 010.0 0000.1 100 100 2.2e-020
03220 224.0 010.9 -000.1 100 100 1.0e-020
03280 218.0 009.9 -000.1 100 100 7.0e-021
03340 220.0 009.6 0000.0 100 100 3.2e-021
03400 220.0 009.7 0000.6 100 100 9.8e-021
03460 220.0 009.8 0000.0 100 100 5.4e-021
03520 221.0 010.0 -000.1 100 100 1.4e-020
03580 218.0 009.6 -000.1 100 100 1.2e-020
03640 224.0 009.8 0000.0 100 100 2.7e-021
03700 225.0 010.1 0000.2 100 100 8.6e-021
03760 225.0 010.2 0000.1 100 100 8.8e-021
03820 220.0 009.5 0000.1 100 100 8.1e-021
03880 224.0 010.3 0001.2 100 100 9.0e-021
03940 221.0 010.5 0000.6 100 100 4.5e-021
04000 222.0 010.4 0000.0 100 100 5.5e-021
04060 217.0 010.0 0000.4 100 100 4.7e-021
04120 219.0 010.4 0000.3 100 100 6.7e-021
04180 221.0 010.9 0000.1 100 100 6.7e-021
04240 224.0 011.7 0000.3 100 100 7.1e-021
04300 221.0 011.3 0000.1 100 100 9.6e-021
04360 224.0 011.4 0000.5 100 100 6.7e-021
04420 229.0 011.3 0000.1 100 100 1.1e-020
04480 234.0 007.2 0000.0 100 100 2.6e-021
04540 219.0 006.5 0000.0 100 100 3.4e-021
04600 237.0 010.2 0000.0 100 100 9.4e-021
04660 239.0 010.6 0000.0 100 100 6.0e-021
04720 ///// ///// -000.1 000 000 3.9e-021
04780 ///// ///// 0000.0 000 000 3.2e-021
04840 ///// ///// 0000.0 000 000 3.2e-021
04900 ///// ///// 0000.0 000 000 3.6e-021
04960 ///// ///// 0000.0 000 000 3.1e-021
05020 ///// ///// 0000.0 000 000 3.3e-021
05080 ///// ///// 0000.0 000 000 1.8e-021
05140 ///// ///// 0000.0 000 000 3.3e-021
05200 ///// ///// 0000.2 000 000 4.2e-021
05260 ///// ///// 0000.0 000 000 3.3e-021
05320 ///// ///// 0000.0 000 000 3.6e-021
05380 ///// ///// 0000.0 000 000 4.2e-021
05440 ///// ///// 0000.0 000 000 4.7e-021
05500 ///// ///// -000.8 000 000 2.3e-021
05560 ///// ///// 0000.0 000 000 2.2e-021
05620 ///// ///// 0000.0 000 000 1.3e-021
05680 ///// ///// 0000.0 000 000 4.9e-021
05740 ///// ///// 0000.0 000 000 2.4e-021
05800 ///// ///// 0000.0 000 000 6.0e-021
05860 ///// ///// 0001.0 000 000 5.9e-021
05920 ///// ///// 0000.0 000 000 4.0e-021
05980 ///// ///// 0000.0 000 000 4.0e-021
NNNN
