WNDROBS 01.20
57793 0114.3600 027.7900 00130.0 LC 20130629084500
ROBS
00100 093.0 000.3 0001.2 100 100 4.5e-021
00160 123.0 002.7 0002.7 100 100 2.2e-020
00220 127.0 000.8 0002.2 100 100 9.1e-021
00280 115.0 000.9 0002.1 100 100 1.2e-020
00340 140.0 001.4 0001.4 100 100 1.6e-020
00400 109.0 004.0 0001.4 100 100 1.5e-020
00460 161.0 004.0 0001.6 100 100 2.0e-020
00520 173.0 008.4 0001.9 100 100 1.6e-020
00580 167.0 009.7 0002.1 100 100 1.7e-020
00640 180.0 010.4 0002.2 100 100 1.8e-020
00700 183.0 009.9 0002.0 100 100 1.6e-020
00760 183.0 008.4 0000.3 100 100 5.5e-020
00820 165.0 007.9 0000.2 100 100 2.1e-019
00880 167.0 008.0 0000.2 100 100 2.9e-019
00940 172.0 010.1 0000.1 100 100 7.7e-020
01000 178.0 007.5 -000.1 100 100 4.5e-020
01060 174.0 007.9 -000.2 100 100 1.6e-020
01120 182.0 007.0 -000.1 100 100 8.9e-021
01180 182.0 005.5 -000.2 100 100 1.3e-020
01240 184.0 004.9 -000.1 100 100 2.3e-020
01300 197.0 004.4 0000.1 100 100 3.2e-020
01360 210.0 004.8 0000.1 100 100 6.5e-020
01420 216.0 004.4 -000.1 100 100 5.0e-020
01480 227.0 005.2 0000.1 100 100 2.9e-020
01540 231.0 006.8 -000.0 100 100 3.3e-020
01600 230.0 007.9 -000.1 100 100 5.0e-020
01660 230.0 008.7 -000.1 100 100 5.5e-020
01720 227.0 009.5 0000.3 100 100 5.5e-020
01780 228.0 010.2 0000.3 100 100 5.1e-020
01840 230.0 010.8 0000.1 100 100 3.7e-020
01900 231.0 011.2 0000.3 100 100 3.1e-020
01960 229.0 010.7 0000.4 100 100 1.2e-020
02020 236.0 012.7 0000.3 100 100 1.5e-020
02080 234.0 014.4 0000.5 100 100 1.4e-020
02140 234.0 016.0 0000.4 100 100 1.3e-020
02200 237.0 015.1 0000.5 100 100 1.4e-020
02260 235.0 015.1 0000.3 100 100 3.1e-020
02320 237.0 015.0 0000.2 100 100 4.4e-020
02380 237.0 014.9 0000.2 100 100 3.2e-020
02440 236.0 013.8 0000.1 100 100 1.5e-020
02500 235.0 012.8 -000.1 100 100 1.3e-020
02560 236.0 011.8 -000.2 100 100 7.8e-021
02620 240.0 012.1 -000.2 100 100 4.5e-021
02680 243.0 011.4 0000.1 100 100 4.5e-021
02740 242.0 011.2 0000.1 100 100 4.8e-021
02800 240.0 011.4 0000.2 100 100 6.2e-021
02860 243.0 012.5 0000.0 100 100 1.1e-020
02920 237.0 012.6 0000.2 100 100 8.2e-021
02980 237.0 014.3 0000.0 100 100 1.1e-020
03040 237.0 014.8 0000.3 100 100 1.1e-020
03100 237.0 014.9 0000.1 100 100 2.3e-020
03160 235.0 015.7 -000.2 100 100 3.1e-020
03220 234.0 016.2 -000.3 100 100 1.5e-020
03280 227.0 014.8 -000.1 100 100 9.4e-021
03340 227.0 014.9 0000.1 100 100 9.7e-021
03400 228.0 014.9 -000.3 100 100 1.1e-020
03460 233.0 015.6 -000.3 100 100 1.4e-020
03520 233.0 015.6 -000.1 100 100 1.1e-020
03580 234.0 014.5 -000.3 100 100 1.4e-020
03640 236.0 014.0 -000.5 100 100 1.6e-020
03700 238.0 013.5 0000.1 100 100 1.8e-020
03760 237.0 012.8 -000.3 100 100 2.1e-020
03820 235.0 013.3 -000.3 100 100 2.1e-020
03880 234.0 013.1 -000.2 100 100 2.2e-020
03940 231.0 012.1 -000.1 100 100 2.6e-020
04000 231.0 011.7 -000.2 100 100 2.7e-020
04060 235.0 011.5 0000.0 100 100 2.2e-020
04120 239.0 011.5 0000.4 100 100 2.1e-020
04180 246.0 011.9 0000.4 100 100 9.6e-021
04240 243.0 013.3 0000.0 100 100 2.3e-021
04300 241.0 012.2 0000.0 100 100 1.3e-021
04360 241.0 011.9 0000.0 100 100 3.7e-021
04420 260.0 010.4 0000.0 100 100 1.4e-021
04480 255.0 011.8 0000.0 100 100 1.3e-021
04540 244.0 013.3 0000.0 100 100 1.3e-021
04600 246.0 014.2 0000.0 100 100 2.7e-021
04660 252.0 015.2 0000.1 100 100 2.9e-021
04720 249.0 015.4 -000.2 100 100 6.4e-021
04780 ///// ///// -000.3 000 000 4.6e-021
04840 237.0 014.2 0000.0 100 100 3.3e-021
04900 244.0 014.9 0000.0 100 100 1.6e-021
04960 249.0 011.3 0000.0 100 100 4.7e-021
05020 ///// ///// 0000.0 000 000 3.0e-021
05080 275.0 013.9 0000.0 100 100 4.6e-021
05140 ///// ///// -001.5 000 000 5.2e-021
05200 ///// ///// 0000.4 000 000 4.9e-021
05260 ///// ///// 0000.0 000 000 3.9e-021
05320 ///// ///// 0000.0 000 000 5.7e-021
05380 ///// ///// 0000.0 000 000 1.1e-021
05440 ///// ///// 0000.0 000 000 2.3e-021
05500 ///// ///// 0000.0 000 000 1.9e-021
05560 ///// ///// 0000.0 000 000 4.4e-021
05620 ///// ///// 0000.0 000 000 4.8e-021
05680 ///// ///// 0000.0 000 000 3.3e-021
05740 ///// ///// -001.4 000 000 5.5e-021
05800 ///// ///// 0000.0 000 000 5.6e-021
05860 ///// ///// -000.3 000 000 2.2e-021
05920 ///// ///// 0000.0 000 000 4.6e-021
05980 ///// ///// 0000.0 000 000 2.1e-021
NNNN
