WNDROBS 01.20
57793 0114.3600 027.7900 00130.0 LC 20130629062500
ROBS
00100 048.0 004.1 0000.1 100 100 1.8e-021
00160 048.0 004.5 -000.3 100 100 4.9e-021
00220 042.0 003.8 0000.0 100 100 2.9e-021
00280 089.0 002.4 0000.1 100 100 3.7e-021
00340 120.0 001.8 0000.1 100 100 2.9e-021
00400 112.0 002.8 0000.1 100 100 3.3e-021
00460 124.0 003.5 0000.1 100 100 3.3e-021
00520 132.0 003.2 0000.1 100 100 6.5e-021
00580 156.0 004.3 0000.0 100 100 1.8e-020
00640 176.0 005.4 0000.1 100 100 5.2e-020
00700 177.0 005.5 0000.1 100 100 4.8e-020
00760 180.0 004.7 0000.0 100 100 3.5e-020
00820 185.0 004.0 0000.1 100 100 2.1e-020
00880 207.0 003.7 0000.2 100 100 3.0e-020
00940 229.0 005.2 0000.1 100 100 9.3e-021
01000 229.0 006.3 0000.1 100 100 1.3e-020
01060 223.0 006.3 0000.2 100 100 2.8e-021
01120 220.0 007.4 0000.2 100 100 4.4e-021
01180 221.0 008.2 0000.2 100 100 1.0e-020
01240 223.0 009.0 0000.2 100 100 1.7e-020
01300 226.0 009.9 0000.2 100 100 8.0e-021
01360 227.0 010.0 0000.1 100 100 4.1e-021
01420 229.0 010.6 0000.1 100 100 3.8e-021
01480 230.0 010.4 0000.2 100 100 6.9e-021
01540 233.0 011.0 0000.2 100 100 1.1e-020
01600 233.0 011.4 -000.2 100 100 1.6e-020
01660 231.0 010.7 0000.1 100 100 6.3e-021
01720 233.0 010.9 0000.2 100 100 3.6e-021
01780 229.0 009.2 0000.3 100 100 3.0e-021
01840 245.0 009.6 -000.8 100 100 5.9e-022
01900 241.0 011.9 0000.2 100 100 2.4e-021
01960 236.0 009.9 -000.0 100 100 3.4e-021
02020 237.0 010.2 0000.2 100 100 4.0e-021
02080 243.0 009.6 0000.1 100 100 3.6e-021
02140 248.0 010.8 0000.3 100 100 4.9e-021
02200 255.0 011.5 0000.2 100 100 4.3e-021
02260 255.0 013.8 -000.1 100 100 3.0e-021
02320 253.0 014.1 0000.0 100 100 3.1e-021
02380 251.0 012.1 -000.5 100 100 3.3e-021
02440 248.0 011.9 -000.8 100 100 3.2e-021
02500 247.0 011.0 -000.6 100 100 2.7e-021
02560 243.0 010.8 0000.0 100 100 5.8e-022
02620 267.0 012.3 0000.0 100 100 1.1e-021
02680 267.0 012.3 0000.0 100 100 1.5e-021
02740 269.0 012.4 0000.0 100 100 1.5e-021
02800 275.0 014.2 0000.0 100 100 1.7e-021
02860 257.0 015.7 0001.0 100 100 2.6e-021
02920 275.0 013.5 0001.5 100 100 2.1e-021
02980 275.0 013.6 0000.0 100 100 1.1e-021
03040 275.0 013.7 0000.0 100 100 2.1e-021
03100 275.0 013.9 0000.2 100 100 2.7e-021
03160 275.0 014.0 -000.2 100 100 2.5e-021
03220 ///// ///// 0000.0 000 000 1.8e-021
03280 ///// ///// -001.1 000 000 1.9e-021
03340 ///// ///// 0000.0 000 000 2.5e-021
03400 ///// ///// 0000.0 000 000 2.6e-021
03460 ///// ///// 0000.4 000 000 2.7e-022
03520 ///// ///// 0000.0 000 000 2.5e-021
03580 ///// ///// 0000.0 000 000 1.7e-021
03640 ///// ///// 0000.0 000 000 2.0e-021
03700 ///// ///// 0000.0 000 000 1.2e-021
03760 ///// ///// 0000.0 000 000 1.9e-021
03820 ///// ///// 0000.0 000 000 2.4e-021
03880 ///// ///// 0000.0 000 000 6.6e-022
03940 ///// ///// 0000.0 000 000 2.7e-021
04000 ///// ///// -000.4 000 000 3.1e-021
04060 ///// ///// 0000.0 000 000 7.3e-022
04120 ///// ///// 0000.1 000 000 2.9e-021
04180 ///// ///// -001.0 000 000 2.8e-021
04240 ///// ///// 0001.1 000 000 3.4e-021
04300 ///// ///// 0000.2 000 000 3.4e-021
04360 ///// ///// 0000.0 000 000 6.8e-021
04420 ///// ///// 0000.0 000 000 6.8e-021
04480 ///// ///// -001.0 000 000 6.4e-021
04540 ///// ///// 0000.0 000 000 3.1e-021
04600 ///// ///// 0001.2 000 000 1.4e-021
04660 ///// ///// -000.1 000 000 4.1e-021
04720 ///// ///// 0000.0 000 000 3.3e-021
04780 ///// ///// -000.1 000 000 1.2e-021
04840 ///// ///// 0000.0 000 000 1.2e-021
04900 ///// ///// 0000.0 000 000 1.3e-021
04960 ///// ///// 0000.2 000 000 2.2e-021
05020 ///// ///// -000.1 000 000 4.4e-021
05080 ///// ///// 0000.0 000 000 1.2e-021
05140 ///// ///// 0000.0 000 000 2.3e-021
05200 ///// ///// 0000.0 000 000 4.3e-022
05260 ///// ///// 0000.0 000 000 3.9e-021
05320 ///// ///// 0000.0 000 000 1.1e-021
05380 ///// ///// 0000.0 000 000 3.7e-021
05440 ///// ///// 0001.0 000 000 4.8e-021
05500 ///// ///// 0000.0 000 000 3.6e-021
05560 ///// ///// 0000.0 000 000 1.5e-021
05620 ///// ///// 0000.0 000 000 1.5e-021
05680 ///// ///// 0000.0 000 000 4.6e-021
05740 ///// ///// 0000.0 000 000 1.8e-021
05800 ///// ///// 0000.0 000 000 4.2e-021
05860 ///// ///// 0001.1 000 000 4.4e-021
05920 ///// ///// -001.0 000 000 3.5e-021
05980 ///// ///// 0000.0 000 000 4.4e-021
NNNN
