WNDROBS 01.20
57793 0114.3600 027.7900 00130.0 LC 20130629201500
ROBS
00100 123.0 004.7 0001.3 100 100 6.0e-021
00160 123.0 005.2 0001.4 100 100 1.3e-020
00220 107.0 003.1 0000.7 100 100 1.2e-020
00280 134.0 003.5 0000.0 100 100 8.9e-021
00340 136.0 003.6 -000.1 100 100 9.0e-021
00400 149.0 003.4 -000.0 100 100 1.0e-020
00460 151.0 004.8 -000.2 100 100 3.3e-020
00520 152.0 006.5 -000.3 100 100 5.7e-020
00580 161.0 007.8 -000.3 100 100 4.8e-020
00640 166.0 008.3 -000.1 100 100 2.5e-020
00700 174.0 007.7 -000.3 100 100 8.9e-020
00760 176.0 006.8 -000.3 100 100 1.3e-019
00820 191.0 005.1 -000.2 100 100 6.9e-020
00880 204.0 003.9 -000.1 100 100 6.3e-020
00940 204.0 005.9 0000.1 100 100 1.9e-020
01000 196.0 007.5 0000.2 100 100 2.5e-020
01060 212.0 003.4 0002.4 100 100 4.1e-021
01120 213.0 003.6 -000.1 100 100 7.1e-021
01180 220.0 004.5 -000.1 100 100 5.0e-021
01240 226.0 004.6 -000.0 100 100 3.1e-021
01300 216.0 005.3 -000.1 100 100 1.9e-021
01360 218.0 006.1 -000.4 100 100 1.3e-021
01420 218.0 007.0 0000.3 100 100 1.9e-021
01480 223.0 007.9 0000.6 100 100 1.5e-021
01540 226.0 008.7 0000.3 100 100 1.6e-021
01600 229.0 009.3 -000.2 100 100 1.1e-021
01660 228.0 010.1 0000.0 100 100 2.3e-021
01720 230.0 012.2 -000.0 100 100 5.1e-021
01780 230.0 012.2 -000.1 100 100 7.1e-021
01840 230.0 011.7 -000.1 100 100 3.5e-021
01900 229.0 010.8 -000.4 100 100 2.5e-021
01960 230.0 010.0 -000.3 100 100 1.5e-021
02020 228.0 010.2 -000.3 100 100 2.6e-021
02080 224.0 010.0 -000.3 100 100 6.4e-021
02140 221.0 009.9 -000.4 100 100 4.5e-021
02200 217.0 009.7 -000.3 100 100 2.6e-021
02260 222.0 008.8 -000.5 100 100 2.4e-021
02320 228.0 009.6 -000.2 100 100 2.5e-021
02380 227.0 009.3 -000.1 100 100 2.2e-021
02440 226.0 009.6 -000.2 100 100 3.9e-021
02500 228.0 009.4 -000.1 100 100 3.9e-021
02560 218.0 008.3 -000.2 100 100 3.3e-021
02620 220.0 007.5 -000.3 100 100 3.3e-021
02680 221.0 007.6 -000.2 100 100 5.0e-021
02740 219.0 009.3 -000.5 100 100 6.8e-021
02800 212.0 008.7 -000.8 100 100 5.6e-021
02860 215.0 009.5 -000.2 100 100 4.8e-021
02920 228.0 011.0 -000.2 100 100 4.3e-021
02980 217.0 009.3 0000.1 100 100 3.7e-021
03040 217.0 009.0 -000.1 100 100 4.1e-021
03100 220.0 008.5 0000.0 100 100 1.8e-021
03160 217.0 009.1 0000.0 100 100 1.7e-021
03220 224.0 008.0 0000.0 100 100 4.4e-021
03280 219.0 008.0 0000.0 100 100 3.2e-021
03340 220.0 008.2 -000.0 100 100 4.1e-021
03400 214.0 009.5 -000.6 100 100 4.8e-021
03460 216.0 009.1 -000.2 100 100 4.9e-021
03520 213.0 009.5 0000.5 100 100 5.5e-021
03580 217.0 009.8 -000.3 100 100 2.6e-021
03640 218.0 009.6 -000.2 100 100 3.7e-021
03700 223.0 009.6 0000.0 100 100 2.9e-021
03760 225.0 009.5 0000.3 100 100 3.8e-021
03820 221.0 009.7 -000.2 100 100 4.3e-021
03880 226.0 009.0 0000.0 100 100 1.6e-021
03940 225.0 009.3 0000.0 100 100 3.8e-021
04000 236.0 008.1 0000.1 100 100 4.6e-021
04060 215.0 010.6 0000.0 100 100 4.6e-021
04120 209.0 009.0 0000.4 100 100 9.1e-021
04180 217.0 011.4 0000.3 100 100 1.5e-020
04240 224.0 011.5 0000.3 100 100 2.0e-020
04300 221.0 011.6 0000.2 100 100 3.3e-020
04360 218.0 011.9 0000.2 100 100 4.4e-020
04420 215.0 012.2 0000.1 100 100 4.2e-020
04480 218.0 011.5 0000.2 100 100 2.6e-020
04540 224.0 010.7 0000.2 100 100 1.3e-020
04600 226.0 010.2 0000.0 100 100 1.8e-020
04660 224.0 010.5 -000.9 100 100 1.5e-020
04720 225.0 010.0 0000.0 100 100 6.1e-021
04780 ///// ///// 0000.0 000 000 3.7e-021
04840 ///// ///// 0000.0 000 000 2.5e-021
04900 ///// ///// 0000.6 000 000 3.4e-021
04960 ///// ///// 0000.0 000 000 1.5e-021
05020 ///// ///// 0000.0 000 000 3.5e-021
05080 ///// ///// -001.1 000 000 7.2e-021
05140 ///// ///// 0000.0 000 000 2.4e-021
05200 ///// ///// -000.0 000 000 5.8e-021
05260 219.0 003.0 0000.0 100 100 5.3e-021
05320 214.0 003.6 -000.2 100 100 4.5e-021
05380 211.0 003.7 0000.0 100 100 2.9e-021
05440 207.0 003.6 0000.0 100 100 2.3e-021
05500 209.0 004.3 0000.0 100 100 4.1e-021
05560 224.0 004.0 0000.0 100 100 5.9e-021
05620 ///// ///// 0000.0 000 000 1.7e-021
05680 ///// ///// -000.8 000 000 4.6e-021
05740 ///// ///// 0000.0 000 000 2.8e-021
05800 ///// ///// 0000.0 000 000 3.3e-021
05860 ///// ///// 0000.0 000 000 2.1e-021
05920 ///// ///// 0000.0 000 000 3.9e-021
05980 ///// ///// 0000.0 000 000 2.0e-021
NNNN
