WNDROBS 01.20
57793 0114.3600 027.7900 00130.0 LC 20130629230000
ROBS
00100 144.0 005.9 0001.4 100 100 3.0e-021
00160 134.0 005.2 0001.6 100 100 7.1e-021
00220 150.0 006.1 0000.5 100 100 4.3e-021
00280 137.0 004.0 0000.2 100 100 1.6e-020
00340 156.0 003.7 0000.1 100 100 1.5e-020
00400 169.0 005.3 -000.1 100 100 2.2e-020
00460 165.0 007.6 0000.2 100 100 3.8e-020
00520 161.0 007.7 0000.4 100 100 6.0e-020
00580 170.0 009.1 0000.7 100 100 3.9e-019
00640 174.0 006.8 0000.5 100 100 4.4e-019
00700 173.0 005.4 0000.4 100 100 2.4e-019
00760 203.0 002.6 0000.2 100 100 1.5e-019
00820 202.0 002.2 0000.1 100 100 4.9e-020
00880 220.0 004.7 0000.3 100 100 1.1e-020
00940 219.0 002.3 -000.1 100 100 1.2e-020
01000 221.0 002.1 -000.4 100 100 8.6e-021
01060 228.0 002.9 0000.2 100 100 4.5e-021
01120 224.0 003.3 0000.1 100 100 4.1e-021
01180 235.0 004.6 0000.5 100 100 4.0e-021
01240 233.0 005.5 0000.4 100 100 2.8e-021
01300 225.0 006.1 0000.4 100 100 1.5e-021
01360 225.0 007.0 0000.4 100 100 2.7e-021
01420 232.0 008.1 0000.4 100 100 2.7e-021
01480 224.0 011.2 0000.4 100 100 4.6e-021
01540 225.0 010.7 0000.5 100 100 4.4e-021
01600 227.0 011.8 0000.3 100 100 4.7e-021
01660 230.0 012.5 0000.4 100 100 8.5e-021
01720 232.0 011.8 0000.1 100 100 9.0e-021
01780 231.0 012.7 0000.2 100 100 6.7e-021
01840 230.0 011.7 0000.1 100 100 4.4e-021
01900 225.0 012.6 0000.1 100 100 3.8e-021
01960 233.0 012.6 0000.0 100 100 1.1e-021
02020 227.0 008.4 -000.0 100 100 1.9e-021
02080 226.0 008.9 0000.1 100 100 2.1e-021
02140 229.0 011.5 0000.1 100 100 4.1e-021
02200 228.0 011.2 0000.0 100 100 1.7e-021
02260 223.0 010.1 0000.0 100 100 2.7e-021
02320 215.0 009.0 0000.2 100 100 3.1e-021
02380 213.0 008.9 0000.2 100 100 3.0e-021
02440 218.0 009.7 0000.3 100 100 4.8e-021
02500 215.0 010.1 0000.2 100 100 4.9e-021
02560 214.0 010.4 0000.5 100 100 4.2e-021
02620 206.0 010.1 0000.2 100 100 4.0e-021
02680 206.0 010.0 0000.0 100 100 4.0e-021
02740 206.0 010.0 0000.2 100 100 7.3e-021
02800 208.0 009.6 0000.1 100 100 1.2e-020
02860 209.0 009.8 0000.0 100 100 2.0e-021
02920 208.0 009.7 0000.0 100 100 3.9e-021
02980 210.0 009.4 0000.0 100 100 5.9e-021
03040 209.0 009.4 0000.0 100 100 6.0e-021
03100 209.0 009.5 0000.3 100 100 6.4e-021
03160 209.0 009.6 0000.0 100 100 5.2e-021
03220 209.0 009.7 0000.0 100 100 7.0e-021
03280 ///// ///// 0000.0 000 000 1.9e-021
03340 199.0 007.6 0000.4 100 100 1.7e-021
03400 205.0 008.8 0000.4 100 100 1.8e-021
03460 219.0 009.0 0000.2 100 100 4.0e-021
03520 215.0 009.1 0000.0 100 100 3.3e-021
03580 216.0 009.4 0000.0 100 100 1.9e-021
03640 209.0 010.2 -000.2 100 100 4.7e-021
03700 209.0 009.7 0000.0 100 100 3.3e-021
03760 207.0 009.5 0000.0 100 100 2.1e-021
03820 205.0 009.3 0000.1 100 100 3.1e-021
03880 190.0 008.4 0000.0 100 100 9.4e-022
03940 197.0 008.6 0000.0 100 100 2.4e-021
04000 210.0 005.7 0001.4 100 100 2.3e-021
04060 212.0 006.7 0000.0 100 100 2.6e-021
04120 224.0 007.3 -000.4 100 100 6.5e-021
04180 222.0 006.1 -000.3 100 100 9.3e-021
04240 226.0 006.8 -000.3 100 100 5.9e-021
04300 232.0 007.9 0000.0 100 100 7.9e-021
04360 240.0 007.9 0000.0 100 100 7.7e-021
04420 245.0 008.3 0000.0 100 100 4.4e-021
04480 248.0 008.5 0000.0 100 100 4.5e-021
04540 245.0 009.8 0000.3 100 100 5.8e-021
04600 266.0 010.2 0000.3 100 100 4.9e-021
04660 241.0 009.9 0000.3 100 100 7.1e-021
04720 254.0 011.0 0000.2 100 100 9.7e-021
04780 240.0 010.3 -000.1 100 100 1.2e-020
04840 241.0 010.6 0000.1 100 100 1.7e-020
04900 242.0 010.2 0000.2 100 100 1.5e-020
04960 239.0 010.2 0000.3 100 100 1.0e-020
05020 243.0 010.3 0000.2 100 100 1.5e-020
05080 242.0 010.7 0000.0 100 100 1.0e-020
05140 238.0 010.8 0000.0 100 100 1.4e-020
05200 247.0 011.5 0000.0 100 100 1.2e-021
05260 ///// ///// 0000.0 000 000 5.4e-021
05320 ///// ///// 0000.0 000 000 2.1e-021
05380 ///// ///// 0000.0 000 000 1.3e-021
05440 ///// ///// 0000.0 000 000 2.9e-021
05500 ///// ///// 0000.0 000 000 9.8e-022
05560 ///// ///// 0000.0 000 000 3.5e-021
05620 ///// ///// 0000.0 000 000 8.8e-022
05680 ///// ///// 0000.0 000 000 2.7e-021
05740 ///// ///// 0000.0 000 000 5.1e-021
05800 ///// ///// 0000.5 000 000 5.1e-021
05860 ///// ///// 0000.0 000 000 1.7e-021
05920 ///// ///// 0000.0 000 000 2.2e-021
05980 ///// ///// 0000.0 000 000 6.7e-022
NNNN
