WNDROBS 01.20
57793 0114.3600 027.7900 00130.0 LC 20130628042500
ROBS
00100 169.0 003.2 0002.7 100 100 5.4e-019
00160 155.0 002.8 0003.0 100 100 4.8e-018
00220 165.0 003.1 0002.8 100 100 6.0e-018
00280 173.0 004.4 0002.7 100 100 7.8e-018
00340 181.0 005.3 0003.1 100 100 8.8e-018
00400 201.0 008.0 0004.7 100 100 1.5e-017
00460 212.0 008.0 0005.0 100 100 1.8e-017
00520 247.0 005.3 0004.9 100 100 2.3e-017
00580 257.0 005.8 0004.7 100 100 2.3e-017
00640 270.0 006.4 0004.8 100 100 2.1e-017
00700 255.0 005.2 0005.1 100 100 1.8e-017
00760 247.0 005.5 0006.0 100 100 1.6e-017
00820 252.0 007.6 0005.9 100 100 1.1e-017
00880 253.0 005.9 0005.8 100 100 8.3e-018
00940 240.0 008.8 0005.7 100 100 8.7e-018
01000 243.0 009.9 0005.5 100 100 9.8e-018
01060 244.0 012.8 0005.0 100 100 1.9e-018
01120 255.0 013.1 0005.6 100 100 1.0e-018
01180 258.0 012.9 0006.1 100 100 1.2e-018
01240 255.0 011.6 0006.1 100 100 1.4e-018
01300 248.0 013.0 0005.8 100 100 1.8e-018
01360 242.0 013.2 0006.0 100 100 2.5e-018
01420 247.0 014.1 0005.9 100 100 2.5e-018
01480 250.0 014.7 0005.8 100 100 2.2e-018
01540 245.0 015.8 0005.9 100 100 2.5e-018
01600 242.0 016.1 0005.8 100 100 2.2e-018
01660 249.0 015.2 0006.0 100 100 1.4e-018
01720 241.0 015.9 0006.2 100 100 2.1e-018
01780 242.0 015.2 0006.2 100 100 1.9e-018
01840 250.0 013.6 0006.3 100 100 1.8e-018
01900 244.0 013.5 0006.3 100 100 1.8e-018
01960 243.0 012.9 0006.2 100 100 1.9e-018
02020 243.0 012.7 0006.3 100 100 2.0e-018
02080 246.0 012.8 0006.4 100 100 2.3e-018
02140 244.0 012.1 0006.3 100 100 2.0e-018
02200 246.0 012.6 0006.4 100 100 2.2e-018
02260 246.0 012.5 0006.5 100 100 2.2e-018
02320 246.0 014.3 0006.3 100 100 2.8e-018
02380 242.0 014.6 0006.4 100 100 2.8e-018
02440 240.0 014.6 0006.3 100 100 2.8e-018
02500 239.0 015.0 0006.3 100 100 2.9e-018
02560 240.0 014.9 0006.2 100 100 2.9e-018
02620 239.0 015.2 0006.0 100 100 2.8e-018
02680 242.0 015.7 0005.9 100 100 2.6e-018
02740 244.0 016.7 0006.0 100 100 2.4e-018
02800 244.0 017.3 0005.9 100 100 2.4e-018
02860 237.0 018.8 0006.0 100 100 2.1e-018
02920 230.0 021.0 0005.8 100 100 3.1e-018
02980 229.0 021.6 0005.9 100 100 3.5e-018
03040 228.0 022.3 0005.7 100 100 3.6e-018
03100 228.0 022.6 0005.9 100 100 3.8e-018
03160 227.0 022.9 0005.7 100 100 3.9e-018
03220 227.0 022.4 0005.8 100 100 4.1e-018
03280 228.0 021.5 0005.8 100 100 4.3e-018
03340 230.0 021.2 0006.0 100 100 4.3e-018
03400 231.0 020.3 0006.0 100 100 4.6e-018
03460 230.0 020.0 0005.9 100 100 4.4e-018
03520 229.0 020.0 0006.0 100 100 4.5e-018
03580 228.0 020.3 0006.3 100 100 4.2e-018
03640 233.0 018.9 0006.3 100 100 3.0e-018
03700 229.0 019.8 0006.3 100 100 3.2e-018
03760 233.0 018.8 0006.3 100 100 2.5e-018
03820 231.0 019.4 0006.1 100 100 2.3e-018
03880 229.0 020.1 0006.1 100 100 1.9e-018
03940 227.0 020.9 0006.2 100 100 1.9e-018
04000 235.0 019.7 0006.1 100 100 1.6e-018
04060 229.0 021.4 0006.2 100 100 1.8e-018
04120 233.0 020.1 0006.3 100 100 1.2e-018
04180 226.0 021.4 0006.0 100 100 1.3e-018
04240 225.0 020.1 0006.1 100 100 1.3e-018
04300 223.0 020.4 0006.0 100 100 1.1e-018
04360 218.0 019.5 0006.1 100 100 1.6e-018
04420 213.0 021.1 0006.2 100 100 2.3e-018
04480 211.0 022.2 0006.4 100 100 2.7e-018
04540 217.0 020.1 0006.5 100 100 3.0e-018
04600 225.0 017.3 0006.4 100 100 2.5e-018
04660 221.0 018.8 0006.5 100 100 3.0e-018
04720 222.0 018.0 0006.4 100 100 3.0e-018
04780 228.0 018.4 0006.3 100 100 7.3e-019
04840 231.0 016.4 0006.3 100 100 7.4e-019
04900 232.0 015.9 0006.3 100 100 6.8e-019
04960 233.0 015.5 0005.9 100 100 6.1e-019
05020 223.0 018.3 0005.8 100 100 4.1e-019
05080 256.0 013.8 0005.7 100 100 1.2e-018
05140 258.0 013.8 0005.7 100 100 1.2e-018
05200 256.0 014.0 0005.3 100 100 1.1e-018
05260 255.0 014.7 0004.8 100 100 9.0e-019
05320 255.0 014.7 0004.7 100 100 8.4e-019
05380 254.0 014.6 0004.4 100 100 6.9e-019
05440 253.0 014.8 0004.2 100 100 6.2e-019
05500 245.0 016.1 0004.1 100 100 4.4e-019
05560 244.0 016.5 0004.0 100 100 4.4e-019
05620 246.0 016.6 0003.9 100 100 3.9e-019
05680 236.0 017.5 0004.0 100 100 3.4e-019
05740 234.0 017.9 0003.9 100 100 3.0e-019
05800 228.0 019.1 0003.6 100 100 2.6e-019
05860 232.0 017.4 0003.5 100 100 2.6e-019
05920 235.0 017.2 0003.3 100 100 2.3e-019
05980 234.0 017.2 0003.1 100 100 1.7e-019
NNNN
