WNDROBS 01.20
57793 0114.3600 027.7900 00130.0 LC 20130629225500
ROBS
00100 129.0 004.0 0001.9 100 100 2.9e-021
00160 129.0 004.5 0002.1 100 100 6.2e-021
00220 149.0 003.8 0002.1 100 100 5.4e-021
00280 149.0 004.2 -000.1 100 100 1.4e-020
00340 157.0 004.4 -000.1 100 100 3.4e-020
00400 163.0 004.8 -000.3 100 100 2.9e-020
00460 163.0 006.6 -000.1 100 100 4.9e-020
00520 171.0 008.1 -000.0 100 100 1.2e-019
00580 171.0 008.9 -000.2 100 100 7.3e-019
00640 164.0 007.4 -000.2 100 100 5.8e-019
00700 167.0 004.2 -000.2 100 100 1.9e-019
00760 179.0 002.0 -000.2 100 100 7.7e-020
00820 195.0 001.4 -000.2 100 100 2.0e-020
00880 252.0 004.9 -000.0 100 100 1.0e-020
00940 242.0 003.0 0000.0 100 100 1.8e-020
01000 218.0 003.1 0000.1 100 100 1.4e-020
01060 232.0 003.0 -000.1 100 100 4.6e-021
01120 231.0 003.6 -000.0 100 100 4.2e-021
01180 233.0 004.4 -000.1 100 100 1.9e-021
01240 237.0 006.2 -000.4 100 100 1.6e-021
01300 233.0 007.9 0000.1 100 100 2.3e-021
01360 229.0 008.8 0000.1 100 100 2.9e-021
01420 228.0 009.9 -000.2 100 100 4.2e-021
01480 226.0 010.5 -000.4 100 100 3.9e-021
01540 226.0 011.5 -000.1 100 100 6.5e-021
01600 224.0 011.7 -000.3 100 100 9.1e-021
01660 231.0 013.5 -000.3 100 100 1.5e-020
01720 226.0 012.9 -000.1 100 100 9.2e-021
01780 231.0 012.4 -000.0 100 100 4.8e-021
01840 232.0 012.9 0000.3 100 100 4.8e-021
01900 228.0 012.5 0000.4 100 100 3.1e-021
01960 229.0 012.7 0000.0 100 100 3.4e-021
02020 235.0 012.6 0000.1 100 100 2.2e-021
02080 226.0 011.8 -000.2 100 100 2.3e-021
02140 229.0 012.1 0000.0 100 100 2.2e-021
02200 218.0 010.1 0000.2 100 100 1.7e-021
02260 219.0 009.4 0000.0 100 100 6.9e-022
02320 218.0 009.7 -000.4 100 100 2.3e-021
02380 218.0 009.8 0000.2 100 100 3.2e-021
02440 215.0 009.9 -000.1 100 100 5.1e-021
02500 214.0 010.0 0000.2 100 100 6.5e-021
02560 214.0 009.9 0000.0 100 100 5.0e-021
02620 212.0 009.9 -000.1 100 100 4.5e-021
02680 205.0 010.2 -000.2 100 100 3.5e-021
02740 207.0 010.2 -000.2 100 100 5.1e-021
02800 207.0 009.9 0000.0 100 100 3.5e-021
02860 204.0 009.9 -001.1 100 100 3.3e-021
02920 205.0 009.6 0000.0 100 100 4.3e-021
02980 206.0 009.4 0000.0 100 100 4.4e-021
03040 206.0 009.5 -001.0 100 100 4.8e-021
03100 206.0 009.6 0000.0 100 100 1.9e-021
03160 192.0 008.8 0000.0 100 100 5.5e-021
03220 189.0 009.2 0000.0 100 100 2.0e-021
03280 ///// ///// -000.1 000 000 1.9e-021
03340 213.0 008.1 0000.1 100 100 3.0e-021
03400 ///// ///// 0000.1 000 000 2.5e-021
03460 266.0 004.7 0000.1 100 100 3.0e-021
03520 199.0 009.1 0000.5 100 100 2.8e-021
03580 214.0 007.4 0000.0 100 100 1.6e-021
03640 207.0 009.1 0000.0 100 100 1.7e-021
03700 206.0 009.8 0000.5 100 100 4.7e-021
03760 202.0 008.9 0000.0 100 100 1.3e-021
03820 217.0 006.0 0000.0 100 100 2.4e-021
03880 227.0 005.1 0000.0 100 100 2.7e-021
03940 239.0 004.2 -000.1 100 100 4.4e-021
04000 241.0 004.1 0000.0 100 100 1.4e-021
04060 186.0 003.0 -000.0 100 100 3.2e-021
04120 219.0 003.9 -000.4 100 100 3.0e-021
04180 203.0 004.5 -000.3 100 100 5.0e-021
04240 222.0 005.2 -000.2 100 100 5.0e-021
04300 250.0 007.2 -000.2 100 100 2.4e-020
04360 248.0 007.4 -000.1 100 100 3.7e-020
04420 247.0 007.3 0000.0 100 100 1.8e-020
04480 247.0 008.7 0000.0 100 100 1.3e-020
04540 241.0 009.6 -000.2 100 100 1.8e-020
04600 246.0 010.4 0000.3 100 100 1.7e-020
04660 244.0 010.5 0000.6 100 100 2.1e-020
04720 242.0 009.9 0000.4 100 100 2.9e-020
04780 244.0 007.4 0000.9 100 100 1.8e-020
04840 239.0 007.3 0000.2 100 100 2.6e-020
04900 240.0 008.7 0000.2 100 100 2.2e-020
04960 237.0 007.8 0000.3 100 100 2.0e-020
05020 241.0 008.7 0000.0 100 100 1.7e-020
05080 239.0 007.9 0000.0 100 100 1.3e-020
05140 242.0 008.7 -000.4 100 100 1.7e-020
05200 243.0 009.1 0000.0 100 100 3.3e-021
05260 ///// ///// 0000.0 000 000 2.6e-021
05320 ///// ///// 0000.0 000 000 2.5e-021
05380 ///// ///// 0000.0 000 000 1.7e-021
05440 ///// ///// 0000.0 000 000 4.3e-021
05500 ///// ///// 0000.0 000 000 2.2e-021
05560 ///// ///// -000.1 000 000 5.4e-021
05620 ///// ///// 0000.0 000 000 4.4e-021
05680 ///// ///// -000.4 000 000 4.1e-021
05740 ///// ///// 0000.0 000 000 6.2e-021
05800 ///// ///// 0000.0 000 000 1.4e-021
05860 ///// ///// 0000.0 000 000 1.8e-021
05920 ///// ///// 0000.0 000 000 3.6e-021
05980 ///// ///// 0000.0 000 000 4.2e-021
NNNN
