WNDROBS 01.20
57793 0114.3600 027.7900 00130.0 LC 20130628051500
ROBS
00100 165.0 002.9 0002.8 100 100 2.0e-020
00160 162.0 004.5 0003.2 100 100 4.4e-020
00220 152.0 004.1 0004.4 100 100 1.0e-019
00280 155.0 004.0 0004.6 100 100 1.5e-019
00340 159.0 004.3 0004.8 100 100 1.6e-019
00400 164.0 005.3 0004.9 100 100 1.7e-019
00460 176.0 001.2 0004.6 100 100 2.2e-019
00520 184.0 002.8 0004.6 100 100 2.9e-019
00580 202.0 003.1 0004.7 100 100 3.6e-019
00640 201.0 003.8 0004.8 100 100 3.9e-019
00700 200.0 004.4 0004.8 100 100 4.6e-019
00760 172.0 003.9 0004.7 100 100 5.4e-019
00820 183.0 003.8 0004.6 100 100 6.9e-019
00880 200.0 005.0 0004.6 100 100 8.2e-019
00940 208.0 006.6 0004.7 100 100 8.6e-019
01000 213.0 008.2 0004.9 100 100 9.4e-019
01060 214.0 007.2 0004.6 100 100 2.6e-019
01120 217.0 008.8 0004.5 100 100 2.9e-019
01180 219.0 010.6 0004.5 100 100 3.1e-019
01240 221.0 012.4 0004.6 100 100 3.4e-019
01300 221.0 013.8 0004.6 100 100 3.2e-019
01360 225.0 015.3 0004.8 100 100 3.2e-019
01420 227.0 016.0 0004.7 100 100 3.3e-019
01480 227.0 016.7 0004.8 100 100 3.3e-019
01540 228.0 017.3 0004.7 100 100 3.3e-019
01600 229.0 018.0 0004.7 100 100 3.4e-019
01660 233.0 019.4 0004.8 100 100 3.1e-019
01720 234.0 019.9 0004.8 100 100 3.3e-019
01780 235.0 020.4 0004.8 100 100 3.1e-019
01840 236.0 020.0 0004.8 100 100 3.2e-019
01900 236.0 019.7 0004.7 100 100 3.1e-019
01960 233.0 018.7 0004.7 100 100 3.1e-019
02020 232.0 018.3 0004.7 100 100 3.0e-019
02080 232.0 017.9 0004.5 100 100 3.0e-019
02140 232.0 017.7 0004.5 100 100 2.9e-019
02200 232.0 017.2 0004.4 100 100 2.9e-019
02260 232.0 017.4 0004.4 100 100 2.8e-019
02320 232.0 017.5 0004.4 100 100 2.5e-019
02380 232.0 017.1 0004.4 100 100 2.6e-019
02440 232.0 017.2 0004.3 100 100 2.7e-019
02500 228.0 018.6 0004.4 100 100 2.0e-019
02560 233.0 017.5 0004.3 100 100 2.4e-019
02620 234.0 017.4 0004.1 100 100 2.4e-019
02680 234.0 017.2 0004.1 100 100 2.3e-019
02740 234.0 017.0 0004.1 100 100 2.2e-019
02800 236.0 017.8 0004.0 100 100 2.1e-019
02860 236.0 018.1 0004.0 100 100 2.0e-019
02920 237.0 018.0 0003.8 100 100 1.9e-019
02980 237.0 018.1 0003.8 100 100 1.8e-019
03040 236.0 018.3 0003.9 100 100 1.8e-019
03100 236.0 017.9 0003.8 100 100 1.6e-019
03160 235.0 017.2 0003.7 100 100 1.6e-019
03220 235.0 016.9 0003.7 100 100 1.4e-019
03280 235.0 016.5 0003.8 100 100 1.5e-019
03340 235.0 016.3 0003.8 100 100 1.4e-019
03400 236.0 016.0 0003.9 100 100 1.5e-019
03460 238.0 015.8 0003.9 100 100 1.4e-019
03520 240.0 015.5 0003.7 100 100 1.3e-019
03580 242.0 015.0 0004.0 100 100 1.2e-019
03640 243.0 014.5 0005.8 100 100 1.5e-019
03700 243.0 015.6 0005.7 100 100 1.4e-019
03760 244.0 015.2 0005.4 100 100 1.5e-019
03820 244.0 015.5 0005.3 100 100 1.3e-019
03880 246.0 015.8 0005.3 100 100 1.2e-019
03940 246.0 015.6 0005.1 100 100 1.3e-019
04000 246.0 015.3 0004.9 100 100 1.2e-019
04060 245.0 015.1 0004.6 100 100 1.1e-019
04120 245.0 015.2 0004.5 100 100 1.1e-019
04180 247.0 015.6 0004.4 100 100 9.7e-020
04240 246.0 016.0 0004.5 100 100 9.5e-020
04300 241.0 017.4 0004.1 100 100 7.6e-020
04360 245.0 017.2 0004.1 100 100 7.5e-020
04420 244.0 017.5 0003.9 100 100 7.5e-020
04480 247.0 018.8 0003.7 100 100 6.4e-020
04540 248.0 017.2 0003.5 100 100 6.1e-020
04600 249.0 017.0 0003.2 100 100 4.8e-020
04660 249.0 016.2 0003.0 100 100 4.7e-020
04720 251.0 016.8 0003.1 100 100 4.3e-020
04780 245.0 015.7 0003.0 100 100 1.3e-020
04840 276.0 026.4 0001.8 100 100 5.2e-021
04900 273.0 027.7 0000.6 100 100 1.2e-020
04960 274.0 020.2 0001.3 100 100 7.7e-021
05020 ///// ///// 0000.5 000 000 1.0e-020
05080 241.0 021.0 0001.2 100 100 2.1e-020
05140 ///// ///// 0000.7 000 000 3.6e-020
05200 239.0 021.5 0000.7 100 100 2.8e-020
05260 237.0 021.0 0000.6 100 100 3.4e-020
05320 241.0 020.4 0000.1 100 100 8.1e-021
05380 238.0 021.0 0000.0 100 100 9.0e-021
05440 239.0 021.5 0000.0 100 100 2.0e-020
05500 227.0 015.4 -000.5 100 100 1.7e-020
05560 220.0 014.3 0000.0 100 100 1.0e-020
05620 231.0 023.4 0001.4 100 100 8.3e-021
05680 ///// ///// 0000.0 000 000 7.3e-021
05740 244.0 015.7 0000.0 100 100 6.3e-021
05800 ///// ///// 0000.0 000 000 7.9e-021
05860 ///// ///// 0000.0 000 000 7.6e-021
05920 ///// ///// 0000.2 000 000 1.0e-020
05980 ///// ///// -000.2 000 000 1.1e-020
NNNN
