WNDROBS 01.20
57793 0114.3600 027.7900 00130.0 LC 20130629231000
ROBS
00100 137.0 006.2 0000.1 100 100 1.1e-021
00160 139.0 006.2 0000.1 100 100 7.2e-021
00220 149.0 005.6 0000.2 100 100 7.6e-021
00280 148.0 003.7 0000.1 100 100 2.3e-020
00340 170.0 003.6 0000.2 100 100 3.8e-020
00400 167.0 004.4 0000.2 100 100 5.7e-020
00460 172.0 005.6 0000.3 100 100 4.9e-020
00520 178.0 008.1 0000.2 100 100 1.5e-019
00580 187.0 008.7 0000.4 100 100 3.3e-019
00640 187.0 005.7 0000.3 100 100 1.8e-019
00700 208.0 003.1 0000.4 100 100 1.5e-019
00760 239.0 004.2 0000.3 100 100 3.7e-020
00820 238.0 004.9 0000.4 100 100 2.2e-020
00880 206.0 002.8 0000.3 100 100 1.2e-020
00940 231.0 002.3 0000.1 100 100 1.8e-020
01000 231.0 003.2 0000.1 100 100 7.5e-021
01060 233.0 003.9 -000.1 100 100 4.8e-021
01120 232.0 004.0 0000.0 100 100 3.5e-021
01180 237.0 004.9 -000.0 100 100 2.7e-021
01240 238.0 007.0 0000.2 100 100 2.7e-021
01300 234.0 007.0 0000.0 100 100 2.9e-021
01360 225.0 007.7 -000.0 100 100 4.1e-021
01420 224.0 008.9 -000.2 100 100 4.5e-021
01480 227.0 010.4 -000.1 100 100 5.9e-021
01540 233.0 012.0 0000.0 100 100 4.6e-021
01600 232.0 011.0 0000.2 100 100 5.5e-021
01660 244.0 012.8 -000.1 100 100 9.8e-021
01720 237.0 012.1 0000.2 100 100 1.5e-020
01780 235.0 013.1 0000.1 100 100 7.7e-021
01840 235.0 012.5 -000.2 100 100 6.4e-021
01900 232.0 010.9 0000.2 100 100 4.7e-021
01960 229.0 010.7 0000.5 100 100 3.3e-021
02020 237.0 012.0 -000.4 100 100 2.0e-021
02080 239.0 011.9 0000.0 100 100 1.8e-021
02140 233.0 010.2 0000.2 100 100 1.7e-021
02200 224.0 009.4 0000.1 100 100 2.2e-021
02260 207.0 006.1 0000.0 100 100 1.5e-021
02320 210.0 007.4 0000.0 100 100 1.7e-021
02380 203.0 006.9 0000.6 100 100 2.3e-021
02440 203.0 007.0 0000.0 100 100 1.9e-021
02500 202.0 006.7 0000.0 100 100 1.7e-021
02560 204.0 007.7 0009.4 100 100 4.2e-021
02620 200.0 007.9 0000.0 100 100 2.7e-021
02680 198.0 007.7 -000.2 100 100 2.9e-021
02740 197.0 008.1 -000.1 100 100 2.8e-021
02800 208.0 007.7 -000.1 100 100 4.4e-021
02860 209.0 008.7 -000.1 100 100 8.0e-021
02920 207.0 008.6 -000.1 100 100 1.1e-020
02980 211.0 008.9 0000.0 100 100 7.9e-021
03040 210.0 008.8 -000.1 100 100 2.0e-020
03100 213.0 009.1 0000.0 100 100 1.0e-020
03160 210.0 009.0 0000.0 100 100 7.4e-021
03220 208.0 009.3 0000.0 100 100 5.4e-021
03280 206.0 009.1 0000.9 100 100 7.2e-021
03340 187.0 008.1 0000.0 100 100 2.1e-021
03400 182.0 007.8 0000.0 100 100 2.0e-021
03460 197.0 008.4 0000.1 100 100 3.1e-021
03520 208.0 009.3 0000.0 100 100 2.7e-021
03580 196.0 008.5 -000.3 100 100 2.7e-021
03640 196.0 009.0 0000.0 100 100 3.4e-021
03700 211.0 007.7 0000.0 100 100 2.1e-021
03760 217.0 008.7 0000.0 100 100 2.2e-021
03820 206.0 008.9 -001.0 100 100 3.1e-021
03880 215.0 010.1 0000.0 100 100 2.7e-021
03940 250.0 005.4 0000.1 100 100 2.4e-021
04000 268.0 005.2 0000.3 100 100 4.0e-021
04060 223.0 006.6 0000.0 100 100 2.4e-021
04120 239.0 005.6 -000.2 100 100 3.3e-021
04180 226.0 007.3 0000.1 100 100 1.5e-021
04240 236.0 006.7 0000.2 100 100 5.2e-021
04300 244.0 007.8 0000.1 100 100 7.7e-021
04360 242.0 008.0 -000.0 100 100 6.8e-021
04420 243.0 008.1 0000.5 100 100 7.4e-021
04480 244.0 008.4 0000.0 100 100 1.0e-020
04540 246.0 009.0 -000.0 100 100 9.3e-021
04600 244.0 008.9 0000.3 100 100 8.6e-021
04660 244.0 008.2 0000.3 100 100 1.0e-020
04720 244.0 008.8 0000.6 100 100 1.0e-020
04780 253.0 008.5 0000.4 100 100 1.2e-020
04840 248.0 008.4 0000.7 100 100 1.9e-020
04900 249.0 008.8 0000.4 100 100 3.4e-020
04960 249.0 009.2 0000.5 100 100 3.8e-020
05020 248.0 008.6 0000.2 100 100 3.1e-020
05080 247.0 008.0 0000.2 100 100 2.8e-020
05140 247.0 008.0 0000.0 100 100 2.5e-020
05200 247.0 008.1 0000.0 100 100 2.3e-020
05260 247.0 009.0 0000.0 100 100 2.0e-020
05320 245.0 008.4 -001.3 100 100 4.1e-021
05380 ///// ///// 0000.0 000 000 1.3e-021
05440 ///// ///// 0000.0 000 000 1.2e-021
05500 ///// ///// 0000.0 000 000 2.8e-021
05560 ///// ///// 0001.2 000 000 1.4e-021
05620 ///// ///// 0000.0 000 000 4.9e-021
05680 ///// ///// 0000.0 000 000 6.1e-022
05740 ///// ///// 0000.0 000 000 4.6e-021
05800 ///// ///// 0000.0 000 000 3.2e-021
05860 ///// ///// 0000.9 000 000 5.0e-021
05920 ///// ///// 0000.0 000 000 5.2e-021
05980 ///// ///// 0000.0 000 000 5.8e-021
NNNN
