WNDROBS 01.20
57793 0114.3600 027.7900 00130.0 LC 20130629120500
ROBS
00100 105.0 006.8 -000.1 100 100 3.2e-021
00160 105.0 007.7 -000.1 100 100 9.8e-021
00220 108.0 007.3 -000.1 100 100 1.0e-020
00280 109.0 008.0 -000.1 100 100 9.6e-021
00340 120.0 006.0 -000.2 100 100 1.4e-020
00400 131.0 005.3 -000.2 100 100 2.4e-020
00460 141.0 007.0 -000.4 100 100 2.9e-020
00520 151.0 008.1 -000.4 100 100 9.5e-021
00580 155.0 008.2 -000.2 100 100 2.5e-020
00640 157.0 008.6 -000.3 100 100 3.4e-020
00700 158.0 009.3 -000.6 100 100 1.7e-020
00760 161.0 009.5 -000.2 100 100 1.3e-020
00820 164.0 009.7 0000.5 100 100 1.3e-020
00880 166.0 010.3 0000.0 100 100 2.5e-020
00940 175.0 009.1 -000.1 100 100 3.7e-020
01000 176.0 008.3 0000.0 100 100 2.2e-020
01060 180.0 009.0 -000.1 100 100 7.8e-021
01120 187.0 008.5 0000.0 100 100 2.5e-020
01180 188.0 008.3 -000.1 100 100 8.3e-020
01240 190.0 007.2 -000.3 100 100 9.5e-020
01300 193.0 006.7 -000.1 100 100 5.1e-020
01360 194.0 005.6 0000.1 100 100 3.8e-020
01420 192.0 004.8 -000.0 100 100 3.5e-020
01480 206.0 004.4 -000.2 100 100 4.6e-020
01540 224.0 005.7 -000.5 100 100 5.4e-020
01600 222.0 008.1 -000.7 100 100 6.4e-020
01660 224.0 010.4 -000.8 100 100 6.2e-020
01720 227.0 011.4 -000.4 100 100 2.1e-020
01780 231.0 010.6 -000.4 100 100 5.1e-021
01840 236.0 009.6 -000.3 100 100 5.4e-021
01900 234.0 010.0 -000.3 100 100 4.7e-021
01960 234.0 009.8 -000.2 100 100 3.3e-021
02020 234.0 009.4 -000.2 100 100 2.7e-021
02080 232.0 009.8 -000.2 100 100 2.2e-021
02140 233.0 010.1 -000.1 100 100 2.9e-021
02200 234.0 010.4 -000.5 100 100 4.1e-021
02260 231.0 009.9 -000.5 100 100 5.4e-021
02320 226.0 008.2 -000.2 100 100 9.5e-021
02380 230.0 009.3 -000.3 100 100 9.4e-021
02440 227.0 010.1 -000.2 100 100 8.6e-021
02500 226.0 010.7 -000.2 100 100 1.1e-020
02560 223.0 011.2 -000.1 100 100 9.0e-021
02620 221.0 011.3 -000.2 100 100 6.6e-021
02680 221.0 011.7 0000.2 100 100 4.6e-021
02740 229.0 011.2 -000.1 100 100 7.8e-021
02800 228.0 011.6 0000.0 100 100 6.1e-021
02860 231.0 011.8 0000.2 100 100 1.1e-020
02920 233.0 012.0 0000.0 100 100 1.1e-020
02980 234.0 012.6 0000.2 100 100 1.4e-020
03040 233.0 011.7 -000.0 100 100 2.1e-020
03100 234.0 012.0 -000.1 100 100 2.8e-020
03160 239.0 011.8 -000.2 100 100 2.3e-020
03220 240.0 012.6 0000.0 100 100 8.1e-021
03280 239.0 013.0 0000.0 100 100 1.3e-020
03340 245.0 013.0 -000.1 100 100 1.3e-020
03400 243.0 013.6 0000.0 100 100 1.3e-020
03460 242.0 013.7 -000.1 100 100 1.0e-020
03520 245.0 013.2 0000.1 100 100 6.2e-021
03580 245.0 013.1 -001.0 100 100 9.0e-021
03640 245.0 012.4 0000.0 100 100 6.3e-021
03700 244.0 012.7 0000.0 100 100 2.3e-021
03760 247.0 012.6 0000.0 100 100 7.0e-021
03820 247.0 012.7 -001.0 100 100 7.0e-021
03880 245.0 011.6 0000.0 100 100 1.3e-021
03940 244.0 011.3 0000.0 100 100 2.1e-021
04000 ///// ///// 0000.0 000 000 2.0e-021
04060 ///// ///// 0000.0 000 000 1.0e-021
04120 ///// ///// 0000.0 000 000 1.0e-021
04180 ///// ///// 0000.0 000 000 1.2e-021
04240 ///// ///// 0000.0 000 000 2.6e-021
04300 ///// ///// 0000.0 000 000 9.2e-022
04360 ///// ///// 0000.1 000 000 2.6e-021
04420 ///// ///// 0000.0 000 000 2.8e-021
04480 ///// ///// -000.6 000 000 6.0e-021
04540 ///// ///// -000.1 000 000 1.3e-021
04600 ///// ///// 0000.0 000 000 1.3e-021
04660 ///// ///// 0000.1 000 000 4.8e-021
04720 ///// ///// 0000.0 000 000 3.9e-021
04780 ///// ///// 0000.0 000 000 2.5e-021
04840 ///// ///// 0000.0 000 000 2.4e-021
04900 ///// ///// 0000.0 000 000 2.1e-021
04960 ///// ///// 0000.0 000 000 3.8e-021
05020 ///// ///// -000.6 000 000 4.8e-021
05080 ///// ///// -000.3 000 000 3.4e-021
05140 ///// ///// -000.2 000 000 1.8e-020
05200 ///// ///// -000.3 000 000 3.4e-021
05260 ///// ///// -000.2 000 000 1.5e-020
05320 ///// ///// -000.2 000 000 9.2e-021
05380 ///// ///// -000.1 000 000 1.9e-020
05440 ///// ///// -000.2 000 000 1.8e-020
05500 ///// ///// -000.2 000 000 7.2e-021
05560 ///// ///// -000.2 000 000 9.4e-021
05620 ///// ///// -000.2 000 000 7.3e-021
05680 ///// ///// -000.1 000 000 5.5e-021
05740 ///// ///// 0000.0 000 000 1.4e-021
05800 ///// ///// 0000.0 000 000 2.7e-021
05860 ///// ///// 0000.0 000 000 3.0e-021
05920 ///// ///// 0000.0 000 000 3.5e-021
05980 ///// ///// 0000.0 000 000 3.7e-021
NNNN
