WNDROBS 01.20
57793 0114.3600 027.7900 00130.0 LC 20130629184000
ROBS
00100 092.0 003.0 0001.1 100 100 5.5e-021
00160 092.0 003.3 0001.2 100 100 1.2e-020
00220 097.0 002.7 0000.3 100 100 1.3e-020
00280 102.0 003.8 0000.2 100 100 2.0e-020
00340 125.0 003.3 -000.1 100 100 1.2e-020
00400 138.0 002.8 -000.0 100 100 1.7e-020
00460 153.0 003.6 -000.1 100 100 3.9e-020
00520 154.0 004.5 -000.2 100 100 5.1e-020
00580 159.0 006.2 -000.1 100 100 6.7e-020
00640 168.0 007.2 0000.1 100 100 6.9e-020
00700 179.0 006.9 0000.2 100 100 1.0e-019
00760 190.0 006.6 0000.1 100 100 1.1e-019
00820 189.0 005.9 0000.0 100 100 5.2e-020
00880 216.0 006.5 -000.1 100 100 1.3e-020
00940 198.0 004.7 0000.0 100 100 2.4e-020
01000 202.0 003.6 -000.0 100 100 3.4e-020
01060 210.0 003.7 0000.1 100 100 1.5e-020
01120 220.0 003.6 0000.0 100 100 1.5e-020
01180 229.0 004.6 -000.1 100 100 7.5e-021
01240 235.0 004.1 0000.0 100 100 2.9e-021
01300 231.0 004.5 0000.0 100 100 8.1e-022
01360 227.0 004.7 0000.7 100 100 1.3e-021
01420 218.0 005.0 0000.1 100 100 2.1e-021
01480 223.0 004.8 0000.0 100 100 3.3e-021
01540 218.0 006.3 0000.2 100 100 3.9e-021
01600 219.0 007.2 0000.1 100 100 1.2e-020
01660 219.0 008.1 0000.2 100 100 6.0e-021
01720 218.0 009.5 0000.1 100 100 6.7e-021
01780 223.0 011.1 0000.3 100 100 5.2e-021
01840 232.0 012.7 0000.2 100 100 5.6e-021
01900 230.0 012.5 0000.3 100 100 4.9e-021
01960 232.0 012.8 0000.2 100 100 4.3e-021
02020 233.0 012.5 0000.2 100 100 3.0e-021
02080 230.0 010.3 0000.2 100 100 3.2e-021
02140 228.0 010.5 0000.3 100 100 3.5e-021
02200 228.0 010.0 0000.2 100 100 4.3e-021
02260 226.0 011.2 0000.1 100 100 2.5e-021
02320 232.0 009.6 0000.0 100 100 1.9e-021
02380 233.0 009.6 0000.4 100 100 2.8e-021
02440 232.0 009.7 0000.3 100 100 2.8e-021
02500 237.0 009.3 0000.0 100 100 2.9e-021
02560 233.0 009.5 0000.0 100 100 4.3e-021
02620 233.0 009.7 -000.1 100 100 5.0e-021
02680 231.0 010.0 -000.1 100 100 5.7e-021
02740 234.0 009.0 -000.1 100 100 8.9e-021
02800 238.0 008.7 -000.1 100 100 1.1e-020
02860 237.0 008.3 -000.2 100 100 6.1e-021
02920 229.0 008.6 0000.0 100 100 4.1e-021
02980 224.0 008.4 -000.7 100 100 5.0e-021
03040 214.0 007.8 -000.2 100 100 5.4e-021
03100 216.0 007.6 0000.2 100 100 3.5e-021
03160 217.0 008.2 0000.1 100 100 5.8e-021
03220 213.0 008.2 0000.0 100 100 1.5e-021
03280 207.0 007.6 0000.2 100 100 3.8e-021
03340 208.0 007.3 0000.0 100 100 2.7e-021
03400 197.0 006.8 0000.0 100 100 1.4e-021
03460 170.0 006.4 0000.0 100 100 1.2e-021
03520 192.0 006.7 0000.1 100 100 1.4e-021
03580 178.0 006.2 -000.8 100 100 2.7e-021
03640 178.0 004.2 0000.0 100 100 8.2e-022
03700 181.0 006.5 0000.2 100 100 2.4e-021
03760 180.0 006.5 0000.2 100 100 4.0e-021
03820 179.0 008.1 0000.2 100 100 5.9e-021
03880 199.0 008.9 0000.0 100 100 1.3e-021
03940 204.0 009.3 0000.0 100 100 1.8e-021
04000 204.0 010.3 0000.0 100 100 7.0e-021
04060 203.0 011.5 0000.0 100 100 7.1e-021
04120 204.0 010.4 0000.0 100 100 1.2e-021
04180 210.0 007.7 -000.4 100 100 2.2e-021
04240 211.0 006.2 0000.0 100 100 2.3e-021
04300 197.0 011.3 0000.0 100 100 1.9e-021
04360 191.0 011.2 0000.0 100 100 3.8e-021
04420 195.0 011.8 -001.8 100 100 3.1e-021
04480 ///// ///// 0000.4 000 000 7.3e-022
04540 ///// ///// -000.1 000 000 2.6e-021
04600 ///// ///// 0000.0 000 000 2.5e-021
04660 ///// ///// 0000.0 000 000 9.4e-022
04720 ///// ///// 0000.0 000 000 3.7e-021
04780 ///// ///// 0000.0 000 000 2.0e-021
04840 ///// ///// 0000.0 000 000 1.5e-021
04900 ///// ///// 0000.0 000 000 4.4e-022
04960 ///// ///// -000.5 000 000 2.9e-021
05020 ///// ///// -000.2 000 000 3.9e-021
05080 ///// ///// 0000.0 000 000 1.5e-021
05140 ///// ///// 0000.2 000 000 5.4e-021
05200 ///// ///// 0000.0 000 000 3.1e-021
05260 ///// ///// 0000.0 000 000 1.8e-021
05320 ///// ///// 0000.0 000 000 2.3e-021
05380 ///// ///// 0000.0 000 000 4.2e-021
05440 ///// ///// 0000.0 000 000 1.5e-021
05500 ///// ///// 0000.0 000 000 1.8e-021
05560 ///// ///// 0000.0 000 000 1.7e-021
05620 ///// ///// 0000.0 000 000 3.4e-021
05680 ///// ///// 0000.0 000 000 1.8e-021
05740 ///// ///// 0000.0 000 000 1.5e-021
05800 ///// ///// 0000.0 000 000 3.3e-021
05860 ///// ///// 0000.0 000 000 1.8e-021
05920 ///// ///// 0000.0 000 000 3.6e-021
05980 ///// ///// 0000.0 000 000 4.5e-021
NNNN
