WNDROBS 01.20
57793 0114.3600 027.7900 00130.0 LC 20130629224500
ROBS
00100 087.0 002.6 0000.1 100 100 2.8e-021
00160 087.0 002.9 0000.1 100 100 6.1e-021
00220 166.0 003.5 0000.2 100 100 5.0e-021
00280 134.0 003.3 0000.1 100 100 1.1e-020
00340 144.0 002.7 0000.1 100 100 2.4e-020
00400 160.0 003.0 -001.1 100 100 1.5e-020
00460 165.0 005.5 -000.0 100 100 3.6e-020
00520 167.0 008.2 0000.1 100 100 1.7e-019
00580 175.0 009.4 -000.2 100 100 5.3e-019
00640 177.0 006.2 -000.3 100 100 2.4e-019
00700 181.0 003.6 -000.0 100 100 1.5e-019
00760 180.0 004.8 -000.3 100 100 4.8e-020
00820 182.0 004.9 -000.6 100 100 3.5e-020
00880 189.0 001.6 -000.1 100 100 8.5e-021
00940 248.0 003.9 -000.1 100 100 1.2e-020
01000 250.0 007.6 0000.4 100 100 1.1e-020
01060 220.0 002.6 -000.0 100 100 3.5e-021
01120 222.0 003.2 -000.2 100 100 3.1e-021
01180 227.0 003.7 0000.1 100 100 2.1e-021
01240 220.0 005.4 0000.1 100 100 2.1e-021
01300 222.0 006.7 -000.4 100 100 2.6e-021
01360 223.0 008.3 -000.1 100 100 2.6e-021
01420 227.0 009.2 -000.1 100 100 3.6e-021
01480 231.0 011.1 -000.2 100 100 4.1e-021
01540 224.0 010.1 -000.2 100 100 5.2e-021
01600 232.0 011.7 -000.0 100 100 1.2e-020
01660 226.0 010.8 -000.1 100 100 8.2e-021
01720 232.0 013.9 -000.1 100 100 9.9e-021
01780 228.0 013.1 0000.0 100 100 5.7e-021
01840 225.0 012.1 -000.2 100 100 4.1e-021
01900 229.0 011.2 -000.3 100 100 2.7e-021
01960 232.0 011.5 -000.1 100 100 2.5e-021
02020 229.0 010.6 0000.1 100 100 1.7e-021
02080 227.0 010.3 0000.2 100 100 3.0e-021
02140 228.0 010.3 0000.0 100 100 2.4e-021
02200 224.0 010.7 0000.0 100 100 2.9e-021
02260 215.0 009.4 0000.0 100 100 1.1e-021
02320 217.0 009.2 0000.0 100 100 2.4e-021
02380 221.0 009.8 -000.1 100 100 5.1e-021
02440 219.0 009.4 -000.0 100 100 5.3e-021
02500 212.0 009.5 0000.0 100 100 6.9e-021
02560 209.0 009.2 -000.1 100 100 1.1e-020
02620 208.0 009.4 0000.0 100 100 1.7e-020
02680 205.0 009.3 0000.4 100 100 7.6e-021
02740 204.0 009.3 0000.0 100 100 7.4e-021
02800 203.0 009.3 0000.0 100 100 5.4e-021
02860 204.0 009.1 -000.3 100 100 7.7e-021
02920 204.0 009.2 0000.0 100 100 6.9e-021
02980 204.0 009.3 0000.0 100 100 9.3e-021
03040 187.0 007.0 0000.6 100 100 2.1e-021
03100 179.0 007.7 0000.0 100 100 1.1e-021
03160 173.0 007.9 0000.0 100 100 1.6e-021
03220 199.0 008.7 0000.4 100 100 1.6e-021
03280 200.0 008.9 0000.0 100 100 1.7e-021
03340 208.0 008.7 0000.0 100 100 2.1e-021
03400 212.0 008.9 0000.0 100 100 2.1e-021
03460 207.0 010.8 0000.0 100 100 2.6e-021
03520 200.0 006.7 0000.0 100 100 1.8e-021
03580 208.0 007.4 0000.0 100 100 3.1e-021
03640 204.0 007.1 0000.0 100 100 1.3e-021
03700 208.0 007.9 0000.0 100 100 3.9e-021
03760 208.0 008.1 0000.3 100 100 5.1e-021
03820 209.0 008.0 0000.0 100 100 4.3e-021
03880 209.0 007.8 0000.2 100 100 4.7e-021
03940 220.0 006.2 0000.0 100 100 1.2e-021
04000 217.0 007.2 0000.0 100 100 3.6e-021
04060 235.0 004.6 0000.1 100 100 2.9e-021
04120 228.0 005.0 0000.3 100 100 4.8e-021
04180 243.0 006.4 0000.1 100 100 4.9e-021
04240 245.0 006.8 0000.1 100 100 5.4e-021
04300 248.0 007.0 -000.3 100 100 1.3e-020
04360 249.0 007.5 -000.3 100 100 2.8e-020
04420 253.0 008.2 -000.1 100 100 3.5e-020
04480 251.0 008.8 -000.4 100 100 2.4e-020
04540 251.0 008.3 -000.6 100 100 1.1e-020
04600 244.0 008.0 0000.1 100 100 1.5e-020
04660 243.0 009.0 0000.1 100 100 1.4e-020
04720 241.0 007.0 -000.3 100 100 1.8e-020
04780 243.0 007.5 -000.3 100 100 1.7e-020
04840 246.0 007.1 -000.4 100 100 1.1e-020
04900 244.0 007.4 -000.3 100 100 1.1e-020
04960 241.0 006.7 0000.0 100 100 9.2e-021
05020 246.0 007.8 0000.0 100 100 4.7e-021
05080 242.0 007.9 0000.0 100 100 3.5e-021
05140 246.0 007.6 0000.0 100 100 1.0e-021
05200 ///// ///// 0000.0 000 000 5.0e-021
05260 ///// ///// 0000.0 000 000 4.8e-022
05320 ///// ///// 0000.0 000 000 9.1e-022
05380 ///// ///// 0000.0 000 000 2.2e-021
05440 ///// ///// 0000.0 000 000 2.4e-021
05500 ///// ///// 0000.0 000 000 4.2e-021
05560 ///// ///// -001.1 000 000 3.2e-021
05620 ///// ///// 0000.0 000 000 6.9e-022
05680 ///// ///// 0000.0 000 000 2.9e-021
05740 ///// ///// 0000.0 000 000 1.7e-021
05800 ///// ///// -000.1 000 000 5.7e-021
05860 ///// ///// 0000.0 000 000 1.2e-021
05920 ///// ///// 0000.0 000 000 3.6e-021
05980 ///// ///// 0000.0 000 000 2.0e-021
NNNN
