WNDROBS 01.20
57793 0114.3600 027.7900 00130.0 LC 20130629204000
ROBS
00100 080.0 003.7 0000.1 100 100 4.4e-021
00160 080.0 004.2 0000.1 100 100 9.6e-021
00220 100.0 004.3 0000.1 100 100 1.3e-020
00280 121.0 003.6 0000.0 100 100 7.8e-021
00340 129.0 003.3 -000.0 100 100 1.1e-020
00400 144.0 003.7 -000.2 100 100 1.3e-020
00460 166.0 004.8 -000.2 100 100 2.5e-020
00520 169.0 005.7 -000.2 100 100 2.8e-020
00580 169.0 006.8 -000.1 100 100 4.1e-020
00640 172.0 007.3 -000.1 100 100 6.9e-020
00700 184.0 006.7 -000.2 100 100 1.7e-019
00760 189.0 005.7 -000.2 100 100 5.3e-020
00820 197.0 003.8 -000.1 100 100 4.5e-020
00880 209.0 003.4 0000.0 100 100 3.6e-020
00940 215.0 003.9 0000.2 100 100 1.1e-020
01000 227.0 004.0 0000.2 100 100 1.0e-020
01060 216.0 004.6 -000.0 100 100 1.6e-021
01120 217.0 004.8 0000.0 100 100 9.0e-022
01180 220.0 005.2 0000.2 100 100 1.7e-021
01240 229.0 005.6 0000.0 100 100 2.2e-021
01300 227.0 005.9 0000.1 100 100 2.2e-021
01360 222.0 006.4 0000.1 100 100 3.4e-021
01420 222.0 007.3 0000.3 100 100 4.3e-021
01480 227.0 008.0 0000.2 100 100 2.8e-021
01540 227.0 009.0 0000.3 100 100 3.9e-021
01600 229.0 010.6 0000.5 100 100 3.7e-021
01660 230.0 010.9 0000.0 100 100 2.4e-021
01720 229.0 012.3 0000.2 100 100 3.5e-021
01780 229.0 013.0 0000.5 100 100 2.5e-021
01840 225.0 012.0 0000.0 100 100 1.4e-021
01900 221.0 009.2 -000.2 100 100 1.8e-021
01960 214.0 008.6 0000.5 100 100 1.5e-021
02020 227.0 006.9 0000.2 100 100 1.4e-021
02080 227.0 007.0 0000.2 100 100 1.7e-021
02140 228.0 007.5 0000.2 100 100 1.3e-021
02200 227.0 007.1 0000.4 100 100 1.4e-021
02260 203.0 012.4 -000.2 100 100 2.5e-021
02320 210.0 008.4 -000.4 100 100 2.3e-021
02380 213.0 008.7 -000.2 100 100 2.2e-021
02440 213.0 008.8 -000.2 100 100 3.3e-021
02500 212.0 008.9 -000.2 100 100 4.2e-021
02560 213.0 008.9 -000.3 100 100 3.6e-021
02620 221.0 008.2 -000.3 100 100 7.3e-021
02680 227.0 008.3 -000.3 100 100 8.4e-021
02740 224.0 009.5 -000.4 100 100 9.0e-021
02800 224.0 009.9 -000.2 100 100 7.0e-021
02860 219.0 009.1 -000.0 100 100 7.0e-021
02920 216.0 009.0 0000.4 100 100 4.7e-021
02980 216.0 009.4 0000.2 100 100 4.7e-021
03040 212.0 010.5 0000.0 100 100 2.1e-021
03100 221.0 009.2 0000.1 100 100 7.0e-021
03160 225.0 008.9 0000.4 100 100 6.1e-021
03220 223.0 008.7 0000.2 100 100 7.6e-021
03280 223.0 008.8 0000.0 100 100 4.3e-021
03340 218.0 009.3 0000.2 100 100 5.8e-021
03400 225.0 009.1 0000.0 100 100 4.6e-021
03460 223.0 008.5 0000.0 100 100 6.3e-021
03520 223.0 008.6 -000.2 100 100 7.7e-021
03580 223.0 009.4 0000.1 100 100 1.3e-020
03640 223.0 009.8 0000.0 100 100 6.4e-021
03700 222.0 010.1 0000.0 100 100 4.4e-021
03760 199.0 008.1 0000.0 100 100 3.5e-021
03820 220.0 009.2 0000.4 100 100 5.5e-021
03880 223.0 009.8 -000.4 100 100 4.9e-021
03940 235.0 008.9 -001.3 100 100 4.6e-021
04000 232.0 011.1 0000.0 100 100 5.6e-021
04060 230.0 011.5 0000.0 100 100 4.5e-021
04120 228.0 011.6 0000.8 100 100 5.8e-021
04180 228.0 012.4 0000.2 100 100 7.3e-021
04240 228.0 011.9 -000.0 100 100 1.1e-020
04300 227.0 012.4 0000.0 100 100 7.1e-021
04360 230.0 012.3 0000.3 100 100 6.1e-021
04420 233.0 012.0 0000.3 100 100 6.9e-021
04480 235.0 011.2 0000.3 100 100 1.4e-020
04540 236.0 011.5 0000.0 100 100 1.4e-020
04600 234.0 011.5 0000.0 100 100 8.8e-021
04660 231.0 010.2 0000.0 100 100 5.0e-021
04720 ///// ///// 0000.0 000 000 1.3e-021
04780 ///// ///// -000.0 000 000 3.8e-021
04840 ///// ///// 0000.0 000 000 2.2e-021
04900 ///// ///// 0000.0 000 000 4.4e-021
04960 ///// ///// 0000.5 000 000 4.9e-021
05020 ///// ///// 0000.3 000 000 4.1e-021
05080 ///// ///// 0000.0 000 000 3.8e-021
05140 ///// ///// 0000.0 000 000 3.3e-021
05200 242.0 004.6 0000.2 100 100 5.2e-021
05260 233.0 003.9 0000.0 100 100 4.1e-021
05320 ///// ///// 0000.0 000 000 4.4e-021
05380 ///// ///// 0000.0 000 000 3.6e-021
05440 186.0 003.6 0000.0 100 100 3.9e-021
05500 ///// ///// 0000.0 000 000 6.7e-022
05560 195.0 003.8 0000.0 100 100 5.4e-021
05620 ///// ///// 0000.0 000 000 4.3e-021
05680 ///// ///// 0000.0 000 000 4.7e-021
05740 ///// ///// 0001.3 000 000 3.5e-021
05800 ///// ///// 0000.0 000 000 1.1e-021
05860 ///// ///// 0000.0 000 000 1.5e-021
05920 ///// ///// 0000.0 000 000 2.3e-021
05980 ///// ///// 0000.0 000 000 4.7e-021
NNNN
