WNDROBS 01.20
57793 0114.3600 027.7900 00130.0 LC 20130629084000
ROBS
00100 126.0 005.4 0000.8 100 100 2.9e-021
00160 123.0 005.8 0000.9 100 100 6.3e-021
00220 127.0 005.7 0000.3 100 100 2.5e-021
00280 108.0 005.2 0000.0 100 100 4.4e-021
00340 111.0 005.6 0000.0 100 100 4.7e-021
00400 109.0 006.2 -000.1 100 100 4.0e-021
00460 114.0 007.3 -000.1 100 100 9.5e-021
00520 122.0 007.2 0000.1 100 100 1.4e-020
00580 134.0 006.8 0000.1 100 100 2.8e-020
00640 146.0 007.0 0000.0 100 100 2.6e-020
00700 157.0 008.2 -000.1 100 100 1.7e-020
00760 158.0 008.3 -000.0 100 100 4.1e-020
00820 158.0 007.7 0000.1 100 100 2.9e-019
00880 161.0 008.4 0000.2 100 100 4.8e-019
00940 167.0 009.9 0000.0 100 100 7.6e-020
01000 176.0 006.9 0000.2 100 100 1.4e-019
01060 178.0 007.2 -000.0 100 100 8.3e-020
01120 179.0 006.6 -000.0 100 100 6.8e-020
01180 181.0 005.0 0000.5 100 100 1.8e-020
01240 186.0 004.6 -000.1 100 100 1.9e-020
01300 186.0 004.9 -000.2 100 100 5.3e-020
01360 189.0 005.2 -000.3 100 100 5.5e-020
01420 203.0 006.1 -000.4 100 100 5.1e-020
01480 209.0 007.4 0000.1 100 100 4.1e-020
01540 211.0 007.4 -000.3 100 100 3.7e-020
01600 216.0 007.9 -000.1 100 100 4.4e-020
01660 219.0 009.2 0000.2 100 100 5.4e-020
01720 222.0 009.9 -000.1 100 100 8.6e-020
01780 227.0 010.6 -000.3 100 100 1.3e-019
01840 229.0 011.3 -000.4 100 100 8.6e-020
01900 228.0 012.0 -000.5 100 100 4.1e-020
01960 231.0 012.6 -000.7 100 100 3.4e-020
02020 232.0 013.0 -000.5 100 100 1.9e-020
02080 235.0 012.7 -000.5 100 100 8.3e-021
02140 239.0 012.1 -000.6 100 100 1.1e-020
02200 242.0 012.0 -000.5 100 100 1.6e-020
02260 241.0 012.2 -000.3 100 100 2.4e-020
02320 243.0 012.5 -000.2 100 100 2.1e-020
02380 242.0 011.6 -000.2 100 100 1.6e-020
02440 241.0 011.3 -000.3 100 100 1.2e-020
02500 239.0 011.5 -000.3 100 100 1.3e-020
02560 239.0 010.0 -000.2 100 100 7.9e-021
02620 243.0 009.4 0000.2 100 100 6.8e-021
02680 236.0 008.7 0000.0 100 100 5.5e-021
02740 236.0 008.8 0000.2 100 100 5.8e-021
02800 236.0 009.1 -000.0 100 100 9.4e-021
02860 235.0 009.4 -000.6 100 100 9.4e-021
02920 241.0 009.8 -000.1 100 100 1.1e-020
02980 243.0 009.4 0000.0 100 100 2.2e-020
03040 238.0 009.2 0000.1 100 100 1.5e-020
03100 242.0 013.5 0000.5 100 100 2.1e-020
03160 240.0 014.4 0000.5 100 100 2.1e-020
03220 240.0 016.0 0000.4 100 100 1.6e-020
03280 238.0 017.7 0000.4 100 100 6.8e-021
03340 239.0 016.0 0000.4 100 100 1.0e-020
03400 241.0 015.8 0000.6 100 100 1.2e-020
03460 239.0 016.5 0000.5 100 100 1.2e-020
03520 239.0 016.7 0000.3 100 100 1.3e-020
03580 239.0 016.4 0000.4 100 100 1.6e-020
03640 242.0 016.6 0000.6 100 100 1.4e-020
03700 243.0 016.9 0000.8 100 100 1.6e-020
03760 244.0 017.3 0000.8 100 100 1.1e-020
03820 239.0 014.3 0000.7 100 100 1.8e-020
03880 238.0 013.8 0000.5 100 100 3.8e-020
03940 237.0 014.3 0000.5 100 100 4.1e-020
04000 235.0 014.2 0000.3 100 100 5.0e-020
04060 235.0 013.8 0000.2 100 100 5.4e-020
04120 233.0 013.8 0000.4 100 100 3.2e-020
04180 227.0 011.9 0000.2 100 100 2.4e-020
04240 234.0 013.1 0000.3 100 100 1.3e-020
04300 235.0 013.4 -000.2 100 100 1.6e-020
04360 244.0 013.7 0000.0 100 100 8.1e-021
04420 252.0 011.6 0000.0 100 100 3.5e-021
04480 249.0 013.2 0000.0 100 100 8.1e-021
04540 258.0 012.6 0000.2 100 100 6.4e-021
04600 252.0 013.6 0000.0 100 100 4.7e-021
04660 256.0 014.0 0000.4 100 100 7.2e-021
04720 251.0 013.8 0000.3 100 100 1.4e-020
04780 248.0 013.8 0000.0 100 100 4.3e-021
04840 243.0 014.0 -001.3 100 100 6.3e-021
04900 ///// ///// 0000.3 000 000 5.4e-021
04960 ///// ///// 0000.0 000 000 1.6e-021
05020 ///// ///// 0000.6 000 000 8.1e-021
05080 ///// ///// 0000.0 000 000 4.5e-021
05140 ///// ///// 0000.5 000 000 6.5e-021
05200 ///// ///// 0000.7 000 000 7.3e-021
05260 ///// ///// 0000.0 000 000 1.2e-021
05320 ///// ///// 0001.2 000 000 1.5e-021
05380 ///// ///// 0000.0 000 000 3.0e-021
05440 ///// ///// 0000.0 000 000 1.1e-021
05500 ///// ///// -001.0 000 000 4.0e-021
05560 ///// ///// 0000.1 000 000 5.0e-021
05620 ///// ///// 0000.0 000 000 1.2e-021
05680 ///// ///// 0000.0 000 000 6.7e-022
05740 ///// ///// 0000.0 000 000 2.2e-021
05800 ///// ///// -000.4 000 000 5.0e-021
05860 ///// ///// 0000.0 000 000 3.2e-021
05920 ///// ///// 0000.0 000 000 5.3e-021
05980 ///// ///// 0000.0 000 000 6.8e-022
NNNN
