WNDROBS 01.20
57793 0114.3600 027.7900 00130.0 LC 20130629091500
ROBS
00100 087.0 004.8 0001.6 100 100 2.0e-021
00160 096.0 005.4 0001.8 100 100 4.8e-021
00220 078.0 004.7 0001.8 100 100 1.0e-021
00280 108.0 006.5 0000.0 100 100 4.1e-021
00340 116.0 005.3 0000.1 100 100 4.0e-021
00400 131.0 004.0 0000.1 100 100 5.7e-021
00460 145.0 004.3 -000.1 100 100 1.2e-020
00520 151.0 005.9 -000.1 100 100 2.8e-020
00580 156.0 007.7 -000.0 100 100 1.3e-019
00640 158.0 008.4 0000.0 100 100 3.2e-019
00700 166.0 008.6 0000.0 100 100 2.5e-019
00760 170.0 008.8 0000.2 100 100 1.1e-019
00820 169.0 008.3 0000.2 100 100 7.5e-020
00880 176.0 008.0 0000.3 100 100 1.6e-020
00940 195.0 005.5 0000.6 100 100 6.0e-021
01000 194.0 003.9 0000.5 100 100 9.1e-021
01060 197.0 004.4 0000.6 100 100 4.3e-021
01120 214.0 003.8 0000.6 100 100 7.1e-021
01180 219.0 004.0 0000.6 100 100 1.7e-020
01240 221.0 004.4 0000.4 100 100 2.0e-020
01300 218.0 005.1 0000.4 100 100 2.0e-020
01360 223.0 006.5 0000.4 100 100 5.3e-021
01420 223.0 009.7 0000.5 100 100 3.6e-021
01480 216.0 010.0 0000.2 100 100 5.6e-021
01540 216.0 009.9 0000.3 100 100 3.8e-021
01600 220.0 010.0 0000.6 100 100 7.0e-021
01660 227.0 010.6 0000.6 100 100 2.4e-020
01720 231.0 011.4 0000.4 100 100 2.3e-020
01780 231.0 012.4 0000.3 100 100 1.7e-020
01840 230.0 012.5 0000.2 100 100 1.9e-020
01900 231.0 012.0 0000.3 100 100 1.0e-020
01960 230.0 010.4 0000.3 100 100 5.6e-021
02020 231.0 010.2 0000.5 100 100 3.1e-021
02080 234.0 009.8 0000.3 100 100 2.3e-021
02140 233.0 009.8 0000.3 100 100 2.4e-021
02200 231.0 009.8 0000.3 100 100 1.9e-021
02260 229.0 010.1 0000.0 100 100 2.1e-021
02320 231.0 010.0 0000.0 100 100 3.0e-021
02380 229.0 010.0 0000.2 100 100 3.7e-021
02440 229.0 010.4 0000.1 100 100 7.2e-021
02500 228.0 010.4 0000.2 100 100 7.6e-021
02560 227.0 010.0 0000.2 100 100 9.0e-021
02620 227.0 010.2 0000.2 100 100 1.1e-020
02680 231.0 010.2 0000.0 100 100 1.3e-020
02740 234.0 010.2 0000.2 100 100 9.7e-021
02800 237.0 010.6 0000.1 100 100 9.1e-021
02860 237.0 011.7 0000.1 100 100 7.9e-021
02920 235.0 011.2 0000.1 100 100 6.3e-021
02980 232.0 011.7 0000.0 100 100 4.4e-021
03040 233.0 011.7 0000.0 100 100 4.7e-021
03100 230.0 012.3 0000.3 100 100 5.5e-021
03160 227.0 011.9 0000.5 100 100 6.1e-021
03220 228.0 010.5 0000.8 100 100 6.4e-021
03280 229.0 010.9 0000.2 100 100 1.0e-020
03340 230.0 011.5 0000.1 100 100 8.6e-021
03400 227.0 012.2 0000.0 100 100 8.1e-021
03460 228.0 011.9 0000.1 100 100 9.7e-021
03520 227.0 012.0 -000.1 100 100 1.1e-020
03580 230.0 012.0 0000.0 100 100 1.0e-020
03640 223.0 011.4 0000.5 100 100 7.4e-021
03700 223.0 012.1 0000.2 100 100 8.1e-021
03760 217.0 012.2 -000.1 100 100 1.1e-020
03820 213.0 013.1 0000.3 100 100 1.2e-020
03880 212.0 014.5 0000.8 100 100 1.4e-020
03940 212.0 015.3 0000.5 100 100 1.2e-020
04000 212.0 015.5 0000.8 100 100 1.1e-020
04060 212.0 015.8 0000.4 100 100 1.3e-020
04120 217.0 015.8 0001.0 100 100 9.8e-021
04180 215.0 015.3 0000.8 100 100 8.8e-021
04240 213.0 015.1 0001.0 100 100 8.2e-021
04300 212.0 015.7 0000.3 100 100 5.8e-021
04360 213.0 015.2 0000.5 100 100 7.8e-021
04420 215.0 014.7 0000.4 100 100 1.0e-020
04480 216.0 014.7 0000.0 100 100 6.9e-021
04540 223.0 013.7 0000.0 100 100 1.1e-020
04600 221.0 013.5 0000.0 100 100 7.0e-021
04660 228.0 013.7 -000.3 100 100 7.1e-021
04720 ///// ///// 0000.0 000 000 1.8e-021
04780 ///// ///// 0000.0 000 000 3.3e-021
04840 ///// ///// 0000.0 000 000 2.7e-021
04900 ///// ///// -001.0 000 000 3.7e-021
04960 ///// ///// 0000.0 000 000 2.3e-021
05020 ///// ///// 0002.4 000 000 3.7e-021
05080 ///// ///// 0000.0 000 000 3.3e-021
05140 ///// ///// 0000.0 000 000 2.8e-021
05200 ///// ///// 0000.0 000 000 1.4e-021
05260 ///// ///// -000.4 000 000 4.2e-021
05320 ///// ///// 0000.0 000 000 3.9e-021
05380 ///// ///// -001.1 000 000 4.9e-021
05440 ///// ///// 0000.0 000 000 4.3e-021
05500 ///// ///// -000.3 000 000 4.7e-021
05560 ///// ///// 0000.0 000 000 3.5e-021
05620 ///// ///// 0000.0 000 000 4.1e-021
05680 ///// ///// -000.0 000 000 4.0e-021
05740 ///// ///// 0000.7 000 000 5.3e-021
05800 ///// ///// 0000.0 000 000 5.3e-021
05860 ///// ///// 0000.0 000 000 1.5e-021
05920 ///// ///// 0000.0 000 000 5.5e-021
05980 ///// ///// 0000.0 000 000 1.5e-021
NNNN
