WNDROBS 01.20
57793 0114.3600 027.7900 00130.0 LC 20130629065500
ROBS
00100 137.0 002.2 0000.1 100 100 1.2e-021
00160 137.0 002.5 0000.1 100 100 2.5e-021
00220 128.0 002.3 0000.2 100 100 2.9e-021
00280 122.0 002.4 0000.4 100 100 3.0e-021
00340 096.0 003.2 0000.5 100 100 3.4e-021
00400 094.0 004.4 0001.8 100 100 2.7e-021
00460 088.0 003.9 0001.2 100 100 3.8e-021
00520 128.0 004.0 0001.3 100 100 7.6e-021
00580 143.0 003.5 0001.4 100 100 1.2e-020
00640 161.0 004.0 0001.5 100 100 8.9e-021
00700 162.0 006.1 0000.3 100 100 2.2e-020
00760 158.0 005.9 0000.3 100 100 5.2e-020
00820 175.0 005.1 0000.4 100 100 2.6e-020
00880 189.0 004.4 0001.1 100 100 1.2e-020
00940 200.0 003.4 0000.3 100 100 1.3e-020
01000 205.0 003.4 -000.1 100 100 2.6e-020
01060 197.0 002.9 0000.0 100 100 5.4e-021
01120 203.0 003.0 0000.2 100 100 8.0e-021
01180 221.0 003.6 0000.2 100 100 4.2e-021
01240 230.0 005.9 -000.0 100 100 7.8e-021
01300 234.0 006.9 0000.2 100 100 1.6e-020
01360 234.0 007.8 0000.2 100 100 8.1e-021
01420 231.0 008.6 0000.3 100 100 3.3e-021
01480 229.0 008.8 0000.1 100 100 2.9e-021
01540 227.0 009.3 -000.1 100 100 3.5e-021
01600 229.0 009.4 -000.0 100 100 4.3e-021
01660 232.0 009.7 0000.1 100 100 1.7e-020
01720 234.0 010.6 0000.2 100 100 5.1e-020
01780 237.0 011.4 0000.1 100 100 6.4e-020
01840 239.0 012.3 0000.0 100 100 5.3e-020
01900 242.0 012.0 -000.1 100 100 1.5e-020
01960 244.0 012.6 0000.1 100 100 6.8e-021
02020 246.0 014.1 0000.0 100 100 3.2e-021
02080 248.0 014.4 -000.0 100 100 4.6e-021
02140 252.0 014.2 0000.1 100 100 7.5e-021
02200 251.0 014.3 -000.0 100 100 4.5e-021
02260 247.0 014.3 0000.0 100 100 2.7e-021
02320 247.0 014.2 0000.2 100 100 3.3e-021
02380 249.0 014.6 0000.1 100 100 3.3e-021
02440 248.0 015.5 -000.2 100 100 2.9e-021
02500 260.0 012.3 -000.6 100 100 1.8e-021
02560 245.0 009.1 -000.4 100 100 2.0e-021
02620 244.0 010.5 0000.0 100 100 1.1e-021
02680 246.0 009.7 0000.0 100 100 1.9e-021
02740 242.0 007.7 -000.6 100 100 2.3e-021
02800 241.0 007.8 -000.5 100 100 2.4e-021
02860 241.0 007.9 0000.6 100 100 2.7e-021
02920 241.0 007.9 0000.3 100 100 3.1e-021
02980 ///// ///// -000.2 000 000 1.5e-021
03040 ///// ///// 0000.0 000 000 4.4e-022
03100 ///// ///// 0000.0 000 000 5.2e-022
03160 ///// ///// 0000.0 000 000 1.4e-021
03220 ///// ///// 0000.0 000 000 5.6e-022
03280 ///// ///// 0000.2 000 000 2.8e-022
03340 180.0 002.8 -001.2 100 100 7.9e-022
03400 179.0 003.6 0000.0 100 100 2.3e-022
03460 ///// ///// 0000.0 000 000 6.7e-022
03520 ///// ///// 0000.0 000 000 1.8e-021
03580 ///// ///// 0000.0 000 000 6.8e-022
03640 ///// ///// 0000.0 000 000 7.6e-022
03700 ///// ///// -001.3 000 000 2.2e-021
03760 ///// ///// 0000.0 000 000 1.6e-021
03820 ///// ///// 0000.0 000 000 1.9e-021
03880 ///// ///// 0000.6 000 000 9.0e-022
03940 ///// ///// 0000.0 000 000 5.4e-022
04000 ///// ///// -000.1 000 000 2.8e-021
04060 ///// ///// 0000.0 000 000 3.8e-022
04120 ///// ///// 0000.0 000 000 2.5e-021
04180 ///// ///// 0000.0 000 000 1.7e-021
04240 ///// ///// 0000.0 000 000 1.1e-021
04300 ///// ///// 0000.0 000 000 2.8e-021
04360 ///// ///// 0000.0 000 000 7.4e-022
04420 ///// ///// 0000.0 000 000 9.4e-022
04480 ///// ///// 0000.0 000 000 9.7e-022
04540 ///// ///// 0000.0 000 000 2.7e-021
04600 ///// ///// 0000.0 000 000 1.0e-021
04660 ///// ///// 0000.0 000 000 3.8e-021
04720 ///// ///// 0000.0 000 000 5.6e-022
04780 ///// ///// 0000.0 000 000 2.7e-021
04840 ///// ///// 0000.0 000 000 4.2e-021
04900 ///// ///// 0000.0 000 000 3.1e-021
04960 ///// ///// 0000.0 000 000 2.2e-021
05020 ///// ///// 0000.0 000 000 1.7e-021
05080 ///// ///// 0000.0 000 000 2.3e-021
05140 ///// ///// 0000.0 000 000 3.0e-021
05200 ///// ///// 0000.0 000 000 1.6e-021
05260 ///// ///// 0000.0 000 000 1.6e-021
05320 ///// ///// 0000.0 000 000 1.6e-021
05380 ///// ///// 0000.0 000 000 1.7e-021
05440 ///// ///// 0000.0 000 000 1.4e-021
05500 ///// ///// 0000.0 000 000 3.6e-021
05560 ///// ///// 0000.0 000 000 1.7e-021
05620 ///// ///// 0000.0 000 000 4.4e-021
05680 ///// ///// -000.9 000 000 3.0e-021
05740 ///// ///// 0000.0 000 000 4.0e-021
05800 ///// ///// 0001.3 000 000 5.2e-021
05860 ///// ///// -000.3 000 000 5.8e-021
05920 ///// ///// 0000.8 000 000 5.6e-021
05980 ///// ///// 0000.0 000 000 7.6e-021
NNNN
