WNDROBS 01.20
57793 0114.3600 027.7900 00130.0 LC 20130628000000
ROBS
00100 052.0 002.3 -000.6 100 100 1.0e-021
00160 110.0 003.8 -000.7 100 100 2.3e-021
00220 106.0 002.2 -000.3 100 100 2.6e-021
00280 154.0 002.8 -000.3 100 100 2.5e-021
00340 018.0 002.8 -000.3 100 100 2.6e-021
00400 359.0 002.5 -000.2 100 100 9.9e-021
00460 304.0 000.6 -000.5 100 100 2.9e-020
00520 302.0 001.0 -000.6 100 100 4.3e-020
00580 283.0 001.8 -000.2 100 100 6.3e-020
00640 246.0 002.6 -000.0 100 100 4.0e-020
00700 250.0 004.2 0000.0 100 100 7.3e-020
00760 247.0 005.2 -000.0 100 100 1.0e-019
00820 234.0 006.9 -000.1 100 100 1.5e-019
00880 229.0 007.9 -000.1 100 100 3.7e-020
00940 224.0 009.4 0000.3 100 100 2.8e-020
01000 223.0 010.4 0000.1 100 100 1.7e-020
01060 225.0 010.8 0000.1 100 100 5.1e-021
01120 225.0 012.1 0000.1 100 100 3.0e-021
01180 229.0 013.1 -000.0 100 100 2.1e-021
01240 229.0 013.6 0000.1 100 100 4.6e-021
01300 229.0 014.7 0000.1 100 100 6.4e-021
01360 229.0 015.5 -000.0 100 100 5.9e-021
01420 231.0 015.7 0000.0 100 100 7.9e-021
01480 234.0 016.3 0000.0 100 100 1.4e-020
01540 235.0 016.7 0000.0 100 100 1.5e-020
01600 237.0 017.7 0000.0 100 100 1.5e-020
01660 239.0 018.8 -000.2 100 100 1.1e-020
01720 241.0 018.6 -000.4 100 100 7.9e-021
01780 241.0 018.5 -000.3 100 100 3.8e-021
01840 242.0 017.7 -000.3 100 100 2.0e-021
01900 239.0 017.5 -000.6 100 100 2.1e-021
01960 237.0 017.3 0000.0 100 100 2.8e-021
02020 237.0 017.4 0000.1 100 100 2.4e-021
02080 238.0 017.5 0000.6 100 100 2.2e-021
02140 245.0 016.7 0000.4 100 100 2.3e-021
02200 243.0 015.8 -000.3 100 100 2.5e-021
02260 237.0 014.9 -000.3 100 100 1.6e-021
02320 235.0 013.2 -000.2 100 100 2.1e-021
02380 235.0 011.8 -000.0 100 100 3.3e-021
02440 238.0 012.4 -000.0 100 100 4.0e-021
02500 238.0 013.2 -000.2 100 100 4.3e-021
02560 239.0 013.7 0000.1 100 100 4.7e-021
02620 239.0 013.3 0000.3 100 100 8.7e-021
02680 239.0 013.1 0000.2 100 100 1.4e-020
02740 240.0 012.8 0000.2 100 100 1.7e-020
02800 238.0 012.8 0000.3 100 100 1.8e-020
02860 235.0 013.2 0000.3 100 100 1.3e-020
02920 236.0 013.3 0000.4 100 100 1.1e-020
02980 235.0 013.3 0000.2 100 100 1.3e-020
03040 237.0 013.8 -000.1 100 100 1.3e-020
03100 241.0 012.8 0000.0 100 100 5.7e-021
03160 238.0 013.4 0000.7 100 100 8.2e-021
03220 239.0 014.3 -000.0 100 100 4.7e-021
03280 245.0 015.5 -000.7 100 100 3.8e-021
03340 245.0 015.5 0000.0 100 100 3.6e-021
03400 242.0 013.6 0000.0 100 100 3.9e-021
03460 256.0 013.3 -001.2 100 100 2.4e-021
03520 254.0 013.1 0000.0 100 100 6.2e-022
03580 249.0 015.1 0000.0 100 100 1.6e-021
03640 244.0 013.2 0000.0 100 100 1.9e-021
03700 245.0 012.5 0000.2 100 100 2.6e-021
03760 250.0 013.0 -000.2 100 100 1.1e-021
03820 250.0 012.1 -000.3 100 100 4.2e-021
03880 244.0 012.9 -000.1 100 100 2.9e-021
03940 243.0 011.9 -000.1 100 100 1.1e-021
04000 241.0 012.2 0000.3 100 100 2.4e-021
04060 250.0 012.0 -000.2 100 100 2.5e-021
04120 251.0 011.0 0000.1 100 100 2.7e-021
04180 239.0 012.3 0000.2 100 100 2.9e-021
04240 237.0 012.2 0000.0 100 100 4.1e-021
04300 237.0 013.3 0000.0 100 100 3.7e-021
04360 238.0 014.7 0000.0 100 100 6.5e-021
04420 240.0 014.2 0000.1 100 100 3.0e-021
04480 ///// ///// -000.3 000 000 6.9e-022
04540 ///// ///// 0000.0 000 000 9.0e-022
04600 ///// ///// 0000.0 000 000 1.4e-021
04660 ///// ///// 0000.0 000 000 2.7e-021
04720 ///// ///// 0000.0 000 000 4.0e-022
04780 ///// ///// 0000.0 000 000 2.7e-021
04840 ///// ///// 0000.0 000 000 2.1e-021
04900 ///// ///// -000.1 000 000 3.7e-021
04960 ///// ///// 0000.0 000 000 3.7e-021
05020 ///// ///// 0000.0 000 000 1.2e-021
05080 ///// ///// 0000.0 000 000 3.6e-021
05140 ///// ///// 0000.0 000 000 3.3e-021
05200 ///// ///// 0000.0 000 000 3.3e-021
05260 ///// ///// 0000.0 000 000 1.3e-021
05320 ///// ///// 0000.0 000 000 3.2e-021
05380 ///// ///// 0000.0 000 000 1.7e-021
05440 ///// ///// 0000.0 000 000 4.1e-021
05500 ///// ///// 0000.0 000 000 4.2e-021
05560 ///// ///// 0000.0 000 000 1.4e-021
05620 ///// ///// 0000.0 000 000 5.1e-021
05680 ///// ///// -000.7 000 000 3.7e-021
05740 ///// ///// 0000.0 000 000 3.2e-021
05800 ///// ///// 0000.0 000 000 7.0e-022
05860 ///// ///// 0001.3 000 000 4.5e-021
05920 ///// ///// 0000.0 000 000 3.9e-021
05980 ///// ///// 0000.0 000 000 9.6e-022
NNNN
