WNDROBS 01.20
57793 0114.3600 027.7900 00130.0 LC 20130629075500
ROBS
00100 088.0 004.3 0001.6 100 100 2.0e-021
00160 086.0 004.8 0001.1 100 100 4.9e-021
00220 102.0 003.9 0000.1 100 100 4.2e-021
00280 101.0 004.3 0000.0 100 100 6.4e-021
00340 090.0 004.0 0000.0 100 100 7.1e-021
00400 088.0 004.4 -000.0 100 100 3.8e-021
00460 091.0 004.6 -000.1 100 100 3.2e-021
00520 098.0 005.0 -000.1 100 100 9.7e-021
00580 112.0 004.8 -000.2 100 100 1.2e-020
00640 123.0 005.9 -000.6 100 100 8.1e-021
00700 133.0 007.1 -000.5 100 100 3.1e-020
00760 149.0 006.2 -000.6 100 100 7.7e-020
00820 157.0 005.9 -000.6 100 100 1.3e-019
00880 173.0 004.8 -000.3 100 100 6.6e-020
00940 178.0 003.8 -000.3 100 100 6.2e-020
01000 194.0 003.3 -000.4 100 100 5.1e-020
01060 202.0 002.9 -000.2 100 100 1.7e-020
01120 207.0 002.6 -000.3 100 100 2.7e-020
01180 228.0 003.1 -000.2 100 100 2.2e-020
01240 236.0 003.8 0000.0 100 100 1.5e-020
01300 236.0 005.0 0000.1 100 100 1.4e-020
01360 231.0 005.8 -000.1 100 100 8.3e-021
01420 230.0 006.4 -000.1 100 100 1.4e-020
01480 227.0 007.2 0000.1 100 100 6.1e-021
01540 228.0 007.9 -000.2 100 100 3.1e-021
01600 226.0 008.4 -000.0 100 100 3.4e-021
01660 229.0 008.7 0000.0 100 100 8.1e-021
01720 230.0 009.8 -000.4 100 100 1.2e-020
01780 231.0 010.6 -000.3 100 100 5.3e-021
01840 230.0 010.4 -000.2 100 100 3.3e-021
01900 231.0 009.9 -000.3 100 100 3.9e-021
01960 234.0 010.9 -000.3 100 100 1.6e-020
02020 234.0 011.8 -000.2 100 100 1.2e-020
02080 236.0 012.4 -000.1 100 100 6.4e-021
02140 237.0 012.5 -000.2 100 100 6.8e-021
02200 238.0 012.9 -000.5 100 100 4.2e-021
02260 238.0 012.1 -000.3 100 100 3.0e-021
02320 234.0 011.0 -000.3 100 100 2.8e-021
02380 236.0 011.7 0000.0 100 100 3.0e-021
02440 239.0 010.6 -000.1 100 100 2.7e-021
02500 239.0 010.7 -000.1 100 100 4.8e-021
02560 239.0 010.8 -000.1 100 100 5.0e-021
02620 237.0 010.5 0000.1 100 100 6.0e-021
02680 238.0 011.3 0000.0 100 100 3.2e-021
02740 234.0 011.1 0000.0 100 100 3.8e-021
02800 235.0 011.0 0000.0 100 100 3.7e-021
02860 233.0 011.2 0000.1 100 100 5.5e-021
02920 238.0 010.8 0000.2 100 100 4.8e-021
02980 237.0 010.5 0000.0 100 100 3.7e-021
03040 240.0 010.4 0000.7 100 100 2.9e-021
03100 240.0 010.5 0000.0 100 100 1.2e-021
03160 240.0 010.7 0000.0 100 100 3.4e-021
03220 240.0 010.8 0000.0 100 100 3.2e-021
03280 ///// ///// 0000.0 000 000 2.4e-021
03340 ///// ///// 0000.0 000 000 2.3e-021
03400 ///// ///// 0000.0 000 000 1.8e-021
03460 ///// ///// 0000.0 000 000 8.6e-022
03520 ///// ///// 0000.0 000 000 5.5e-022
03580 ///// ///// -000.0 000 000 2.3e-021
03640 ///// ///// -000.2 000 000 3.1e-021
03700 ///// ///// -000.1 000 000 3.1e-021
03760 ///// ///// -000.1 000 000 4.2e-021
03820 ///// ///// 0000.0 000 000 2.8e-021
03880 ///// ///// 0000.0 000 000 8.4e-022
03940 ///// ///// 0000.0 000 000 2.7e-021
04000 ///// ///// 0000.0 000 000 3.2e-021
04060 ///// ///// -000.9 000 000 3.0e-021
04120 ///// ///// 0000.0 000 000 9.4e-022
04180 ///// ///// 0000.0 000 000 2.2e-021
04240 ///// ///// 0000.0 000 000 1.7e-021
04300 ///// ///// 0000.0 000 000 8.7e-022
04360 ///// ///// 0000.1 000 000 2.8e-021
04420 ///// ///// 0000.3 000 000 2.9e-021
04480 ///// ///// 0000.7 000 000 3.5e-021
04540 ///// ///// 0000.0 000 000 2.6e-021
04600 ///// ///// 0000.0 000 000 3.3e-021
04660 ///// ///// 0000.0 000 000 1.8e-021
04720 ///// ///// 0000.0 000 000 1.2e-021
04780 ///// ///// 0000.8 000 000 3.3e-021
04840 ///// ///// 0000.7 000 000 1.3e-021
04900 ///// ///// 0000.0 000 000 3.2e-021
04960 ///// ///// 0000.1 000 000 1.2e-021
05020 ///// ///// 0000.0 000 000 1.3e-021
05080 ///// ///// 0000.3 000 000 3.9e-021
05140 ///// ///// -000.7 000 000 3.6e-021
05200 ///// ///// 0000.0 000 000 4.4e-021
05260 ///// ///// -000.3 000 000 4.5e-021
05320 ///// ///// 0000.0 000 000 1.5e-021
05380 ///// ///// -000.0 000 000 2.4e-021
05440 ///// ///// -000.1 000 000 3.0e-021
05500 ///// ///// 0000.0 000 000 4.1e-021
05560 ///// ///// 0000.0 000 000 4.9e-021
05620 ///// ///// 0000.0 000 000 1.8e-021
05680 ///// ///// 0000.0 000 000 3.6e-021
05740 ///// ///// 0000.0 000 000 2.6e-021
05800 ///// ///// 0000.0 000 000 5.6e-021
05860 ///// ///// 0000.0 000 000 3.7e-021
05920 ///// ///// 0000.0 000 000 4.1e-021
05980 ///// ///// 0000.0 000 000 4.6e-021
NNNN
