WNDROBS 01.20
57793 0114.3600 027.7900 00130.0 LC 20130628024000
ROBS
00100 097.0 009.3 0001.5 100 100 4.8e-021
00160 100.0 011.2 0003.3 100 100 8.6e-020
00220 034.0 005.4 0003.0 100 100 1.2e-019
00280 035.0 005.4 0002.6 100 100 1.7e-019
00340 021.0 007.2 0002.5 100 100 2.2e-019
00400 017.0 004.8 0002.7 100 100 3.0e-019
00460 009.0 004.1 0002.7 100 100 3.7e-019
00520 091.0 000.5 0002.9 100 100 5.1e-019
00580 114.0 001.4 0002.8 100 100 6.1e-019
00640 031.0 003.5 0002.5 100 100 7.8e-019
00700 058.0 003.0 0002.4 100 100 8.6e-019
00760 083.0 002.6 0002.5 100 100 1.1e-018
00820 112.0 001.5 0002.9 100 100 1.3e-018
00880 132.0 000.8 0003.2 100 100 1.3e-018
00940 013.0 000.6 0003.2 100 100 1.6e-018
01000 305.0 001.2 0003.4 100 100 1.9e-018
01060 211.0 002.1 0003.1 100 100 3.6e-019
01120 267.0 002.1 0003.1 100 100 4.1e-019
01180 247.0 002.8 0003.1 100 100 4.8e-019
01240 243.0 003.5 0003.2 100 100 4.6e-019
01300 230.0 002.9 0003.1 100 100 3.5e-019
01360 239.0 004.5 0003.0 100 100 4.1e-019
01420 239.0 005.5 0003.2 100 100 3.6e-019
01480 241.0 006.4 0003.0 100 100 2.9e-019
01540 234.0 007.1 0003.0 100 100 2.5e-019
01600 234.0 008.1 0003.0 100 100 2.2e-019
01660 238.0 008.9 0002.9 100 100 1.9e-019
01720 238.0 008.1 0002.8 100 100 1.5e-019
01780 238.0 007.7 0002.7 100 100 1.4e-019
01840 229.0 006.4 0002.4 100 100 1.2e-019
01900 219.0 006.1 0002.1 100 100 1.1e-019
01960 220.0 006.7 0001.8 100 100 9.4e-020
02020 222.0 006.2 0001.7 100 100 8.3e-020
02080 230.0 006.0 0001.4 100 100 7.6e-020
02140 228.0 006.2 0000.9 100 100 6.4e-020
02200 229.0 005.9 0000.4 100 100 5.5e-020
02260 210.0 008.8 0000.5 100 100 5.3e-020
02320 209.0 009.8 0000.3 100 100 4.6e-020
02380 201.0 012.8 -000.1 100 100 3.7e-020
02440 204.0 012.5 -000.1 100 100 4.2e-020
02500 196.0 016.7 0000.2 100 100 3.4e-020
02560 197.0 016.1 0000.0 100 100 4.6e-020
02620 201.0 016.3 -000.1 100 100 4.2e-020
02680 202.0 015.2 -000.1 100 100 6.0e-020
02740 205.0 015.2 0000.1 100 100 4.0e-020
02800 204.0 015.7 0000.2 100 100 3.7e-020
02860 205.0 015.3 0000.7 100 100 3.8e-020
02920 211.0 013.5 0000.5 100 100 9.9e-020
02980 211.0 012.0 0000.3 100 100 1.2e-019
03040 212.0 011.9 0000.3 100 100 1.1e-019
03100 215.0 012.0 0000.5 100 100 8.8e-020
03160 221.0 011.7 0000.0 100 100 1.3e-020
03220 224.0 012.2 0000.0 100 100 3.2e-020
03280 228.0 012.7 0000.0 100 100 2.2e-020
03340 231.0 012.7 0000.0 100 100 1.7e-020
03400 242.0 011.6 0000.0 100 100 1.2e-020
03460 235.0 012.8 -001.1 100 100 2.0e-020
03520 237.0 012.7 0000.0 100 100 1.1e-020
03580 237.0 012.7 0000.3 100 100 2.0e-020
03640 238.0 012.6 0000.0 100 100 1.9e-020
03700 230.0 010.2 0000.0 100 100 8.4e-021
03760 215.0 013.6 0001.2 100 100 1.1e-020
03820 216.0 013.3 0001.2 100 100 1.3e-020
03880 218.0 012.7 0001.0 100 100 1.1e-020
03940 ///// ///// 0000.7 000 000 8.9e-021
04000 235.0 011.2 0000.7 100 100 1.4e-020
04060 252.0 020.0 0000.8 100 100 1.2e-020
04120 249.0 017.6 0001.0 100 100 1.3e-020
04180 249.0 020.8 0001.5 100 100 1.4e-020
04240 250.0 020.9 0001.3 100 100 1.8e-020
04300 247.0 021.3 0001.1 100 100 2.3e-020
04360 247.0 020.7 0000.6 100 100 2.7e-020
04420 246.0 020.2 0000.7 100 100 2.6e-020
04480 248.0 019.7 0000.3 100 100 2.9e-020
04540 246.0 019.4 0000.5 100 100 1.4e-020
04600 248.0 017.0 0000.3 100 100 1.6e-020
04660 242.0 016.9 0000.3 100 100 1.4e-020
04720 244.0 019.5 0000.6 100 100 1.0e-020
04780 ///// ///// 0000.0 000 000 3.2e-021
04840 ///// ///// 0000.0 000 000 4.3e-021
04900 ///// ///// 0000.0 000 000 4.5e-021
04960 ///// ///// -000.4 000 000 5.3e-021
05020 ///// ///// 0000.0 000 000 5.7e-021
05080 ///// ///// -000.1 000 000 2.2e-021
05140 ///// ///// 0000.2 000 000 4.5e-021
05200 ///// ///// 0000.0 000 000 3.0e-021
05260 ///// ///// 0000.0 000 000 4.5e-021
05320 ///// ///// 0000.0 000 000 2.4e-021
05380 ///// ///// -000.2 000 000 5.8e-021
05440 ///// ///// -001.3 000 000 4.1e-021
05500 ///// ///// 0000.0 000 000 3.3e-021
05560 ///// ///// 0000.0 000 000 1.8e-021
05620 ///// ///// 0000.0 000 000 5.2e-021
05680 ///// ///// 0000.0 000 000 6.1e-022
05740 ///// ///// 0001.4 000 000 4.0e-021
05800 ///// ///// 0000.0 000 000 2.6e-021
05860 ///// ///// 0000.0 000 000 5.1e-021
05920 ///// ///// 0000.0 000 000 4.0e-021
05980 ///// ///// 0000.0 000 000 1.2e-021
NNNN
