WNDROBS 01.20
57793 0114.3600 027.7900 00130.0 LC 20130629205500
ROBS
00100 087.0 003.9 0001.9 100 100 4.2e-021
00160 087.0 004.3 0002.1 100 100 9.1e-021
00220 164.0 003.5 0002.1 100 100 3.7e-021
00280 129.0 003.3 -000.0 100 100 8.2e-021
00340 137.0 003.1 0000.1 100 100 1.3e-020
00400 137.0 003.4 0000.0 100 100 1.5e-020
00460 155.0 003.7 -000.0 100 100 1.7e-020
00520 163.0 006.0 -000.1 100 100 8.3e-020
00580 167.0 007.4 -000.1 100 100 7.5e-020
00640 175.0 007.7 -000.1 100 100 9.9e-020
00700 184.0 006.6 -000.1 100 100 1.0e-019
00760 192.0 005.0 -000.1 100 100 4.7e-020
00820 210.0 002.7 -000.2 100 100 3.0e-020
00880 226.0 002.0 -000.1 100 100 3.3e-020
00940 201.0 003.0 -000.2 100 100 1.1e-020
01000 221.0 008.1 0000.1 100 100 6.8e-021
01060 218.0 003.9 0000.1 100 100 3.3e-021
01120 220.0 004.5 0000.0 100 100 1.8e-021
01180 224.0 004.7 -000.1 100 100 1.1e-021
01240 228.0 004.6 -000.1 100 100 1.7e-021
01300 225.0 005.2 -000.1 100 100 1.4e-021
01360 226.0 006.1 -000.1 100 100 1.7e-021
01420 220.0 006.8 -000.2 100 100 3.6e-021
01480 221.0 008.5 0001.7 100 100 2.8e-021
01540 223.0 009.3 -000.1 100 100 3.0e-021
01600 223.0 010.1 -000.1 100 100 3.0e-021
01660 226.0 011.0 0000.1 100 100 2.3e-021
01720 228.0 012.5 0000.0 100 100 4.0e-021
01780 230.0 012.5 0000.1 100 100 3.0e-021
01840 230.0 012.6 0000.2 100 100 1.8e-021
01900 229.0 011.9 0000.0 100 100 2.5e-021
01960 235.0 011.2 0000.3 100 100 1.7e-021
02020 226.0 012.7 0000.2 100 100 2.3e-021
02080 228.0 012.4 -000.1 100 100 2.3e-021
02140 243.0 010.8 0000.0 100 100 2.1e-021
02200 226.0 005.9 -000.1 100 100 1.8e-021
02260 214.0 008.5 -000.1 100 100 1.6e-021
02320 210.0 008.7 0000.0 100 100 2.3e-021
02380 202.0 008.9 0000.0 100 100 2.0e-021
02440 205.0 008.1 0000.0 100 100 2.9e-021
02500 198.0 007.7 -000.3 100 100 4.5e-021
02560 204.0 008.2 0000.1 100 100 4.0e-021
02620 196.0 007.8 -000.5 100 100 4.6e-021
02680 213.0 008.3 0000.0 100 100 3.2e-021
02740 214.0 008.2 0000.0 100 100 1.2e-021
02800 214.0 008.5 0000.0 100 100 3.1e-021
02860 211.0 008.5 0000.2 100 100 6.6e-021
02920 211.0 008.6 0000.3 100 100 4.4e-021
02980 208.0 008.7 0000.0 100 100 1.8e-021
03040 210.0 009.4 0000.0 100 100 4.2e-021
03100 208.0 008.3 0000.0 100 100 1.7e-021
03160 208.0 008.8 0000.0 100 100 3.7e-021
03220 210.0 009.1 0000.0 100 100 3.9e-021
03280 192.0 007.9 0000.5 100 100 3.8e-021
03340 211.0 009.3 -000.6 100 100 4.9e-021
03400 211.0 009.4 0000.0 100 100 1.7e-021
03460 213.0 009.0 0000.1 100 100 2.6e-021
03520 214.0 008.9 0000.0 100 100 2.1e-021
03580 217.0 009.5 0000.0 100 100 2.2e-021
03640 196.0 007.0 0000.0 100 100 1.9e-021
03700 228.0 010.2 0000.0 100 100 3.2e-021
03760 226.0 010.7 0000.0 100 100 1.3e-021
03820 211.0 009.6 0000.0 100 100 3.3e-021
03880 266.0 007.3 0000.0 100 100 2.2e-021
03940 220.0 008.5 0000.0 100 100 2.1e-021
04000 195.0 007.8 -000.5 100 100 2.3e-021
04060 181.0 010.2 0000.1 100 100 4.4e-021
04120 213.0 008.5 0000.3 100 100 5.5e-021
04180 219.0 009.0 -000.0 100 100 7.4e-021
04240 231.0 011.3 0000.0 100 100 7.3e-021
04300 230.0 011.6 0000.1 100 100 6.1e-021
04360 226.0 010.8 0000.0 100 100 2.6e-021
04420 223.0 011.1 -000.1 100 100 8.1e-021
04480 227.0 012.4 0000.0 100 100 4.0e-021
04540 230.0 012.7 -001.2 100 100 2.2e-021
04600 231.0 012.1 -000.2 100 100 7.0e-021
04660 232.0 012.5 -000.0 100 100 7.2e-021
04720 240.0 012.5 0000.0 100 100 4.9e-021
04780 ///// ///// 0000.0 000 000 3.0e-021
04840 ///// ///// 0000.0 000 000 2.8e-021
04900 ///// ///// 0000.0 000 000 1.7e-021
04960 ///// ///// -000.2 000 000 4.0e-021
05020 ///// ///// 0000.0 000 000 2.8e-021
05080 ///// ///// 0000.0 000 000 2.9e-021
05140 ///// ///// 0000.0 000 000 3.0e-021
05200 ///// ///// 0000.0 000 000 3.9e-021
05260 ///// ///// 0000.0 000 000 1.8e-021
05320 ///// ///// 0000.3 000 000 4.4e-021
05380 ///// ///// 0000.0 000 000 3.8e-021
05440 ///// ///// 0000.0 000 000 5.1e-021
05500 ///// ///// 0000.9 000 000 6.5e-022
05560 ///// ///// 0000.0 000 000 3.4e-021
05620 ///// ///// 0000.0 000 000 1.4e-021
05680 ///// ///// 0000.1 000 000 3.9e-021
05740 ///// ///// 0001.1 000 000 4.8e-021
05800 ///// ///// 0000.0 000 000 2.0e-021
05860 ///// ///// 0000.0 000 000 4.0e-021
05920 ///// ///// 0000.0 000 000 4.1e-021
05980 ///// ///// 0000.0 000 000 2.6e-021
NNNN
