WNDROBS 01.20
57793 0114.3600 027.7900 00130.0 LC 20130629185500
ROBS
00100 092.0 004.8 0002.0 100 100 3.6e-021
00160 092.0 005.3 0002.0 100 100 8.0e-021
00220 127.0 004.5 0002.0 100 100 3.5e-021
00280 109.0 003.2 0000.1 100 100 1.1e-020
00340 122.0 002.3 0000.3 100 100 8.4e-021
00400 138.0 002.7 0000.2 100 100 1.4e-020
00460 158.0 004.6 0000.2 100 100 3.9e-020
00520 163.0 005.8 0000.3 100 100 6.8e-020
00580 161.0 007.4 0000.4 100 100 1.6e-019
00640 176.0 007.5 0000.3 100 100 1.6e-019
00700 184.0 007.3 0000.2 100 100 7.9e-020
00760 188.0 006.0 0000.2 100 100 3.2e-020
00820 202.0 004.3 0000.2 100 100 2.5e-020
00880 196.0 002.8 -001.8 100 100 3.6e-020
00940 210.0 003.4 -001.5 100 100 1.9e-020
01000 215.0 004.0 0000.0 100 100 7.7e-021
01060 222.0 003.8 0000.1 100 100 2.6e-021
01120 224.0 003.8 0000.1 100 100 1.3e-021
01180 233.0 006.0 -000.2 100 100 1.5e-021
01240 222.0 005.5 0000.0 100 100 1.5e-021
01300 213.0 004.9 0000.0 100 100 7.1e-022
01360 220.0 005.6 -000.1 100 100 1.5e-021
01420 202.0 004.9 -000.1 100 100 1.4e-021
01480 209.0 006.7 -000.1 100 100 2.6e-021
01540 207.0 006.9 -000.0 100 100 5.3e-021
01600 207.0 007.9 0000.0 100 100 4.4e-021
01660 215.0 008.7 -000.2 100 100 3.9e-021
01720 223.0 009.8 0000.0 100 100 3.5e-021
01780 225.0 010.1 0000.2 100 100 2.6e-021
01840 225.0 010.0 -000.2 100 100 2.6e-021
01900 227.0 011.0 -000.4 100 100 2.9e-021
01960 224.0 011.6 -000.2 100 100 3.2e-021
02020 229.0 010.2 -000.3 100 100 3.1e-021
02080 225.0 010.3 -000.2 100 100 2.2e-021
02140 218.0 010.8 -000.3 100 100 2.1e-021
02200 226.0 009.5 -000.4 100 100 2.1e-021
02260 224.0 009.6 -000.4 100 100 3.0e-021
02320 224.0 009.6 -000.6 100 100 2.4e-021
02380 225.0 009.5 0000.0 100 100 3.0e-021
02440 224.0 009.5 0000.0 100 100 3.2e-021
02500 225.0 009.4 -009.1 100 100 3.6e-021
02560 220.0 007.3 0000.0 100 100 7.2e-022
02620 220.0 007.4 -000.1 100 100 2.5e-021
02680 230.0 008.9 -000.1 100 100 3.9e-021
02740 232.0 009.3 0000.0 100 100 1.6e-021
02800 231.0 008.6 0000.0 100 100 3.7e-021
02860 231.0 008.6 0000.0 100 100 2.9e-021
02920 236.0 008.0 0000.0 100 100 2.6e-021
02980 229.0 008.9 0000.0 100 100 3.5e-021
03040 235.0 008.3 0000.0 100 100 4.0e-021
03100 227.0 007.4 0000.0 100 100 3.5e-021
03160 231.0 007.4 -000.1 100 100 3.4e-021
03220 216.0 005.6 0000.9 100 100 3.0e-021
03280 217.0 005.7 0000.3 100 100 3.0e-021
03340 206.0 007.5 -000.2 100 100 3.7e-021
03400 201.0 007.3 0000.2 100 100 3.9e-021
03460 203.0 009.1 0000.2 100 100 3.3e-021
03520 195.0 008.5 0000.0 100 100 3.0e-021
03580 204.0 008.9 0000.0 100 100 4.2e-021
03640 198.0 009.0 0000.0 100 100 4.9e-021
03700 201.0 008.6 0000.3 100 100 1.7e-021
03760 198.0 008.8 0000.1 100 100 3.7e-021
03820 193.0 008.4 0000.0 100 100 1.7e-021
03880 195.0 008.6 0000.2 100 100 5.0e-021
03940 199.0 008.9 -000.1 100 100 2.9e-021
04000 202.0 009.9 -000.1 100 100 1.7e-020
04060 199.0 010.3 0000.0 100 100 2.3e-020
04120 200.0 011.3 0000.0 100 100 1.0e-020
04180 ///// ///// 0000.0 000 000 1.1e-021
04240 ///// ///// 0000.0 000 000 1.2e-022
04300 ///// ///// 0000.0 000 000 2.2e-021
04360 ///// ///// 0000.0 000 000 2.8e-021
04420 ///// ///// 0000.0 000 000 3.0e-021
04480 ///// ///// 0000.5 000 000 2.5e-021
04540 ///// ///// 0000.0 000 000 1.2e-021
04600 ///// ///// 0000.0 000 000 2.3e-021
04660 ///// ///// 0000.0 000 000 2.7e-021
04720 ///// ///// 0000.4 000 000 2.2e-021
04780 ///// ///// 0000.8 000 000 3.7e-021
04840 ///// ///// 0000.0 000 000 1.9e-021
04900 ///// ///// 0000.0 000 000 2.9e-021
04960 ///// ///// 0000.0 000 000 1.1e-021
05020 ///// ///// 0000.0 000 000 1.8e-021
05080 ///// ///// 0000.0 000 000 1.1e-021
05140 234.0 005.5 0000.0 100 100 2.1e-021
05200 233.0 005.7 0000.0 100 100 4.3e-021
05260 235.0 005.0 0000.3 100 100 5.0e-021
05320 222.0 004.9 0000.0 100 100 5.4e-021
05380 ///// ///// 0000.1 000 000 5.4e-021
05440 231.0 004.8 0000.3 100 100 5.9e-021
05500 ///// ///// 0000.0 000 000 3.5e-021
05560 ///// ///// 0000.0 000 000 6.4e-021
05620 ///// ///// 0000.0 000 000 7.1e-021
05680 ///// ///// -000.1 000 000 6.4e-021
05740 ///// ///// 0000.0 000 000 2.4e-021
05800 ///// ///// 0000.0 000 000 5.0e-021
05860 ///// ///// 0000.0 000 000 3.6e-021
05920 ///// ///// 0000.0 000 000 5.8e-021
05980 ///// ///// 0000.0 000 000 2.2e-021
NNNN
