WNDROBS 01.20
57793 0114.3600 027.7900 00130.0 LC 20130629183000
ROBS
00100 089.0 003.8 -000.2 100 100 5.2e-021
00160 089.0 004.3 -000.3 100 100 1.1e-020
00220 093.0 004.0 -000.3 100 100 1.3e-020
00280 103.0 004.1 -000.3 100 100 1.6e-020
00340 124.0 004.4 -000.2 100 100 7.9e-021
00400 128.0 004.4 -000.1 100 100 1.1e-020
00460 149.0 004.5 -000.1 100 100 3.2e-020
00520 162.0 006.4 -000.1 100 100 4.1e-020
00580 166.0 007.2 -000.4 100 100 9.4e-020
00640 167.0 007.8 -000.5 100 100 5.2e-020
00700 191.0 008.3 -000.6 100 100 2.9e-020
00760 179.0 007.3 -000.6 100 100 1.1e-019
00820 188.0 006.0 -000.5 100 100 6.2e-020
00880 191.0 005.5 -000.5 100 100 2.5e-020
00940 197.0 004.8 0000.2 100 100 1.7e-020
01000 199.0 004.8 0000.3 100 100 1.0e-020
01060 204.0 004.0 0000.3 100 100 7.5e-021
01120 218.0 003.2 0000.4 100 100 9.8e-021
01180 227.0 003.5 0000.3 100 100 9.1e-021
01240 227.0 003.7 0000.2 100 100 6.4e-021
01300 233.0 004.4 0000.2 100 100 1.9e-021
01360 219.0 004.6 -000.4 100 100 1.3e-021
01420 225.0 005.5 0000.1 100 100 3.4e-021
01480 215.0 005.6 0000.1 100 100 3.3e-021
01540 214.0 006.1 0000.1 100 100 7.8e-021
01600 209.0 007.8 0000.4 100 100 1.1e-020
01660 214.0 008.4 0000.3 100 100 1.5e-020
01720 218.0 009.1 0000.3 100 100 1.9e-020
01780 220.0 009.7 0000.3 100 100 1.6e-020
01840 223.0 010.5 0000.0 100 100 1.2e-020
01900 229.0 010.9 0000.1 100 100 5.5e-021
01960 234.0 011.9 0001.2 100 100 3.2e-021
02020 228.0 012.3 -000.1 100 100 3.5e-021
02080 229.0 011.1 -000.2 100 100 2.9e-021
02140 229.0 010.7 -000.3 100 100 3.1e-021
02200 232.0 011.1 0000.0 100 100 1.8e-021
02260 226.0 009.1 0000.0 100 100 6.0e-022
02320 222.0 009.8 0000.0 100 100 1.7e-021
02380 230.0 008.8 -000.4 100 100 1.6e-021
02440 227.0 009.1 0000.3 100 100 1.8e-021
02500 234.0 008.1 0000.2 100 100 2.2e-021
02560 235.0 008.3 0000.0 100 100 3.1e-021
02620 237.0 008.2 0000.2 100 100 5.9e-021
02680 234.0 008.5 0000.2 100 100 3.9e-021
02740 235.0 007.7 0000.2 100 100 5.1e-021
02800 233.0 008.0 0000.1 100 100 5.0e-021
02860 230.0 006.8 0000.0 100 100 5.9e-022
02920 223.0 007.2 0000.0 100 100 2.2e-021
02980 213.0 006.0 0000.0 100 100 1.4e-021
03040 211.0 006.3 -000.0 100 100 1.8e-021
03100 198.0 005.1 -000.4 100 100 2.5e-021
03160 206.0 007.1 0000.0 100 100 1.2e-021
03220 208.0 007.2 0000.0 100 100 2.9e-021
03280 211.0 007.9 0000.0 100 100 8.0e-022
03340 212.0 007.8 0000.0 100 100 2.0e-021
03400 216.0 006.9 0000.2 100 100 4.0e-021
03460 215.0 006.9 -000.0 100 100 4.3e-021
03520 211.0 007.1 0000.2 100 100 3.7e-021
03580 211.0 007.2 0000.6 100 100 1.3e-021
03640 213.0 006.9 0000.9 100 100 3.7e-021
03700 208.0 006.5 0000.3 100 100 4.5e-021
03760 204.0 007.2 0000.2 100 100 7.6e-021
03820 213.0 006.6 0000.3 100 100 5.4e-021
03880 203.0 008.3 0000.2 100 100 1.6e-020
03940 205.0 008.8 0000.4 100 100 1.7e-020
04000 204.0 009.4 0000.0 100 100 8.8e-021
04060 204.0 009.0 0000.2 100 100 4.7e-021
04120 197.0 010.4 0000.0 100 100 3.7e-021
04180 ///// ///// 0000.0 000 000 1.1e-021
04240 ///// ///// 0000.0 000 000 4.6e-022
04300 ///// ///// 0000.0 000 000 2.2e-021
04360 ///// ///// 0000.2 000 000 2.5e-021
04420 ///// ///// 0000.0 000 000 3.1e-021
04480 ///// ///// -000.4 000 000 4.0e-021
04540 ///// ///// 0000.0 000 000 1.9e-021
04600 ///// ///// 0000.0 000 000 1.1e-021
04660 ///// ///// 0000.0 000 000 9.6e-022
04720 ///// ///// -001.3 000 000 3.3e-021
04780 ///// ///// 0000.4 000 000 1.5e-021
04840 ///// ///// 0000.0 000 000 1.4e-021
04900 ///// ///// 0000.0 000 000 4.7e-021
04960 165.0 010.1 0000.2 100 100 1.2e-021
05020 204.0 010.2 0000.3 100 100 4.3e-021
05080 217.0 008.6 0000.3 100 100 5.7e-021
05140 203.0 006.2 0000.2 100 100 6.3e-021
05200 227.0 006.8 0000.3 100 100 5.2e-021
05260 230.0 006.5 0000.3 100 100 5.2e-021
05320 224.0 006.6 -000.1 100 100 5.5e-021
05380 226.0 006.4 0000.8 100 100 2.3e-021
05440 221.0 006.5 0000.0 100 100 5.5e-021
05500 ///// ///// 0000.0 000 000 5.2e-021
05560 ///// ///// 0000.0 000 000 2.5e-021
05620 ///// ///// 0000.0 000 000 4.7e-021
05680 ///// ///// 0000.0 000 000 4.5e-021
05740 ///// ///// 0000.0 000 000 4.1e-021
05800 ///// ///// 0000.0 000 000 3.7e-021
05860 ///// ///// 0000.0 000 000 2.5e-021
05920 ///// ///// 0000.0 000 000 2.9e-021
05980 ///// ///// 0000.0 000 000 4.4e-021
NNNN
