WNDROBS 01.20
57793 0114.3600 027.7900 00130.0 LC 20130628013500
ROBS
00100 324.0 005.2 -000.0 100 100 1.8e-020
00160 357.0 005.4 -000.6 100 100 7.8e-020
00220 353.0 005.3 0000.2 100 100 8.4e-020
00280 324.0 004.9 -000.1 100 100 4.3e-020
00340 015.0 004.7 -000.1 100 100 5.2e-020
00400 022.0 003.9 -000.1 100 100 9.8e-020
00460 021.0 003.4 0000.0 100 100 5.3e-020
00520 061.0 002.3 -000.2 100 100 3.8e-020
00580 058.0 001.4 -000.5 100 100 7.3e-020
00640 266.0 000.9 -000.6 100 100 5.5e-020
00700 226.0 001.6 -000.8 100 100 4.3e-020
00760 243.0 001.0 -000.2 100 100 4.5e-020
00820 240.0 001.6 -000.3 100 100 4.1e-020
00880 230.0 001.6 -000.2 100 100 3.6e-020
00940 219.0 003.0 -000.2 100 100 6.6e-020
01000 214.0 004.2 -000.2 100 100 6.0e-020
01060 226.0 004.8 -000.1 100 100 2.0e-020
01120 226.0 005.9 0000.3 100 100 2.0e-020
01180 227.0 007.2 0000.2 100 100 2.0e-020
01240 223.0 009.0 0000.2 100 100 1.5e-020
01300 227.0 009.7 0000.3 100 100 1.1e-020
01360 228.0 010.4 0000.3 100 100 5.3e-021
01420 226.0 010.8 0000.1 100 100 3.1e-021
01480 229.0 012.5 0000.5 100 100 3.6e-021
01540 228.0 013.2 0000.3 100 100 4.8e-021
01600 230.0 013.8 0000.5 100 100 5.4e-021
01660 230.0 014.1 0000.4 100 100 4.8e-021
01720 233.0 014.8 0000.2 100 100 3.7e-021
01780 234.0 014.7 0000.1 100 100 2.6e-021
01840 232.0 014.3 0000.4 100 100 2.5e-021
01900 232.0 014.4 -000.1 100 100 2.5e-021
01960 230.0 014.6 -000.0 100 100 2.5e-021
02020 234.0 014.3 0000.2 100 100 4.1e-021
02080 234.0 014.2 0000.1 100 100 6.9e-021
02140 238.0 015.3 0000.0 100 100 9.0e-021
02200 236.0 014.7 0000.1 100 100 1.0e-020
02260 236.0 014.5 0000.2 100 100 5.8e-021
02320 240.0 013.9 0000.2 100 100 4.1e-021
02380 235.0 013.2 0000.6 100 100 1.2e-021
02440 236.0 013.8 0000.4 100 100 3.6e-021
02500 237.0 014.1 0000.3 100 100 3.0e-021
02560 230.0 012.6 0000.5 100 100 4.2e-021
02620 230.0 012.1 0000.3 100 100 7.7e-021
02680 230.0 012.4 0000.1 100 100 6.1e-021
02740 228.0 011.5 -000.0 100 100 4.7e-021
02800 229.0 012.6 -000.1 100 100 6.4e-021
02860 229.0 012.0 0000.0 100 100 3.1e-021
02920 231.0 011.9 0000.0 100 100 3.1e-021
02980 229.0 011.9 -000.6 100 100 1.1e-021
03040 225.0 012.7 0000.7 100 100 3.8e-021
03100 232.0 011.7 0000.0 100 100 3.2e-021
03160 232.0 011.8 0000.1 100 100 4.4e-021
03220 225.0 010.1 0000.3 100 100 2.9e-021
03280 178.0 006.8 0000.0 100 100 1.9e-021
03340 216.0 008.4 0000.3 100 100 4.3e-021
03400 222.0 010.2 0000.0 100 100 2.4e-021
03460 228.0 011.2 0000.0 100 100 5.6e-021
03520 235.0 013.2 0000.0 100 100 5.9e-021
03580 238.0 013.4 0000.0 100 100 1.5e-021
03640 ///// ///// 0000.0 000 000 2.2e-021
03700 ///// ///// 0000.0 000 000 3.3e-021
03760 231.0 009.2 0000.0 100 100 2.6e-021
03820 241.0 012.4 0000.0 100 100 2.2e-021
03880 222.0 006.2 0000.0 100 100 2.3e-021
03940 ///// ///// -000.6 000 000 2.3e-021
04000 ///// ///// -000.2 000 000 2.8e-021
04060 ///// ///// 0000.2 000 000 5.1e-022
04120 ///// ///// 0000.0 000 000 1.0e-021
04180 ///// ///// 0000.0 000 000 1.3e-021
04240 ///// ///// 0000.0 000 000 2.3e-022
04300 ///// ///// 0000.2 000 000 3.1e-021
04360 ///// ///// 0000.0 000 000 8.9e-022
04420 ///// ///// 0000.0 000 000 2.2e-021
04480 ///// ///// 0001.4 000 000 3.0e-021
04540 ///// ///// 0000.0 000 000 1.8e-021
04600 ///// ///// 0000.0 000 000 3.3e-021
04660 ///// ///// 0000.0 000 000 1.4e-021
04720 ///// ///// 0000.0 000 000 1.1e-021
04780 ///// ///// -001.1 000 000 3.2e-021
04840 ///// ///// 0000.0 000 000 3.3e-021
04900 ///// ///// 0000.0 000 000 1.5e-021
04960 ///// ///// 0000.0 000 000 1.2e-021
05020 ///// ///// 0000.0 000 000 5.2e-021
05080 ///// ///// 0000.0 000 000 2.9e-021
05140 ///// ///// 0000.0 000 000 2.7e-021
05200 ///// ///// 0000.0 000 000 6.8e-022
05260 ///// ///// -000.1 000 000 5.0e-021
05320 ///// ///// 0000.0 000 000 4.7e-021
05380 ///// ///// 0000.0 000 000 3.8e-021
05440 ///// ///// -000.0 000 000 4.3e-021
05500 ///// ///// 0000.0 000 000 1.5e-021
05560 ///// ///// 0000.0 000 000 3.8e-021
05620 ///// ///// 0000.0 000 000 6.9e-021
05680 ///// ///// 0000.0 000 000 1.3e-021
05740 ///// ///// 0000.0 000 000 5.1e-021
05800 ///// ///// 0000.0 000 000 8.2e-022
05860 ///// ///// 0000.0 000 000 1.8e-021
05920 ///// ///// 0000.0 000 000 5.1e-021
05980 ///// ///// 0000.0 000 000 1.4e-021
NNNN
