WNDROBS 01.20
57793 0114.3600 027.7900 00130.0 LC 20130629175500
ROBS
00100 114.0 003.0 -000.2 100 100 4.2e-021
00160 114.0 003.3 -000.2 100 100 9.1e-021
00220 131.0 004.0 -000.3 100 100 7.6e-021
00280 108.0 003.5 -000.3 100 100 9.1e-021
00340 117.0 004.5 0000.0 100 100 7.3e-021
00400 121.0 004.3 -000.1 100 100 1.0e-020
00460 140.0 004.6 0000.0 100 100 1.1e-020
00520 155.0 007.0 0000.1 100 100 3.0e-020
00580 164.0 007.6 -000.1 100 100 5.9e-020
00640 171.0 008.1 -000.2 100 100 8.7e-020
00700 176.0 009.0 -000.3 100 100 9.2e-020
00760 181.0 009.0 -000.3 100 100 1.7e-019
00820 184.0 008.5 -000.5 100 100 1.5e-019
00880 183.0 007.0 -000.4 100 100 9.6e-020
00940 191.0 006.4 0000.3 100 100 3.8e-020
01000 198.0 005.0 0000.3 100 100 2.3e-020
01060 200.0 005.4 -000.2 100 100 1.6e-020
01120 208.0 004.0 -000.2 100 100 1.4e-020
01180 208.0 004.6 -000.2 100 100 8.9e-021
01240 211.0 005.0 -000.4 100 100 2.5e-021
01300 212.0 005.5 -000.2 100 100 1.8e-021
01360 214.0 006.5 -000.2 100 100 2.9e-021
01420 221.0 006.6 -000.1 100 100 5.6e-021
01480 215.0 007.2 -000.2 100 100 4.5e-021
01540 218.0 008.0 -000.2 100 100 4.3e-021
01600 223.0 008.5 -000.2 100 100 3.8e-021
01660 220.0 010.5 -000.3 100 100 3.1e-021
01720 226.0 010.2 -000.1 100 100 2.8e-021
01780 237.0 012.2 -000.4 100 100 2.0e-021
01840 229.0 010.4 -000.2 100 100 3.9e-021
01900 227.0 011.2 -000.5 100 100 3.4e-021
01960 230.0 011.3 -000.3 100 100 2.2e-021
02020 222.0 011.2 -000.4 100 100 1.9e-021
02080 215.0 012.6 -000.3 100 100 1.8e-021
02140 222.0 010.3 -000.2 100 100 1.7e-021
02200 224.0 010.8 -000.8 100 100 6.9e-022
02260 222.0 010.8 -000.2 100 100 3.3e-021
02320 224.0 010.7 -000.2 100 100 3.8e-021
02380 224.0 011.0 -000.3 100 100 4.8e-021
02440 229.0 011.2 -000.1 100 100 3.8e-021
02500 226.0 009.9 -000.2 100 100 3.8e-021
02560 233.0 008.6 0000.0 100 100 3.2e-021
02620 235.0 008.7 -000.1 100 100 2.0e-021
02680 225.0 007.1 -000.2 100 100 2.5e-021
02740 224.0 007.4 -000.5 100 100 2.8e-021
02800 227.0 007.4 0000.0 100 100 2.0e-021
02860 228.0 007.5 0000.0 100 100 2.7e-021
02920 208.0 006.8 0000.2 100 100 2.2e-021
02980 206.0 007.0 -000.3 100 100 2.9e-021
03040 210.0 006.8 0000.0 100 100 1.1e-021
03100 211.0 008.0 0000.0 100 100 3.4e-021
03160 209.0 008.4 0000.0 100 100 1.2e-021
03220 218.0 005.7 0000.0 100 100 2.0e-021
03280 212.0 007.7 -000.2 100 100 2.5e-021
03340 217.0 007.2 -000.5 100 100 3.5e-021
03400 218.0 007.5 -000.1 100 100 4.0e-021
03460 221.0 007.1 -000.1 100 100 6.4e-021
03520 219.0 007.4 -000.3 100 100 5.0e-021
03580 223.0 006.6 -000.3 100 100 8.5e-021
03640 219.0 007.1 0000.0 100 100 3.5e-021
03700 217.0 006.0 -000.2 100 100 1.0e-020
03760 220.0 006.1 -000.1 100 100 8.7e-021
03820 225.0 006.4 -000.1 100 100 9.2e-021
03880 222.0 007.3 -000.2 100 100 1.1e-020
03940 217.0 008.0 0000.0 100 100 9.8e-021
04000 215.0 008.5 0000.0 100 100 1.3e-020
04060 202.0 008.2 -000.5 100 100 9.6e-021
04120 203.0 009.2 -000.4 100 100 6.1e-021
04180 205.0 008.1 0000.0 100 100 5.3e-021
04240 202.0 008.3 0000.0 100 100 6.5e-021
04300 208.0 009.6 0000.0 100 100 6.9e-021
04360 ///// ///// 0000.0 000 000 1.1e-021
04420 ///// ///// 0000.8 000 000 4.2e-022
04480 ///// ///// 0000.0 000 000 7.9e-022
04540 ///// ///// 0000.0 000 000 1.9e-021
04600 ///// ///// 0000.0 000 000 2.4e-021
04660 ///// ///// -001.1 000 000 1.2e-021
04720 ///// ///// 0000.0 000 000 2.2e-021
04780 ///// ///// 0000.0 000 000 1.8e-021
04840 ///// ///// -000.2 000 000 3.1e-021
04900 ///// ///// -000.4 000 000 3.4e-021
04960 ///// ///// 0000.0 000 000 3.3e-021
05020 ///// ///// 0000.1 000 000 6.5e-021
05080 ///// ///// 0000.0 000 000 4.5e-021
05140 ///// ///// -000.3 000 000 4.3e-021
05200 ///// ///// 0000.0 000 000 4.1e-021
05260 ///// ///// 0000.0 000 000 6.6e-022
05320 ///// ///// 0000.0 000 000 3.9e-021
05380 ///// ///// 0000.0 000 000 5.0e-021
05440 ///// ///// 0000.0 000 000 2.0e-021
05500 ///// ///// 0000.0 000 000 1.9e-021
05560 ///// ///// 0000.0 000 000 1.7e-021
05620 ///// ///// 0000.0 000 000 3.0e-021
05680 ///// ///// 0000.0 000 000 2.8e-021
05740 ///// ///// 0000.0 000 000 4.2e-021
05800 ///// ///// 0000.0 000 000 3.5e-021
05860 ///// ///// 0000.0 000 000 6.2e-022
05920 ///// ///// 0000.0 000 000 1.0e-021
05980 ///// ///// 0000.0 000 000 5.2e-021
NNNN
