WNDROBS 01.20
57793 0114.3600 027.7900 00130.0 LC 20130629133500
ROBS
00100 093.0 004.7 0000.2 100 100 1.4e-020
00160 093.0 005.2 0000.3 100 100 3.1e-020
00220 094.0 004.7 0000.3 100 100 1.4e-020
00280 107.0 004.7 -000.0 100 100 1.5e-020
00340 114.0 004.0 0000.1 100 100 2.7e-020
00400 128.0 005.3 0000.0 100 100 4.1e-020
00460 146.0 007.2 0000.1 100 100 6.3e-020
00520 160.0 008.8 -000.0 100 100 4.8e-021
00580 160.0 009.6 -000.4 100 100 3.7e-021
00640 164.0 010.9 0000.0 100 100 2.8e-021
00700 167.0 011.1 0000.4 100 100 4.9e-021
00760 172.0 011.6 -000.2 100 100 8.4e-021
00820 172.0 012.8 -000.1 100 100 1.3e-020
00880 172.0 013.1 -000.3 100 100 1.4e-020
00940 175.0 013.1 -000.2 100 100 7.0e-020
01000 174.0 011.8 -000.3 100 100 1.0e-019
01060 171.0 011.3 -000.1 100 100 5.9e-020
01120 177.0 009.2 -000.1 100 100 3.4e-020
01180 186.0 007.9 -000.3 100 100 4.6e-020
01240 193.0 008.0 -000.4 100 100 7.0e-020
01300 198.0 008.4 -000.3 100 100 4.8e-020
01360 201.0 007.6 -000.3 100 100 3.6e-020
01420 206.0 005.7 -000.1 100 100 2.4e-020
01480 208.0 005.4 -000.1 100 100 1.8e-020
01540 202.0 005.8 0000.1 100 100 1.9e-020
01600 202.0 005.8 0000.1 100 100 2.2e-020
01660 200.0 005.6 -000.1 100 100 3.0e-020
01720 209.0 004.8 -000.3 100 100 1.6e-020
01780 213.0 006.0 -000.1 100 100 1.8e-020
01840 221.0 007.5 -000.0 100 100 1.8e-020
01900 228.0 008.4 0000.0 100 100 1.6e-020
01960 229.0 009.3 -000.2 100 100 1.4e-020
02020 229.0 009.0 0000.3 100 100 1.0e-020
02080 235.0 009.1 -000.3 100 100 5.7e-021
02140 232.0 009.0 -000.2 100 100 5.3e-021
02200 227.0 009.7 0000.0 100 100 5.4e-021
02260 228.0 010.9 0000.1 100 100 4.1e-021
02320 232.0 010.9 0000.1 100 100 3.0e-021
02380 229.0 010.0 -000.0 100 100 3.3e-021
02440 227.0 010.6 -000.1 100 100 2.7e-021
02500 226.0 010.9 0000.0 100 100 9.8e-022
02560 234.0 009.7 0001.2 100 100 2.9e-021
02620 236.0 010.2 -000.2 100 100 3.8e-021
02680 239.0 011.4 -000.2 100 100 3.0e-021
02740 238.0 011.8 -000.2 100 100 3.2e-021
02800 243.0 011.3 0000.0 100 100 3.3e-021
02860 248.0 012.0 -000.2 100 100 2.2e-021
02920 245.0 011.3 0000.4 100 100 2.8e-021
02980 236.0 008.1 0000.2 100 100 1.8e-021
03040 254.0 009.2 0000.0 100 100 2.1e-021
03100 255.0 009.9 0000.4 100 100 2.6e-021
03160 249.0 010.5 0000.6 100 100 3.9e-021
03220 236.0 011.8 0000.4 100 100 6.2e-021
03280 243.0 011.8 0000.3 100 100 5.3e-021
03340 238.0 010.9 0000.5 100 100 6.4e-021
03400 232.0 009.9 0000.4 100 100 7.9e-021
03460 240.0 009.1 0000.0 100 100 2.7e-021
03520 233.0 007.3 0000.0 100 100 1.6e-021
03580 238.0 008.4 0001.3 100 100 3.6e-021
03640 234.0 007.6 -001.2 100 100 3.4e-021
03700 240.0 009.2 0000.0 100 100 1.3e-021
03760 240.0 009.5 0000.2 100 100 3.9e-021
03820 250.0 011.2 -001.2 100 100 2.0e-021
03880 260.0 011.5 -001.2 100 100 7.6e-022
03940 ///// ///// 0000.8 000 000 2.2e-021
04000 ///// ///// 0000.0 000 000 3.9e-022
04060 ///// ///// 0000.0 000 000 1.1e-021
04120 ///// ///// 0000.2 000 000 2.4e-021
04180 ///// ///// 0000.0 000 000 6.5e-022
04240 ///// ///// 0000.0 000 000 7.1e-022
04300 ///// ///// 0000.0 000 000 3.6e-022
04360 ///// ///// -000.1 000 000 2.7e-021
04420 ///// ///// -000.2 000 000 2.4e-021
04480 ///// ///// -000.3 000 000 3.5e-021
04540 ///// ///// 0000.0 000 000 2.3e-021
04600 ///// ///// -000.4 000 000 4.7e-021
04660 ///// ///// -000.2 000 000 7.3e-021
04720 ///// ///// 0000.0 000 000 5.4e-021
04780 ///// ///// 0000.0 000 000 2.6e-021
04840 ///// ///// 0000.7 000 000 3.9e-021
04900 ///// ///// 0000.0 000 000 3.1e-021
04960 ///// ///// 0000.0 000 000 3.3e-021
05020 ///// ///// -000.9 000 000 4.0e-021
05080 ///// ///// 0000.0 000 000 2.6e-021
05140 ///// ///// 0000.0 000 000 2.6e-021
05200 ///// ///// 0000.0 000 000 2.3e-021
05260 ///// ///// 0000.0 000 000 3.7e-021
05320 ///// ///// 0000.0 000 000 1.9e-021
05380 ///// ///// 0000.0 000 000 3.7e-021
05440 ///// ///// 0000.0 000 000 1.4e-021
05500 ///// ///// 0000.0 000 000 4.6e-021
05560 ///// ///// 0000.0 000 000 3.1e-021
05620 ///// ///// 0000.0 000 000 3.5e-021
05680 ///// ///// 0000.0 000 000 2.1e-021
05740 ///// ///// 0000.0 000 000 1.5e-021
05800 ///// ///// 0000.0 000 000 4.5e-021
05860 ///// ///// 0000.0 000 000 3.9e-021
05920 ///// ///// 0000.0 000 000 8.6e-022
05980 ///// ///// 0000.0 000 000 5.0e-021
NNNN
