WNDROBS 01.20
57793 0114.3600 027.7900 00130.0 LC 20130628062500
ROBS
00100 036.0 004.6 0007.7 100 100 3.2e-018
00160 026.0 006.5 0007.8 100 100 7.3e-017
00220 040.0 005.9 0007.8 100 100 6.4e-017
00280 046.0 006.7 0008.0 100 100 6.5e-017
00340 022.0 006.8 0007.8 100 100 6.8e-017
00400 055.0 010.6 0007.1 100 100 6.0e-017
00460 040.0 008.8 0006.7 100 100 5.4e-017
00520 052.0 011.7 0006.2 100 100 6.2e-017
00580 046.0 009.5 0005.8 100 100 4.6e-017
00640 046.0 012.1 0005.2 100 100 5.5e-017
00700 043.0 011.5 0005.2 100 100 5.3e-017
00760 053.0 008.7 0005.1 100 100 5.1e-017
00820 046.0 008.4 0005.1 100 100 5.8e-017
00880 047.0 006.4 0005.2 100 100 5.9e-017
00940 107.0 004.8 0006.0 100 100 5.2e-017
01000 158.0 003.7 0005.8 100 100 5.1e-017
01060 119.0 002.2 0005.1 100 100 4.7e-018
01120 128.0 003.2 0005.3 100 100 1.0e-017
01180 104.0 002.8 0005.3 100 100 1.0e-017
01240 104.0 001.8 0004.9 100 100 1.1e-017
01300 157.0 002.7 0005.0 100 100 1.1e-017
01360 195.0 001.2 0005.2 100 100 1.1e-017
01420 194.0 000.6 0005.4 100 100 1.1e-017
01480 192.0 001.8 0005.6 100 100 1.1e-017
01540 200.0 001.9 0005.4 100 100 8.7e-018
01600 197.0 003.2 0004.8 100 100 8.2e-018
01660 212.0 003.7 0004.2 100 100 1.0e-017
01720 197.0 006.5 0003.8 100 100 1.1e-017
01780 217.0 004.4 0004.7 100 100 9.3e-018
01840 244.0 004.4 0004.8 100 100 9.7e-018
01900 250.0 007.8 0005.0 100 100 9.4e-018
01960 225.0 009.5 0005.1 100 100 8.5e-018
02020 241.0 009.4 0005.1 100 100 8.1e-018
02080 244.0 010.1 0005.4 100 100 7.7e-018
02140 247.0 011.3 0005.5 100 100 7.4e-018
02200 246.0 011.1 0006.1 100 100 7.1e-018
02260 237.0 009.0 0005.9 100 100 6.0e-018
02320 237.0 009.7 0006.0 100 100 6.1e-018
02380 234.0 011.5 0006.0 100 100 6.1e-018
02440 233.0 012.4 0005.7 100 100 6.5e-018
02500 232.0 012.3 0005.5 100 100 6.3e-018
02560 228.0 012.2 0005.6 100 100 6.7e-018
02620 229.0 012.2 0006.5 100 100 6.1e-018
02680 227.0 012.6 0006.8 100 100 6.4e-018
02740 225.0 012.7 0007.2 100 100 6.1e-018
02800 228.0 013.6 0007.0 100 100 6.9e-018
02860 221.0 014.0 0007.2 100 100 6.3e-018
02920 223.0 015.5 0006.7 100 100 6.4e-018
02980 223.0 015.2 0007.2 100 100 5.8e-018
03040 227.0 016.0 0006.7 100 100 5.1e-018
03100 218.0 014.9 0006.9 100 100 4.6e-018
03160 229.0 015.9 0007.1 100 100 4.0e-018
03220 228.0 017.6 0006.3 100 100 4.8e-018
03280 225.0 018.9 0006.0 100 100 4.6e-018
03340 234.0 019.8 0006.5 100 100 4.3e-018
03400 225.0 019.1 0007.0 100 100 3.8e-018
03460 227.0 020.7 0006.9 100 100 4.5e-018
03520 227.0 021.7 0007.9 100 100 4.2e-018
03580 223.0 020.6 0007.9 100 100 3.5e-018
03640 227.0 019.8 0007.7 100 100 3.2e-018
03700 230.0 022.5 0007.3 100 100 3.7e-018
03760 225.0 019.3 0008.0 100 100 3.2e-018
03820 224.0 019.1 0008.5 100 100 3.1e-018
03880 225.0 019.6 0008.4 100 100 3.4e-018
03940 226.0 021.5 0008.2 100 100 3.5e-018
04000 224.0 021.5 0008.0 100 100 3.7e-018
04060 224.0 024.0 0007.3 100 100 4.1e-018
04120 225.0 024.1 0007.5 100 100 4.3e-018
04180 224.0 023.5 0007.7 100 100 4.4e-018
04240 225.0 022.4 0007.8 100 100 4.2e-018
04300 222.0 023.8 0007.7 100 100 4.8e-018
04360 219.0 023.1 0007.8 100 100 5.1e-018
04420 223.0 022.5 0007.2 100 100 4.7e-018
04480 222.0 022.4 0006.6 100 100 5.1e-018
04540 219.0 023.0 0005.8 100 100 6.6e-018
04600 216.0 022.1 0004.8 100 100 7.7e-018
04660 216.0 022.7 0002.9 100 100 9.5e-018
04720 216.0 022.2 0002.4 100 100 1.3e-017
04780 216.0 024.5 0002.5 100 100 4.8e-019
04840 215.0 019.9 0002.4 100 100 8.1e-018
04900 215.0 019.7 0002.2 100 100 8.6e-018
04960 214.0 019.8 0001.8 100 100 8.5e-018
05020 215.0 019.9 0001.5 100 100 7.7e-018
05080 216.0 020.2 0001.6 100 100 6.0e-018
05140 217.0 020.4 0001.7 100 100 4.3e-018
05200 219.0 020.1 0001.8 100 100 2.8e-018
05260 222.0 019.2 0001.9 100 100 1.8e-018
05320 224.0 018.5 0001.9 100 100 1.4e-018
05380 227.0 018.1 0001.8 100 100 1.2e-018
05440 227.0 017.7 0001.9 100 100 1.0e-018
05500 229.0 017.5 0001.9 100 100 9.2e-019
05560 230.0 017.3 0001.7 100 100 9.3e-019
05620 231.0 017.0 0001.7 100 100 8.5e-019
05680 232.0 016.8 0001.7 100 100 7.8e-019
05740 233.0 016.4 0001.7 100 100 7.3e-019
05800 233.0 016.3 0001.7 100 100 6.6e-019
05860 233.0 016.2 0001.7 100 100 5.8e-019
05920 232.0 016.1 0001.7 100 100 5.2e-019
05980 231.0 015.6 0001.6 100 100 4.8e-019
NNNN
