WNDROBS 01.20
57793 0114.3600 027.7900 00130.0 LC 20130629155000
ROBS
00100 109.0 004.6 0000.3 100 100 1.1e-020
00160 109.0 005.2 0000.3 100 100 2.4e-020
00220 112.0 005.1 0000.4 100 100 2.7e-020
00280 118.0 004.6 -000.2 100 100 2.8e-020
00340 111.0 006.5 -000.1 100 100 1.4e-020
00400 123.0 005.0 0000.0 100 100 6.8e-020
00460 147.0 006.4 0000.1 100 100 8.8e-020
00520 156.0 008.1 0000.1 100 100 2.8e-020
00580 163.0 009.3 -000.0 100 100 3.2e-020
00640 171.0 009.8 -000.1 100 100 3.5e-020
00700 174.0 010.4 0000.1 100 100 2.9e-020
00760 176.0 011.0 0000.3 100 100 3.0e-020
00820 183.0 011.5 0000.2 100 100 2.6e-020
00880 186.0 011.9 0000.4 100 100 3.6e-020
00940 187.0 012.9 0000.4 100 100 8.2e-020
01000 190.0 013.8 0000.4 100 100 8.7e-020
01060 190.0 013.5 0000.1 100 100 3.3e-020
01120 191.0 012.4 0000.1 100 100 2.7e-020
01180 192.0 010.7 0000.2 100 100 4.0e-020
01240 193.0 009.7 0000.2 100 100 5.5e-020
01300 193.0 009.4 0000.2 100 100 5.4e-020
01360 192.0 008.4 0000.0 100 100 3.6e-020
01420 191.0 008.0 0000.0 100 100 3.3e-020
01480 190.0 007.8 -000.1 100 100 2.6e-020
01540 189.0 007.6 -000.2 100 100 2.0e-020
01600 194.0 008.0 -000.3 100 100 2.6e-020
01660 194.0 008.5 -000.2 100 100 2.1e-020
01720 199.0 009.5 -000.3 100 100 2.0e-020
01780 203.0 009.1 -000.4 100 100 1.7e-020
01840 204.0 010.4 -000.3 100 100 1.2e-020
01900 209.0 010.3 -000.5 100 100 9.7e-021
01960 214.0 010.0 -000.4 100 100 1.2e-020
02020 220.0 010.7 -000.4 100 100 1.5e-020
02080 224.0 011.5 -000.3 100 100 1.9e-020
02140 225.0 012.3 -000.9 100 100 1.3e-020
02200 224.0 012.5 -000.5 100 100 7.6e-021
02260 222.0 010.9 -000.4 100 100 7.4e-021
02320 223.0 010.3 -000.4 100 100 1.1e-020
02380 223.0 010.5 -000.5 100 100 5.4e-021
02440 224.0 010.6 -000.3 100 100 4.2e-021
02500 216.0 009.3 -000.3 100 100 3.7e-021
02560 222.0 008.2 -000.4 100 100 3.5e-021
02620 216.0 009.3 -000.2 100 100 4.1e-021
02680 215.0 009.1 -000.3 100 100 6.0e-021
02740 204.0 007.3 -000.3 100 100 7.8e-021
02800 214.0 008.2 -000.2 100 100 2.8e-020
02860 217.0 008.9 -000.2 100 100 2.5e-020
02920 220.0 009.2 -001.0 100 100 7.7e-021
02980 225.0 009.0 0000.0 100 100 3.9e-021
03040 226.0 009.0 -000.5 100 100 5.2e-021
03100 226.0 008.8 0001.3 100 100 3.6e-021
03160 236.0 008.2 -000.4 100 100 3.8e-021
03220 231.0 007.9 0000.2 100 100 4.8e-021
03280 230.0 008.1 0000.0 100 100 4.7e-021
03340 228.0 008.3 0000.0 100 100 4.6e-021
03400 214.0 006.9 0000.0 100 100 3.2e-021
03460 229.0 005.4 0000.0 100 100 2.5e-021
03520 246.0 009.4 0000.0 100 100 2.3e-021
03580 198.0 003.9 0000.1 100 100 3.3e-021
03640 191.0 005.9 0000.0 100 100 4.0e-021
03700 190.0 006.4 0000.0 100 100 3.2e-021
03760 164.0 006.3 -000.0 100 100 2.7e-021
03820 163.0 006.0 0000.0 100 100 2.4e-021
03880 153.0 005.6 0000.0 100 100 2.4e-021
03940 188.0 005.3 0000.0 100 100 2.6e-021
04000 170.0 005.3 0000.0 100 100 1.1e-021
04060 189.0 006.3 0000.4 100 100 3.7e-021
04120 205.0 007.5 0000.3 100 100 3.5e-021
04180 215.0 005.5 0000.2 100 100 1.4e-021
04240 210.0 005.8 0000.2 100 100 5.0e-021
04300 ///// ///// 0000.0 000 000 3.6e-021
04360 209.0 008.1 0000.0 100 100 7.8e-021
04420 211.0 007.6 0000.0 100 100 1.7e-020
04480 211.0 008.4 0000.0 100 100 8.0e-021
04540 207.0 006.7 0000.0 100 100 5.9e-022
04600 218.0 005.0 0000.0 100 100 4.5e-021
04660 200.0 005.0 0000.0 100 100 2.4e-021
04720 209.0 005.8 0000.4 100 100 4.9e-021
04780 226.0 006.8 -000.8 100 100 3.7e-021
04840 231.0 007.3 0000.0 100 100 1.7e-021
04900 222.0 005.8 0000.0 100 100 1.6e-021
04960 230.0 012.5 0000.0 100 100 2.8e-021
05020 ///// ///// 0000.0 000 000 2.3e-021
05080 ///// ///// 0000.0 000 000 1.2e-021
05140 ///// ///// 0001.3 000 000 4.9e-021
05200 ///// ///// 0000.0 000 000 4.3e-021
05260 ///// ///// 0000.0 000 000 1.3e-021
05320 ///// ///// 0000.0 000 000 1.7e-021
05380 ///// ///// 0000.0 000 000 4.7e-021
05440 ///// ///// 0000.0 000 000 4.0e-021
05500 ///// ///// 0000.0 000 000 1.3e-021
05560 ///// ///// 0000.0 000 000 1.3e-021
05620 ///// ///// 0000.0 000 000 3.5e-021
05680 ///// ///// 0000.0 000 000 2.2e-021
05740 ///// ///// 0000.0 000 000 1.9e-021
05800 ///// ///// 0000.0 000 000 1.8e-021
05860 ///// ///// 0000.0 000 000 6.4e-022
05920 ///// ///// 0000.0 000 000 1.1e-021
05980 ///// ///// 0000.0 000 000 2.0e-021
NNNN
