WNDROBS 01.20
57793 0114.3600 027.7900 00130.0 LC 20130629113000
ROBS
00100 105.0 005.8 0000.1 100 100 3.0e-021
00160 105.0 006.4 0000.1 100 100 7.1e-021
00220 105.0 007.2 0000.1 100 100 6.7e-021
00280 105.0 007.9 -000.0 100 100 4.3e-021
00340 111.0 006.9 0000.1 100 100 4.6e-021
00400 128.0 004.8 0000.2 100 100 1.3e-020
00460 140.0 006.4 0000.2 100 100 2.8e-020
00520 152.0 007.5 0000.1 100 100 1.2e-019
00580 153.0 008.3 0000.2 100 100 9.8e-021
00640 165.0 009.1 0000.2 100 100 4.3e-021
00700 160.0 010.3 0000.2 100 100 4.7e-021
00760 165.0 009.3 -000.0 100 100 6.3e-021
00820 167.0 009.3 0000.1 100 100 2.1e-020
00880 169.0 008.7 0000.2 100 100 2.3e-020
00940 171.0 008.2 0000.3 100 100 8.3e-020
01000 176.0 007.1 0000.2 100 100 1.4e-019
01060 179.0 006.6 0000.1 100 100 4.2e-020
01120 183.0 005.2 0000.3 100 100 2.3e-020
01180 186.0 003.9 0000.2 100 100 2.6e-020
01240 191.0 003.7 0000.1 100 100 2.6e-020
01300 200.0 004.5 0000.1 100 100 1.6e-020
01360 208.0 005.3 0000.1 100 100 7.5e-021
01420 218.0 006.4 0000.0 100 100 9.5e-021
01480 223.0 008.1 0000.0 100 100 9.3e-021
01540 223.0 009.3 0000.1 100 100 7.4e-021
01600 229.0 010.5 0000.1 100 100 4.9e-021
01660 228.0 010.5 0000.0 100 100 8.0e-021
01720 227.0 011.0 0000.1 100 100 1.3e-020
01780 226.0 010.9 0000.1 100 100 1.8e-020
01840 231.0 010.7 0000.1 100 100 1.3e-020
01900 234.0 010.6 0000.2 100 100 1.0e-020
01960 234.0 010.7 0000.1 100 100 8.9e-021
02020 232.0 010.0 0000.1 100 100 5.6e-021
02080 232.0 010.4 0000.2 100 100 5.7e-021
02140 231.0 010.2 0000.0 100 100 1.1e-021
02200 228.0 010.3 0000.9 100 100 3.0e-021
02260 226.0 010.6 -000.1 100 100 4.1e-021
02320 228.0 010.5 0000.0 100 100 3.0e-021
02380 228.0 010.6 -000.1 100 100 3.2e-021
02440 227.0 010.6 0000.0 100 100 9.4e-022
02500 226.0 010.6 0000.0 100 100 1.4e-021
02560 236.0 009.5 -000.2 100 100 1.2e-021
02620 237.0 009.5 -000.1 100 100 1.4e-021
02680 238.0 009.4 0000.1 100 100 1.2e-021
02740 238.0 009.8 0000.0 100 100 1.1e-021
02800 238.0 009.5 0000.8 100 100 1.1e-021
02860 235.0 009.7 0000.0 100 100 2.4e-021
02920 235.0 010.2 0000.0 100 100 2.0e-021
02980 233.0 009.9 0000.0 100 100 1.5e-021
03040 230.0 010.0 0000.0 100 100 1.4e-021
03100 227.0 008.7 0000.0 100 100 1.6e-021
03160 227.0 008.4 0000.0 100 100 1.4e-021
03220 230.0 007.5 -000.5 100 100 2.4e-021
03280 222.0 008.7 0000.0 100 100 1.6e-021
03340 220.0 008.2 0000.0 100 100 1.9e-021
03400 220.0 006.1 0000.0 100 100 1.0e-021
03460 183.0 004.2 0000.0 100 100 1.7e-021
03520 168.0 004.2 0000.0 100 100 1.3e-021
03580 ///// ///// 0000.0 000 000 1.5e-021
03640 ///// ///// 0001.0 000 000 1.6e-021
03700 ///// ///// 0000.0 000 000 6.6e-022
03760 ///// ///// 0000.0 000 000 2.0e-021
03820 ///// ///// 0000.0 000 000 1.6e-021
03880 ///// ///// 0000.2 000 000 2.4e-021
03940 ///// ///// 0000.0 000 000 2.4e-021
04000 ///// ///// 0000.0 000 000 1.1e-021
04060 ///// ///// -000.0 000 000 3.0e-021
04120 ///// ///// -000.9 000 000 2.5e-021
04180 ///// ///// -000.1 000 000 5.2e-021
04240 ///// ///// 0000.0 000 000 5.3e-021
04300 226.0 010.5 -001.4 100 100 9.8e-021
04360 226.0 011.0 0000.0 100 100 6.0e-021
04420 229.0 011.5 0000.0 100 100 1.2e-020
04480 231.0 011.7 -000.0 100 100 1.0e-020
04540 238.0 010.3 0000.0 100 100 3.5e-021
04600 235.0 010.4 0000.0 100 100 5.0e-021
04660 234.0 010.6 0000.0 100 100 8.6e-021
04720 231.0 010.7 0002.1 100 100 1.1e-020
04780 240.0 009.4 0000.0 100 100 8.8e-022
04840 ///// ///// 0000.0 000 000 3.2e-021
04900 ///// ///// 0000.0 000 000 1.4e-021
04960 ///// ///// 0000.1 000 000 6.8e-021
05020 ///// ///// 0000.0 000 000 4.2e-021
05080 ///// ///// 0000.0 000 000 5.3e-021
05140 ///// ///// 0000.0 000 000 1.6e-021
05200 ///// ///// 0000.0 000 000 1.9e-021
05260 ///// ///// 0000.0 000 000 5.2e-021
05320 ///// ///// 0000.0 000 000 3.8e-021
05380 ///// ///// 0000.0 000 000 6.8e-021
05440 ///// ///// 0000.0 000 000 2.5e-021
05500 ///// ///// -000.9 000 000 1.0e-021
05560 ///// ///// 0000.0 000 000 3.0e-021
05620 ///// ///// 0000.0 000 000 6.1e-021
05680 ///// ///// 0000.0 000 000 2.6e-021
05740 ///// ///// 0000.0 000 000 7.0e-021
05800 ///// ///// 0000.0 000 000 1.6e-021
05860 ///// ///// -002.3 000 000 6.5e-021
05920 ///// ///// 0000.0 000 000 4.7e-021
05980 ///// ///// 0000.0 000 000 2.1e-021
NNNN
