WNDROBS 01.20
57793 0114.3600 027.7900 00130.0 LC 20130629190500
ROBS
00100 099.0 004.3 0000.9 100 100 5.1e-021
00160 099.0 004.8 0001.0 100 100 1.1e-020
00220 090.0 003.7 0000.3 100 100 8.5e-021
00280 122.0 003.3 0000.2 100 100 6.6e-021
00340 131.0 002.9 0000.2 100 100 7.2e-021
00400 137.0 002.8 0000.2 100 100 1.2e-020
00460 176.0 003.7 0000.3 100 100 1.8e-020
00520 182.0 005.9 0000.3 100 100 7.3e-020
00580 180.0 007.3 0000.2 100 100 1.5e-019
00640 188.0 007.8 0000.3 100 100 1.1e-019
00700 192.0 007.9 0000.3 100 100 4.9e-020
00760 191.0 006.5 0000.2 100 100 2.9e-020
00820 196.0 004.5 0000.2 100 100 2.1e-020
00880 211.0 002.6 0000.2 100 100 2.6e-020
00940 200.0 003.6 -000.1 100 100 1.4e-020
01000 239.0 003.4 -000.1 100 100 1.0e-020
01060 233.0 003.1 -000.2 100 100 4.9e-021
01120 229.0 004.0 -000.2 100 100 4.2e-021
01180 232.0 004.4 -000.2 100 100 2.2e-021
01240 222.0 004.8 -000.1 100 100 2.0e-021
01300 221.0 004.7 0000.0 100 100 8.3e-022
01360 213.0 005.0 0000.1 100 100 1.6e-021
01420 226.0 005.4 -000.2 100 100 2.1e-021
01480 219.0 006.1 -000.2 100 100 2.7e-021
01540 214.0 007.7 0000.1 100 100 2.9e-021
01600 219.0 008.1 0000.1 100 100 2.6e-021
01660 216.0 009.7 -000.1 100 100 2.4e-021
01720 222.0 010.6 0000.0 100 100 2.1e-021
01780 226.0 010.7 -000.3 100 100 3.3e-021
01840 229.0 009.1 -000.4 100 100 2.6e-021
01900 225.0 009.9 -000.3 100 100 3.1e-021
01960 226.0 010.8 -000.2 100 100 3.5e-021
02020 223.0 012.0 -000.3 100 100 2.7e-021
02080 216.0 011.7 -000.3 100 100 2.3e-021
02140 228.0 009.4 -000.1 100 100 2.8e-021
02200 225.0 009.3 -000.2 100 100 1.6e-021
02260 225.0 009.0 -000.1 100 100 2.0e-021
02320 224.0 009.3 -000.3 100 100 2.3e-021
02380 229.0 008.7 -000.3 100 100 2.3e-021
02440 226.0 008.1 -000.4 100 100 2.1e-021
02500 245.0 006.7 0000.0 100 100 1.8e-021
02560 221.0 005.0 0000.1 100 100 2.0e-021
02620 226.0 004.7 -000.3 100 100 2.5e-021
02680 210.0 006.5 -000.2 100 100 1.9e-021
02740 216.0 005.6 -000.4 100 100 2.7e-021
02800 205.0 007.7 0000.0 100 100 2.1e-021
02860 221.0 009.3 0000.0 100 100 2.8e-021
02920 221.0 009.4 -000.4 100 100 3.7e-021
02980 230.0 008.0 -000.7 100 100 8.9e-022
03040 230.0 007.8 0000.0 100 100 2.5e-021
03100 233.0 007.4 -000.7 100 100 3.9e-021
03160 227.0 007.1 0000.0 100 100 4.7e-021
03220 227.0 007.1 -000.2 100 100 1.1e-020
03280 226.0 007.5 -000.2 100 100 1.4e-020
03340 230.0 007.4 -000.1 100 100 1.0e-020
03400 225.0 007.8 -000.2 100 100 8.9e-021
03460 216.0 008.2 -000.1 100 100 8.2e-021
03520 215.0 008.5 -000.3 100 100 1.4e-020
03580 210.0 008.2 -000.2 100 100 1.5e-020
03640 209.0 008.1 -000.1 100 100 2.4e-020
03700 208.0 007.8 0000.1 100 100 1.9e-020
03760 203.0 007.9 -000.1 100 100 1.3e-020
03820 203.0 007.0 0000.0 100 100 1.0e-020
03880 205.0 007.7 -000.1 100 100 8.3e-021
03940 204.0 008.4 -000.0 100 100 1.2e-020
04000 205.0 009.1 0000.0 100 100 9.7e-021
04060 205.0 009.7 0000.0 100 100 2.5e-020
04120 203.0 010.6 0000.0 100 100 7.4e-021
04180 201.0 011.9 0000.8 100 100 5.8e-021
04240 ///// ///// -000.3 000 000 5.3e-022
04300 ///// ///// 0000.0 000 000 2.5e-021
04360 ///// ///// 0000.0 000 000 2.4e-021
04420 ///// ///// 0000.0 000 000 1.0e-021
04480 ///// ///// 0000.6 000 000 2.7e-021
04540 ///// ///// 0000.0 000 000 2.9e-021
04600 ///// ///// 0000.0 000 000 2.3e-021
04660 ///// ///// 0000.0 000 000 1.8e-021
04720 ///// ///// 0000.0 000 000 3.2e-021
04780 ///// ///// 0004.3 000 000 3.4e-021
04840 ///// ///// 0000.0 000 000 7.8e-022
04900 ///// ///// 0000.0 000 000 1.5e-021
04960 ///// ///// 0000.0 000 000 1.7e-021
05020 ///// ///// 0000.0 000 000 4.1e-021
05080 ///// ///// 0000.0 000 000 3.6e-021
05140 ///// ///// 0000.0 000 000 2.9e-021
05200 ///// ///// 0000.0 000 000 1.9e-021
05260 ///// ///// 0000.0 000 000 3.7e-021
05320 ///// ///// 0000.0 000 000 5.6e-021
05380 ///// ///// 0000.0 000 000 1.2e-021
05440 ///// ///// 0000.0 000 000 3.6e-021
05500 ///// ///// 0000.0 000 000 3.3e-021
05560 ///// ///// 0000.0 000 000 6.6e-021
05620 ///// ///// 0000.0 000 000 2.7e-021
05680 ///// ///// 0000.0 000 000 2.8e-021
05740 ///// ///// 0000.0 000 000 1.7e-021
05800 ///// ///// 0000.0 000 000 3.6e-021
05860 ///// ///// 0000.0 000 000 8.9e-022
05920 ///// ///// -002.3 000 000 6.0e-021
05980 ///// ///// 0000.0 000 000 1.7e-021
NNNN
