WNDROBS 01.20
57793 0114.3600 027.7900 00130.0 LC 20130628053000
ROBS
00100 050.0 003.0 0004.0 100 100 8.6e-020
00160 050.0 003.5 0004.4 100 100 3.2e-019
00220 029.0 003.5 0004.6 100 100 2.9e-019
00280 032.0 004.3 0004.6 100 100 4.1e-019
00340 034.0 004.2 0004.6 100 100 5.3e-019
00400 044.0 002.4 0004.6 100 100 6.9e-019
00460 079.0 003.1 0004.0 100 100 9.3e-019
00520 106.0 002.6 0004.4 100 100 1.4e-018
00580 323.0 003.3 0004.3 100 100 1.6e-018
00640 221.0 002.7 0004.2 100 100 1.8e-018
00700 183.0 002.2 0004.1 100 100 1.5e-018
00760 171.0 003.2 0004.0 100 100 2.2e-018
00820 203.0 004.4 0003.9 100 100 2.5e-018
00880 210.0 006.1 0004.1 100 100 3.0e-018
00940 215.0 006.7 0004.2 100 100 3.5e-018
01000 222.0 008.4 0004.0 100 100 3.7e-018
01060 228.0 008.4 0003.7 100 100 7.1e-019
01120 228.0 010.2 0003.7 100 100 7.9e-019
01180 223.0 011.7 0003.6 100 100 8.9e-019
01240 220.0 012.6 0003.8 100 100 1.0e-018
01300 224.0 014.3 0003.7 100 100 1.1e-018
01360 226.0 015.6 0003.8 100 100 1.2e-018
01420 227.0 016.3 0003.9 100 100 1.3e-018
01480 227.0 017.2 0004.0 100 100 1.4e-018
01540 227.0 017.7 0003.9 100 100 1.5e-018
01600 229.0 017.7 0004.1 100 100 1.5e-018
01660 235.0 016.9 0004.1 100 100 1.2e-018
01720 231.0 018.1 0003.9 100 100 1.4e-018
01780 234.0 019.0 0004.0 100 100 1.5e-018
01840 235.0 019.3 0004.0 100 100 1.5e-018
01900 235.0 018.8 0003.7 100 100 1.6e-018
01960 243.0 016.2 0003.9 100 100 9.4e-019
02020 242.0 015.4 0004.0 100 100 8.6e-019
02080 230.0 017.1 0003.8 100 100 1.6e-018
02140 239.0 015.2 0003.7 100 100 1.0e-018
02200 228.0 017.2 0003.7 100 100 1.6e-018
02260 228.0 017.3 0003.6 100 100 1.5e-018
02320 228.0 017.4 0003.8 100 100 1.5e-018
02380 228.0 017.5 0003.9 100 100 1.5e-018
02440 228.0 017.7 0003.7 100 100 1.5e-018
02500 234.0 016.6 0003.8 100 100 1.2e-018
02560 235.0 016.6 0006.0 100 100 1.1e-018
02620 233.0 017.1 0005.8 100 100 1.0e-018
02680 233.0 016.9 0006.0 100 100 8.8e-019
02740 234.0 016.7 0006.0 100 100 1.3e-018
02800 231.0 017.4 0006.1 100 100 8.6e-019
02860 233.0 017.0 0005.8 100 100 8.5e-019
02920 230.0 017.3 0005.9 100 100 1.2e-018
02980 230.0 017.4 0005.9 100 100 1.1e-018
03040 232.0 018.1 0005.8 100 100 1.0e-018
03100 232.0 018.5 0005.7 100 100 1.0e-018
03160 230.0 018.1 0005.7 100 100 7.0e-019
03220 ///// ///// 0005.7 000 000 9.7e-019
03280 228.0 017.0 0005.8 100 100 1.0e-018
03340 241.0 014.4 0005.6 100 100 7.1e-019
03400 232.0 015.7 0005.5 100 100 9.2e-019
03460 245.0 014.4 0005.5 100 100 6.9e-019
03520 ///// ///// 0005.5 000 000 9.1e-019
03580 235.0 016.1 0005.5 100 100 8.6e-019
03640 ///// ///// 0005.5 000 000 8.4e-019
03700 240.0 016.7 0005.4 100 100 8.0e-019
03760 241.0 016.9 0005.5 100 100 7.5e-019
03820 241.0 017.0 0005.4 100 100 7.0e-019
03880 247.0 016.4 0005.4 100 100 6.5e-019
03940 247.0 016.7 0005.2 100 100 6.5e-019
04000 247.0 016.9 0005.4 100 100 5.9e-019
04060 244.0 017.6 0005.4 100 100 6.2e-019
04120 241.0 018.8 0005.3 100 100 5.7e-019
04180 242.0 019.0 0005.1 100 100 5.4e-019
04240 243.0 019.2 0005.2 100 100 5.1e-019
04300 242.0 019.6 0005.0 100 100 5.0e-019
04360 240.0 019.8 0005.1 100 100 4.6e-019
04420 239.0 020.1 0005.2 100 100 4.6e-019
04480 238.0 020.5 0005.2 100 100 4.5e-019
04540 238.0 020.6 0005.3 100 100 3.8e-019
04600 239.0 020.1 0005.2 100 100 3.6e-019
04660 240.0 019.2 0005.2 100 100 3.5e-019
04720 238.0 020.1 0005.1 100 100 3.4e-019
04780 238.0 020.3 0002.2 100 100 1.0e-019
04840 238.0 018.6 0001.9 100 100 1.1e-019
04900 229.0 018.2 0001.7 100 100 1.3e-019
04960 228.0 020.5 0002.1 100 100 2.2e-019
05020 226.0 021.5 0001.7 100 100 2.8e-019
05080 225.0 022.0 0001.9 100 100 2.7e-019
05140 226.0 021.7 0001.5 100 100 2.6e-019
05200 227.0 020.9 0001.2 100 100 2.2e-019
05260 227.0 021.4 0001.0 100 100 2.2e-019
05320 227.0 020.9 0001.1 100 100 2.4e-019
05380 227.0 020.8 0000.9 100 100 2.1e-019
05440 227.0 020.4 0000.9 100 100 1.5e-019
05500 224.0 019.6 0001.0 100 100 1.5e-019
05560 224.0 019.3 0001.0 100 100 1.7e-019
05620 224.0 019.4 0001.1 100 100 2.0e-019
05680 224.0 019.3 0001.1 100 100 2.3e-019
05740 223.0 019.0 0001.1 100 100 2.6e-019
05800 224.0 018.6 0001.2 100 100 2.9e-019
05860 224.0 018.6 0001.3 100 100 3.4e-019
05920 226.0 018.5 0001.4 100 100 3.8e-019
05980 227.0 018.3 0001.5 100 100 4.2e-019
NNNN
