WNDROBS 01.20
57793 0114.3600 027.7900 00130.0 LC 20130629051500
ROBS
00100 070.0 003.6 0000.2 100 100 3.3e-021
00160 070.0 004.0 0000.9 100 100 9.2e-021
00220 074.0 004.3 0000.2 100 100 5.8e-021
00280 083.0 003.3 0000.4 100 100 4.9e-021
00340 093.0 003.9 -000.3 100 100 1.7e-021
00400 091.0 003.6 -000.2 100 100 2.0e-021
00460 108.0 004.0 -000.3 100 100 3.1e-021
00520 125.0 004.4 -000.4 100 100 5.4e-021
00580 178.0 004.3 -000.3 100 100 4.7e-020
00640 177.0 004.1 -000.3 100 100 5.0e-020
00700 188.0 003.2 -000.3 100 100 3.1e-020
00760 171.0 003.2 0002.0 100 100 1.7e-020
00820 203.0 003.6 0001.6 100 100 8.4e-021
00880 227.0 005.9 0001.4 100 100 2.6e-020
00940 227.0 006.9 -000.2 100 100 2.9e-020
01000 229.0 008.3 0000.4 100 100 3.0e-020
01060 230.0 008.6 -000.4 100 100 1.3e-020
01120 230.0 009.6 -000.2 100 100 1.5e-020
01180 231.0 010.4 -000.3 100 100 2.0e-020
01240 230.0 011.2 -000.3 100 100 1.9e-020
01300 230.0 011.7 -000.2 100 100 1.2e-020
01360 231.0 012.4 -000.3 100 100 1.5e-020
01420 233.0 012.9 -000.3 100 100 1.7e-020
01480 232.0 013.1 -000.3 100 100 1.9e-020
01540 234.0 013.9 -000.2 100 100 1.6e-020
01600 235.0 014.7 -000.3 100 100 1.8e-020
01660 236.0 015.1 -000.3 100 100 6.4e-021
01720 238.0 014.9 -000.3 100 100 2.7e-021
01780 240.0 015.0 -000.3 100 100 1.6e-021
01840 242.0 013.6 -000.4 100 100 2.0e-021
01900 240.0 013.9 -000.5 100 100 3.3e-021
01960 242.0 013.9 -000.4 100 100 3.3e-021
02020 244.0 014.9 -000.5 100 100 4.2e-021
02080 241.0 016.6 -000.5 100 100 4.8e-021
02140 241.0 016.7 -000.5 100 100 3.7e-021
02200 240.0 018.0 -000.4 100 100 2.7e-021
02260 242.0 017.9 -000.5 100 100 3.6e-021
02320 242.0 017.7 -000.8 100 100 4.0e-021
02380 241.0 018.9 -000.7 100 100 3.3e-021
02440 246.0 016.4 -000.1 100 100 2.5e-021
02500 252.0 016.0 0000.0 100 100 2.9e-021
02560 243.0 017.0 -000.1 100 100 3.3e-021
02620 243.0 017.1 0000.1 100 100 3.1e-021
02680 254.0 016.4 0000.0 100 100 1.3e-021
02740 253.0 016.9 -000.3 100 100 2.3e-021
02800 249.0 014.7 0000.0 100 100 7.5e-022
02860 250.0 015.4 -000.9 100 100 3.8e-021
02920 247.0 013.4 -000.6 100 100 4.2e-021
02980 254.0 023.3 -001.3 100 100 3.7e-021
03040 251.0 020.4 -001.1 100 100 3.2e-021
03100 237.0 025.8 -000.1 100 100 5.4e-021
03160 237.0 025.5 -000.0 100 100 5.0e-021
03220 241.0 024.7 0000.0 100 100 2.4e-021
03280 241.0 025.4 0000.0 100 100 3.6e-021
03340 ///// ///// 0000.0 000 000 3.0e-021
03400 245.0 032.6 0000.0 100 100 4.0e-021
03460 ///// ///// -000.3 000 000 7.2e-021
03520 243.0 033.8 -000.1 100 100 8.3e-021
03580 243.0 033.6 -000.4 100 100 6.8e-021
03640 242.0 033.7 0000.0 100 100 9.0e-021
03700 242.0 034.1 0000.0 100 100 9.2e-021
03760 242.0 033.4 0000.0 100 100 8.7e-021
03820 228.0 020.5 0000.0 100 100 5.4e-021
03880 ///// ///// 0000.0 000 000 3.9e-021
03940 ///// ///// 0000.0 000 000 3.9e-021
04000 ///// ///// 0000.0 000 000 3.9e-021
04060 ///// ///// 0002.9 000 000 7.5e-022
04120 ///// ///// 0000.0 000 000 4.0e-021
04180 ///// ///// 0000.0 000 000 3.7e-021
04240 ///// ///// 0000.0 000 000 5.3e-021
04300 ///// ///// 0000.0 000 000 3.3e-021
04360 ///// ///// 0000.0 000 000 3.8e-021
04420 ///// ///// 0000.0 000 000 3.4e-021
04480 ///// ///// 0000.0 000 000 2.2e-021
04540 ///// ///// 0000.0 000 000 3.1e-021
04600 ///// ///// 0000.0 000 000 4.7e-021
04660 ///// ///// 0000.0 000 000 3.0e-021
04720 ///// ///// 0000.0 000 000 4.7e-021
04780 ///// ///// 0000.0 000 000 1.3e-021
04840 ///// ///// 0000.0 000 000 1.7e-021
04900 ///// ///// 0000.0 000 000 4.2e-021
04960 ///// ///// 0000.0 000 000 4.6e-022
05020 ///// ///// 0000.2 000 000 4.7e-021
05080 ///// ///// 0000.0 000 000 1.3e-021
05140 ///// ///// 0000.0 000 000 4.2e-021
05200 ///// ///// 0000.0 000 000 2.9e-021
05260 ///// ///// 0000.0 000 000 3.8e-021
05320 ///// ///// 0000.0 000 000 3.3e-021
05380 ///// ///// 0000.0 000 000 4.1e-021
05440 ///// ///// 0000.0 000 000 2.4e-021
05500 ///// ///// 0000.0 000 000 1.8e-021
05560 ///// ///// 0000.0 000 000 4.1e-021
05620 ///// ///// 0000.0 000 000 5.2e-021
05680 ///// ///// 0009.2 000 000 5.9e-021
05740 ///// ///// 0000.0 000 000 1.6e-021
05800 ///// ///// -000.3 000 000 6.4e-021
05860 ///// ///// 0000.0 000 000 1.5e-021
05920 ///// ///// 0000.1 000 000 5.3e-021
05980 ///// ///// -000.0 000 000 6.2e-021
NNNN
