WNDROBS 01.20
57793 0114.3600 027.7900 00130.0 LC 20130629202000
ROBS
00100 112.0 004.9 -000.0 100 100 8.2e-021
00160 109.0 005.3 -000.0 100 100 1.7e-020
00220 121.0 005.4 -000.1 100 100 5.0e-021
00280 106.0 003.8 -000.1 100 100 5.3e-021
00340 130.0 004.9 -000.0 100 100 7.9e-021
00400 136.0 003.3 0000.1 100 100 1.3e-020
00460 151.0 004.5 0000.3 100 100 3.4e-020
00520 154.0 006.0 0000.3 100 100 7.1e-020
00580 194.0 007.5 0000.3 100 100 7.6e-020
00640 197.0 008.1 0000.4 100 100 3.7e-020
00700 184.0 007.5 0000.2 100 100 1.6e-019
00760 189.0 006.5 0000.1 100 100 8.9e-020
00820 194.0 005.7 0000.2 100 100 6.2e-020
00880 202.0 004.5 0000.2 100 100 2.7e-020
00940 212.0 003.8 0000.4 100 100 2.0e-020
01000 217.0 004.8 0000.3 100 100 2.7e-020
01060 220.0 004.4 -000.1 100 100 6.5e-021
01120 222.0 004.9 -000.3 100 100 9.3e-021
01180 218.0 005.6 0001.4 100 100 3.1e-021
01240 216.0 005.8 -001.7 100 100 1.4e-021
01300 215.0 006.9 -001.6 100 100 5.2e-021
01360 221.0 008.1 -001.6 100 100 1.5e-021
01420 224.0 008.6 -001.6 100 100 1.2e-021
01480 217.0 010.9 0000.3 100 100 9.8e-022
01540 232.0 010.2 -000.1 100 100 1.3e-021
01600 235.0 010.9 0000.2 100 100 1.4e-021
01660 233.0 011.1 0000.2 100 100 2.7e-021
01720 233.0 012.9 0000.1 100 100 4.4e-021
01780 232.0 013.0 0000.3 100 100 5.7e-021
01840 229.0 012.1 0000.8 100 100 3.3e-021
01900 230.0 011.3 0000.5 100 100 2.0e-021
01960 226.0 010.5 0000.4 100 100 2.3e-021
02020 224.0 009.9 -000.2 100 100 2.8e-021
02080 223.0 010.2 -000.1 100 100 2.7e-021
02140 225.0 010.0 0000.6 100 100 3.3e-021
02200 223.0 009.6 -000.3 100 100 3.1e-021
02260 233.0 009.1 0000.3 100 100 3.2e-021
02320 232.0 008.9 0000.5 100 100 3.0e-021
02380 230.0 008.7 0000.6 100 100 6.3e-021
02440 232.0 008.7 0000.6 100 100 9.9e-021
02500 237.0 008.7 0000.6 100 100 1.3e-020
02560 236.0 008.2 0000.3 100 100 9.7e-021
02620 231.0 007.7 0000.3 100 100 6.0e-021
02680 234.0 008.3 -000.1 100 100 5.3e-021
02740 231.0 008.4 -000.4 100 100 3.8e-021
02800 230.0 008.3 -000.2 100 100 5.5e-021
02860 227.0 008.6 0000.0 100 100 3.7e-021
02920 227.0 008.9 -000.1 100 100 4.4e-021
02980 225.0 008.8 0000.4 100 100 5.3e-021
03040 224.0 008.3 0000.0 100 100 9.2e-021
03100 223.0 008.6 0000.0 100 100 5.9e-021
03160 218.0 009.0 0000.0 100 100 8.7e-021
03220 224.0 008.3 -000.0 100 100 1.2e-020
03280 226.0 009.1 -000.8 100 100 7.1e-021
03340 222.0 008.9 0000.0 100 100 3.6e-021
03400 220.0 009.2 0000.0 100 100 2.3e-021
03460 219.0 008.9 0000.0 100 100 2.9e-021
03520 215.0 008.9 0000.0 100 100 3.9e-021
03580 214.0 009.6 0000.0 100 100 2.8e-021
03640 214.0 009.7 0000.0 100 100 1.2e-021
03700 208.0 009.1 -000.1 100 100 3.7e-021
03760 209.0 008.7 -000.0 100 100 3.4e-021
03820 196.0 007.3 0000.1 100 100 7.4e-021
03880 196.0 007.5 -000.1 100 100 7.3e-021
03940 213.0 009.1 0000.2 100 100 5.1e-021
04000 217.0 008.9 0000.1 100 100 5.0e-021
04060 216.0 011.3 0000.0 100 100 4.2e-021
04120 220.0 010.4 0000.3 100 100 9.0e-021
04180 224.0 011.0 0000.3 100 100 2.0e-020
04240 221.0 011.1 0000.3 100 100 2.5e-020
04300 222.0 011.1 0000.3 100 100 2.4e-020
04360 222.0 011.0 0000.2 100 100 2.7e-020
04420 224.0 011.3 0000.3 100 100 1.8e-020
04480 228.0 010.3 0000.0 100 100 2.3e-021
04540 229.0 010.1 0000.0 100 100 1.1e-020
04600 232.0 010.0 0000.0 100 100 7.2e-021
04660 230.0 010.8 0000.0 100 100 1.0e-020
04720 ///// ///// -001.1 000 000 4.0e-021
04780 ///// ///// 0000.0 000 000 3.1e-021
04840 ///// ///// 0001.0 000 000 3.5e-021
04900 ///// ///// 0000.0 000 000 4.5e-021
04960 ///// ///// 0000.6 000 000 1.4e-021
05020 ///// ///// 0000.0 000 000 3.7e-021
05080 ///// ///// 0000.0 000 000 1.3e-021
05140 205.0 004.7 0000.0 100 100 1.1e-021
05200 197.0 003.9 0000.0 100 100 3.8e-021
05260 228.0 004.8 0000.7 100 100 4.8e-021
05320 213.0 005.3 0000.0 100 100 5.4e-021
05380 215.0 004.3 0000.0 100 100 5.5e-021
05440 202.0 004.2 0000.2 100 100 3.9e-021
05500 ///// ///// 0000.0 000 000 5.3e-021
05560 ///// ///// 0000.0 000 000 5.0e-021
05620 ///// ///// 0000.0 000 000 4.5e-021
05680 ///// ///// 0000.0 000 000 4.8e-021
05740 ///// ///// 0000.0 000 000 1.1e-021
05800 ///// ///// 0000.0 000 000 5.1e-021
05860 ///// ///// -000.0 000 000 3.7e-021
05920 ///// ///// 0000.0 000 000 2.0e-021
05980 ///// ///// 0000.0 000 000 2.2e-021
NNNN
