WNDROBS 01.20
57793 0114.3600 027.7900 00130.0 LC 20130628034500
ROBS
00100 319.0 003.4 -000.4 100 100 3.5e-021
00160 314.0 003.4 -000.1 100 100 2.0e-020
00220 315.0 003.9 -000.1 100 100 1.8e-020
00280 320.0 004.5 -000.2 100 100 1.1e-020
00340 321.0 005.0 -000.2 100 100 1.4e-020
00400 319.0 005.3 -000.2 100 100 5.2e-021
00460 311.0 004.0 -000.3 100 100 4.7e-021
00520 302.0 004.1 0000.0 100 100 1.1e-020
00580 306.0 003.8 0000.1 100 100 7.3e-021
00640 312.0 003.4 0000.1 100 100 1.0e-020
00700 235.0 002.9 0000.2 100 100 4.4e-021
00760 226.0 004.1 0000.2 100 100 9.4e-021
00820 214.0 005.9 0000.3 100 100 8.1e-021
00880 218.0 007.0 0000.2 100 100 2.0e-020
00940 224.0 006.8 0000.1 100 100 4.0e-020
01000 221.0 007.5 0000.0 100 100 3.7e-020
01060 222.0 008.7 -000.1 100 100 1.7e-020
01120 223.0 009.1 -000.4 100 100 1.8e-020
01180 222.0 010.4 -000.3 100 100 2.5e-020
01240 221.0 012.0 -000.2 100 100 2.5e-020
01300 222.0 013.1 -000.2 100 100 1.5e-020
01360 224.0 014.0 -000.1 100 100 1.5e-020
01420 225.0 014.5 -000.3 100 100 1.0e-020
01480 226.0 014.7 -000.1 100 100 9.5e-021
01540 226.0 014.9 -000.0 100 100 8.7e-021
01600 226.0 015.4 -000.1 100 100 7.0e-021
01660 229.0 015.2 0000.0 100 100 6.6e-021
01720 231.0 015.0 -000.1 100 100 7.9e-021
01780 227.0 014.3 -000.4 100 100 6.1e-021
01840 225.0 013.8 -000.1 100 100 5.2e-021
01900 228.0 013.0 -000.0 100 100 5.2e-021
01960 228.0 012.4 0000.3 100 100 5.8e-021
02020 225.0 013.1 0000.1 100 100 2.4e-021
02080 231.0 012.5 0000.2 100 100 3.3e-021
02140 236.0 012.2 -000.3 100 100 5.4e-021
02200 238.0 012.2 0000.7 100 100 7.0e-021
02260 238.0 011.8 0000.0 100 100 1.1e-020
02320 238.0 011.9 0000.4 100 100 1.0e-020
02380 240.0 011.4 0000.2 100 100 1.1e-020
02440 239.0 012.4 0000.7 100 100 5.9e-021
02500 247.0 012.4 0000.0 100 100 2.4e-021
02560 250.0 012.1 0000.0 100 100 2.5e-021
02620 247.0 010.3 0000.0 100 100 3.4e-021
02680 241.0 011.1 0000.2 100 100 5.4e-021
02740 242.0 011.1 0000.5 100 100 6.1e-021
02800 240.0 011.1 0000.9 100 100 4.4e-021
02860 243.0 011.5 -000.1 100 100 4.3e-021
02920 244.0 011.6 -000.0 100 100 8.0e-021
02980 245.0 012.0 -000.4 100 100 9.6e-021
03040 244.0 011.7 -000.2 100 100 6.4e-021
03100 245.0 012.0 0000.2 100 100 6.5e-021
03160 244.0 012.1 -000.2 100 100 8.9e-021
03220 246.0 012.4 0000.1 100 100 5.9e-021
03280 243.0 013.2 0000.5 100 100 5.0e-021
03340 243.0 013.4 0000.0 100 100 4.3e-021
03400 244.0 012.9 0001.3 100 100 1.6e-021
03460 244.0 013.1 -000.7 100 100 5.1e-021
03520 244.0 013.2 0000.0 100 100 5.3e-021
03580 242.0 012.6 0000.0 100 100 3.0e-021
03640 244.0 013.5 0000.0 100 100 4.6e-021
03700 240.0 015.0 -000.3 100 100 3.9e-021
03760 241.0 014.7 -000.3 100 100 3.2e-021
03820 245.0 014.2 0000.0 100 100 2.9e-021
03880 236.0 013.3 0000.0 100 100 3.4e-021
03940 251.0 018.1 -001.2 100 100 2.7e-021
04000 256.0 018.0 0000.0 100 100 2.8e-021
04060 256.0 018.1 -001.3 100 100 2.6e-021
04120 255.0 018.4 -000.4 100 100 3.4e-021
04180 253.0 016.2 0000.4 100 100 4.7e-021
04240 245.0 018.1 0000.0 100 100 1.7e-021
04300 238.0 019.3 0000.0 100 100 6.5e-021
04360 239.0 019.5 0000.0 100 100 3.7e-021
04420 242.0 019.3 0000.0 100 100 9.7e-021
04480 245.0 019.1 0000.0 100 100 6.8e-021
04540 ///// ///// 0000.0 000 000 7.0e-021
04600 ///// ///// 0000.0 000 000 3.8e-021
04660 ///// ///// 0000.1 000 000 7.6e-021
04720 ///// ///// 0000.0 000 000 8.5e-021
04780 ///// ///// -000.8 000 000 6.5e-021
04840 ///// ///// 0000.0 000 000 5.1e-021
04900 ///// ///// 0000.0 000 000 3.4e-021
04960 ///// ///// 0000.0 000 000 3.8e-021
05020 ///// ///// 0000.0 000 000 2.9e-021
05080 ///// ///// 0000.0 000 000 4.7e-021
05140 ///// ///// 0000.5 000 000 4.4e-021
05200 ///// ///// 0000.0 000 000 2.2e-021
05260 ///// ///// 0000.0 000 000 4.7e-021
05320 ///// ///// 0000.0 000 000 1.2e-021
05380 ///// ///// 0000.0 000 000 4.1e-021
05440 ///// ///// 0000.0 000 000 2.5e-021
05500 ///// ///// 0000.0 000 000 4.4e-021
05560 ///// ///// 0000.0 000 000 4.6e-021
05620 ///// ///// 0000.0 000 000 4.4e-021
05680 ///// ///// 0000.0 000 000 5.3e-021
05740 ///// ///// 0000.0 000 000 4.6e-021
05800 ///// ///// 0000.0 000 000 2.3e-021
05860 ///// ///// 0000.0 000 000 5.0e-021
05920 ///// ///// 0000.0 000 000 4.1e-021
05980 ///// ///// 0000.0 000 000 7.1e-021
NNNN
