WNDROBS 01.20
57793 0114.3600 027.7900 00130.0 LC 20130628012500
ROBS
00100 326.0 004.2 0000.7 100 100 1.5e-020
00160 326.0 004.7 0000.6 100 100 5.8e-020
00220 322.0 004.9 0000.3 100 100 8.1e-020
00280 329.0 004.1 -000.0 100 100 1.2e-019
00340 005.0 004.2 -000.2 100 100 1.2e-019
00400 008.0 004.0 -000.3 100 100 6.4e-020
00460 005.0 003.3 -000.3 100 100 4.6e-020
00520 005.0 001.2 -000.7 100 100 3.3e-020
00580 082.0 000.2 -001.1 100 100 3.1e-020
00640 243.0 000.1 -000.1 100 100 4.8e-020
00700 222.0 001.4 -000.3 100 100 1.7e-019
00760 202.0 002.3 -000.5 100 100 2.1e-019
00820 213.0 001.7 -000.4 100 100 1.1e-019
00880 197.0 002.9 0001.8 100 100 2.6e-020
00940 214.0 004.2 0000.2 100 100 3.8e-020
01000 222.0 005.2 -000.0 100 100 7.3e-020
01060 220.0 005.3 0000.3 100 100 2.6e-020
01120 222.0 006.4 0000.1 100 100 5.0e-020
01180 223.0 007.8 -000.1 100 100 5.6e-020
01240 225.0 009.4 -000.2 100 100 2.8e-020
01300 227.0 010.8 -000.2 100 100 8.4e-021
01360 225.0 011.8 -000.2 100 100 4.0e-021
01420 226.0 012.0 -000.3 100 100 4.1e-021
01480 225.0 012.5 -000.3 100 100 3.9e-021
01540 227.0 013.0 -000.2 100 100 8.3e-021
01600 229.0 013.4 -000.2 100 100 9.8e-021
01660 230.0 013.4 -000.0 100 100 1.1e-020
01720 231.0 014.0 -000.2 100 100 1.1e-020
01780 231.0 014.4 0000.3 100 100 1.0e-020
01840 232.0 015.7 -000.0 100 100 4.6e-021
01900 228.0 014.2 -000.1 100 100 6.1e-021
01960 231.0 016.0 0000.1 100 100 6.1e-021
02020 233.0 016.2 0000.0 100 100 7.2e-021
02080 231.0 015.8 -000.1 100 100 7.4e-021
02140 233.0 015.7 0000.2 100 100 1.1e-020
02200 235.0 015.7 -000.2 100 100 1.3e-020
02260 234.0 015.0 -000.1 100 100 1.2e-020
02320 227.0 011.9 -000.1 100 100 1.1e-020
02380 225.0 012.3 0000.3 100 100 1.0e-020
02440 222.0 011.8 -000.2 100 100 1.1e-020
02500 227.0 012.5 -000.5 100 100 1.3e-020
02560 230.0 012.8 0000.1 100 100 1.6e-020
02620 230.0 012.1 0000.2 100 100 1.5e-020
02680 233.0 011.8 0000.4 100 100 1.9e-020
02740 219.0 008.8 0000.4 100 100 1.8e-020
02800 223.0 008.9 0000.3 100 100 1.7e-020
02860 232.0 007.9 0000.4 100 100 1.0e-020
02920 228.0 008.0 0000.3 100 100 9.2e-021
02980 228.0 008.4 0000.1 100 100 6.5e-021
03040 209.0 011.1 0000.4 100 100 4.7e-021
03100 212.0 010.3 0000.1 100 100 3.2e-021
03160 216.0 009.5 0000.6 100 100 3.0e-021
03220 217.0 009.7 0000.0 100 100 2.7e-021
03280 217.0 009.8 0000.0 100 100 1.4e-021
03340 214.0 010.4 0000.0 100 100 3.7e-021
03400 229.0 013.6 0000.0 100 100 7.0e-021
03460 231.0 013.4 0001.2 100 100 6.8e-021
03520 236.0 013.5 -000.9 100 100 7.5e-021
03580 235.0 013.1 0000.0 100 100 6.1e-021
03640 239.0 013.9 0000.0 100 100 3.1e-021
03700 236.0 012.8 0000.0 100 100 2.8e-021
03760 242.0 012.1 0000.9 100 100 2.0e-021
03820 242.0 012.3 0000.0 100 100 7.5e-022
03880 244.0 013.0 0000.0 100 100 8.6e-022
03940 251.0 012.5 -000.4 100 100 1.4e-021
04000 ///// ///// 0000.0 000 000 9.4e-022
04060 ///// ///// -000.1 000 000 2.0e-021
04120 ///// ///// 0000.9 000 000 3.2e-021
04180 ///// ///// 0000.0 000 000 2.3e-021
04240 ///// ///// 0000.0 000 000 1.2e-021
04300 ///// ///// 0000.0 000 000 1.1e-021
04360 ///// ///// 0000.0 000 000 2.6e-021
04420 ///// ///// 0000.0 000 000 1.1e-021
04480 ///// ///// 0000.8 000 000 2.1e-021
04540 ///// ///// -000.6 000 000 2.9e-021
04600 ///// ///// 0000.0 000 000 1.2e-021
04660 ///// ///// 0000.0 000 000 1.7e-021
04720 ///// ///// 0000.0 000 000 1.2e-021
04780 ///// ///// 0000.0 000 000 2.6e-021
04840 ///// ///// 0000.0 000 000 2.2e-021
04900 ///// ///// 0000.0 000 000 3.5e-021
04960 ///// ///// 0000.0 000 000 1.1e-021
05020 ///// ///// 0000.0 000 000 2.8e-021
05080 ///// ///// 0001.3 000 000 1.5e-021
05140 ///// ///// 0000.0 000 000 3.5e-021
05200 ///// ///// 0000.2 000 000 4.3e-021
05260 ///// ///// 0000.0 000 000 1.5e-021
05320 ///// ///// 0000.0 000 000 3.7e-021
05380 ///// ///// 0000.0 000 000 1.9e-021
05440 ///// ///// -000.9 000 000 4.8e-021
05500 ///// ///// 0000.0 000 000 3.1e-021
05560 ///// ///// 0000.0 000 000 2.1e-021
05620 ///// ///// 0000.0 000 000 1.8e-021
05680 ///// ///// 0000.0 000 000 4.6e-021
05740 ///// ///// 0000.0 000 000 1.4e-021
05800 ///// ///// 0000.0 000 000 3.0e-021
05860 ///// ///// 0000.0 000 000 1.6e-021
05920 ///// ///// 0000.0 000 000 2.3e-021
05980 ///// ///// 0000.0 000 000 6.1e-021
NNNN
