WNDROBS 01.20
57793 0114.3600 027.7900 00130.0 LC 20130628044500
ROBS
00100 053.0 008.6 0002.7 100 100 5.0e-019
00160 053.0 009.5 0003.7 100 100 2.9e-018
00220 056.0 005.0 0003.4 100 100 3.6e-018
00280 208.0 004.8 0005.2 100 100 4.5e-018
00340 215.0 005.5 0003.5 100 100 7.4e-018
00400 214.0 006.3 0002.8 100 100 8.5e-018
00460 214.0 006.6 0002.8 100 100 9.9e-018
00520 213.0 007.3 0002.9 100 100 1.3e-017
00580 215.0 008.5 0002.9 100 100 1.2e-017
00640 210.0 011.1 0007.1 100 100 2.3e-017
00700 221.0 011.3 0006.7 100 100 1.9e-017
00760 221.0 011.9 0006.6 100 100 2.4e-017
00820 218.0 012.3 0006.7 100 100 1.9e-017
00880 232.0 014.1 0006.4 100 100 2.9e-017
00940 232.0 015.5 0006.1 100 100 4.1e-017
01000 232.0 016.7 0006.4 100 100 5.0e-017
01060 223.0 017.0 0006.6 100 100 6.5e-018
01120 225.0 017.4 0006.4 100 100 8.3e-018
01180 226.0 018.4 0006.5 100 100 9.6e-018
01240 227.0 019.4 0006.4 100 100 1.1e-017
01300 237.0 019.2 0006.7 100 100 6.5e-018
01360 238.0 020.6 0006.5 100 100 2.5e-018
01420 237.0 021.9 0006.3 100 100 6.7e-018
01480 238.0 022.9 0005.9 100 100 7.0e-018
01540 238.0 024.0 0005.9 100 100 7.5e-018
01600 240.0 024.9 0006.2 100 100 7.0e-018
01660 240.0 025.7 0006.3 100 100 6.8e-018
01720 232.0 028.3 0006.1 100 100 1.2e-017
01780 231.0 028.4 0006.5 100 100 1.1e-017
01840 232.0 028.6 0006.6 100 100 1.0e-017
01900 233.0 028.5 0006.4 100 100 1.0e-017
01960 232.0 028.4 0006.5 100 100 1.0e-017
02020 233.0 028.0 0006.5 100 100 1.0e-017
02080 233.0 027.8 0006.5 100 100 1.0e-017
02140 233.0 028.1 0006.5 100 100 8.7e-018
02200 234.0 028.2 0006.5 100 100 8.4e-018
02260 234.0 028.4 0006.4 100 100 8.1e-018
02320 234.0 028.3 0006.4 100 100 7.6e-018
02380 234.0 028.5 0006.4 100 100 7.8e-018
02440 234.0 027.7 0006.5 100 100 9.1e-018
02500 232.0 027.2 0006.3 100 100 9.8e-018
02560 232.0 027.1 0006.5 100 100 9.8e-018
02620 231.0 026.7 0006.4 100 100 1.1e-017
02680 229.0 026.4 0006.3 100 100 1.0e-017
02740 229.0 026.5 0006.2 100 100 9.3e-018
02800 230.0 026.3 0005.8 100 100 8.8e-018
02860 230.0 026.2 0006.0 100 100 7.9e-018
02920 230.0 026.2 0006.0 100 100 7.0e-018
02980 232.0 026.9 0005.8 100 100 6.1e-018
03040 232.0 027.1 0005.8 100 100 5.2e-018
03100 234.0 027.8 0005.7 100 100 4.5e-018
03160 235.0 028.1 0005.8 100 100 3.9e-018
03220 235.0 027.3 0005.8 100 100 4.3e-018
03280 235.0 027.9 0005.4 100 100 4.1e-018
03340 234.0 027.5 0005.8 100 100 4.1e-018
03400 246.0 025.1 0000.0 100 100 1.7e-019
03460 246.0 024.4 0005.6 100 100 3.0e-018
03520 246.0 025.9 0005.6 100 100 2.4e-018
03580 247.0 026.3 0005.5 100 100 2.7e-018
03640 246.0 026.3 0005.8 100 100 2.8e-018
03700 247.0 025.9 0005.5 100 100 2.7e-018
03760 249.0 025.7 0006.9 100 100 2.7e-018
03820 250.0 026.0 0007.0 100 100 2.6e-018
03880 251.0 026.6 0007.0 100 100 2.6e-018
03940 251.0 027.2 0007.2 100 100 2.7e-018
04000 252.0 027.0 0007.2 100 100 2.4e-018
04060 254.0 026.9 0007.3 100 100 2.0e-018
04120 255.0 026.5 0007.3 100 100 2.2e-018
04180 253.0 027.6 0007.2 100 100 2.6e-018
04240 254.0 027.0 0007.3 100 100 2.4e-018
04300 254.0 027.6 0007.4 100 100 2.3e-018
04360 254.0 027.4 0007.0 100 100 2.8e-018
04420 252.0 028.8 0007.0 100 100 2.7e-018
04480 253.0 027.5 0007.0 100 100 2.3e-018
04540 253.0 026.3 0007.3 100 100 2.0e-018
04600 255.0 027.6 0006.7 100 100 2.5e-018
04660 252.0 026.4 0006.2 100 100 2.8e-018
04720 ///// ///// 0005.5 000 000 2.2e-018
04780 251.0 018.3 0003.7 100 100 7.0e-019
04840 ///// ///// 0003.5 000 000 9.4e-019
04900 253.0 018.9 0003.4 100 100 9.9e-019
04960 ///// ///// 0003.4 000 000 9.2e-019
05020 240.0 017.9 0003.4 100 100 1.1e-018
05080 235.0 017.4 0003.1 100 100 1.3e-018
05140 248.0 029.5 0002.8 100 100 1.3e-018
05200 249.0 028.8 0002.6 100 100 1.2e-018
05260 248.0 028.2 0002.5 100 100 1.2e-018
05320 248.0 026.9 0002.4 100 100 9.0e-019
05380 223.0 014.7 0002.4 100 100 1.0e-018
05440 231.0 017.0 0002.4 100 100 7.9e-019
05500 242.0 024.8 0002.2 100 100 7.3e-019
05560 ///// ///// 0002.2 000 000 5.0e-019
05620 240.0 023.4 0002.1 100 100 6.5e-019
05680 240.0 022.9 0002.0 100 100 4.8e-019
05740 239.0 021.5 0001.9 100 100 5.5e-019
05800 239.0 021.2 0001.8 100 100 5.0e-019
05860 239.0 020.7 0001.8 100 100 5.3e-019
05920 240.0 021.4 0001.7 100 100 5.9e-019
05980 240.0 021.1 0001.7 100 100 5.1e-019
NNNN
