WNDROBS 01.20
57793 0114.3600 027.7900 00130.0 LC 20130629124000
ROBS
00100 094.0 004.3 0000.5 100 100 4.5e-020
00160 094.0 004.8 0000.6 100 100 9.7e-020
00220 113.0 003.3 0000.2 100 100 1.8e-020
00280 127.0 004.4 0000.0 100 100 1.9e-020
00340 126.0 004.8 0000.1 100 100 2.5e-020
00400 125.0 005.3 0000.1 100 100 3.9e-020
00460 136.0 006.6 -000.0 100 100 6.4e-020
00520 144.0 007.5 0000.1 100 100 1.1e-019
00580 152.0 008.1 0000.2 100 100 1.8e-020
00640 165.0 009.2 0000.3 100 100 1.0e-020
00700 165.0 010.0 0000.1 100 100 1.5e-020
00760 155.0 010.5 0000.1 100 100 7.4e-021
00820 163.0 011.0 0000.0 100 100 1.2e-020
00880 171.0 012.1 0000.0 100 100 2.8e-020
00940 168.0 011.6 -000.1 100 100 1.8e-020
01000 170.0 010.2 -000.0 100 100 1.7e-020
01060 172.0 010.1 0000.1 100 100 7.0e-021
01120 177.0 009.0 -000.1 100 100 1.4e-020
01180 177.0 008.2 -000.2 100 100 2.5e-020
01240 175.0 008.1 -000.4 100 100 4.1e-020
01300 180.0 007.4 -000.6 100 100 6.1e-020
01360 190.0 007.2 -000.6 100 100 4.8e-020
01420 192.0 006.5 -000.2 100 100 3.6e-020
01480 194.0 005.5 0000.0 100 100 6.0e-020
01540 199.0 005.3 -000.1 100 100 6.3e-020
01600 209.0 005.2 0000.1 100 100 3.5e-020
01660 217.0 005.7 0000.0 100 100 1.4e-020
01720 214.0 007.3 0000.0 100 100 1.1e-020
01780 225.0 008.3 -000.1 100 100 1.5e-020
01840 228.0 008.8 -000.0 100 100 1.2e-020
01900 232.0 008.7 0000.1 100 100 1.0e-020
01960 232.0 008.9 -000.0 100 100 7.0e-021
02020 230.0 009.7 -000.6 100 100 5.0e-021
02080 222.0 010.0 -000.3 100 100 3.3e-021
02140 224.0 011.1 0000.2 100 100 2.8e-021
02200 215.0 011.3 0000.9 100 100 2.2e-021
02260 215.0 015.3 -001.2 100 100 2.2e-021
02320 224.0 011.9 -000.0 100 100 3.9e-021
02380 228.0 013.6 0000.0 100 100 3.1e-021
02440 228.0 014.4 -000.2 100 100 4.7e-021
02500 231.0 012.9 -000.2 100 100 6.4e-021
02560 229.0 012.4 -000.3 100 100 6.0e-021
02620 231.0 012.9 -000.1 100 100 3.6e-021
02680 219.0 011.3 0000.0 100 100 8.8e-022
02740 220.0 011.2 0000.0 100 100 2.3e-021
02800 220.0 011.3 0000.0 100 100 2.8e-021
02860 218.0 011.0 0000.0 100 100 1.7e-021
02920 218.0 011.1 -000.3 100 100 3.7e-021
02980 240.0 011.2 -000.3 100 100 1.1e-021
03040 235.0 011.6 -000.1 100 100 4.0e-021
03100 235.0 011.5 0000.0 100 100 3.8e-021
03160 219.0 008.0 -000.3 100 100 2.7e-021
03220 226.0 006.6 0000.0 100 100 2.8e-021
03280 226.0 006.7 -001.3 100 100 2.8e-021
03340 252.0 005.2 -000.0 100 100 2.2e-021
03400 243.0 005.4 0000.0 100 100 1.2e-021
03460 260.0 004.9 0000.0 100 100 3.4e-021
03520 244.0 004.2 0000.0 100 100 2.5e-021
03580 243.0 003.1 0000.0 100 100 2.3e-021
03640 243.0 003.1 -001.0 100 100 3.3e-021
03700 242.0 003.2 0000.0 100 100 9.9e-022
03760 243.0 003.0 -000.7 100 100 1.0e-021
03820 243.0 005.2 0000.0 100 100 1.8e-021
03880 242.0 005.0 0000.2 100 100 2.2e-021
03940 243.0 005.1 0000.0 100 100 9.1e-022
04000 243.0 005.1 0000.0 100 100 2.1e-021
04060 ///// ///// 0000.2 000 000 2.3e-021
04120 ///// ///// 0000.0 000 000 2.2e-021
04180 ///// ///// 0000.0 000 000 2.6e-021
04240 ///// ///// 0000.0 000 000 1.2e-021
04300 ///// ///// 0000.0 000 000 4.0e-022
04360 ///// ///// 0000.0 000 000 1.1e-021
04420 ///// ///// 0000.0 000 000 1.2e-021
04480 ///// ///// 0000.0 000 000 1.0e-021
04540 ///// ///// 0000.2 000 000 3.7e-021
04600 ///// ///// 0000.3 000 000 2.5e-021
04660 ///// ///// 0000.1 000 000 3.5e-021
04720 ///// ///// 0000.0 000 000 3.8e-021
04780 ///// ///// 0000.0 000 000 1.3e-021
04840 ///// ///// 0000.1 000 000 4.0e-021
04900 ///// ///// 0000.0 000 000 2.4e-021
04960 ///// ///// 0000.0 000 000 2.4e-021
05020 ///// ///// 0000.0 000 000 3.4e-021
05080 ///// ///// 0000.0 000 000 3.5e-021
05140 ///// ///// 0000.0 000 000 4.1e-021
05200 ///// ///// 0000.0 000 000 1.5e-021
05260 ///// ///// 0000.0 000 000 3.3e-021
05320 ///// ///// 0000.0 000 000 1.6e-021
05380 ///// ///// 0000.9 000 000 1.7e-021
05440 ///// ///// 0000.0 000 000 1.1e-021
05500 ///// ///// 0000.0 000 000 6.5e-022
05560 ///// ///// -001.7 000 000 2.2e-021
05620 ///// ///// 0000.0 000 000 5.0e-021
05680 ///// ///// -000.1 000 000 2.6e-021
05740 ///// ///// 0000.0 000 000 5.7e-021
05800 ///// ///// 0000.0 000 000 4.6e-021
05860 ///// ///// 0000.0 000 000 4.8e-021
05920 ///// ///// 0000.0 000 000 4.6e-021
05980 ///// ///// 0000.0 000 000 2.8e-021
NNNN
