WNDROBS 01.20
57793 0114.3600 027.7900 00130.0 LC 20130629182500
ROBS
00100 064.0 001.6 -000.1 100 100 1.6e-021
00160 074.0 003.3 -000.1 100 100 7.3e-021
00220 096.0 003.1 -000.1 100 100 1.2e-020
00280 109.0 003.5 -000.1 100 100 1.2e-020
00340 138.0 004.9 -000.2 100 100 7.6e-021
00400 142.0 003.9 -000.2 100 100 1.5e-020
00460 158.0 004.7 -000.3 100 100 1.5e-020
00520 159.0 006.3 -000.3 100 100 2.0e-020
00580 166.0 007.4 -000.3 100 100 5.5e-020
00640 173.0 007.8 0000.1 100 100 2.9e-020
00700 174.0 008.4 0000.2 100 100 5.0e-020
00760 184.0 008.1 0000.4 100 100 1.3e-019
00820 185.0 007.7 0000.3 100 100 8.3e-020
00880 190.0 007.0 -000.1 100 100 2.3e-020
00940 203.0 005.9 0000.1 100 100 2.0e-020
01000 199.0 004.5 0000.3 100 100 1.6e-020
01060 192.0 003.7 -000.3 100 100 8.0e-021
01120 205.0 002.4 -000.3 100 100 6.7e-021
01180 219.0 002.8 -000.2 100 100 7.1e-021
01240 216.0 003.7 -000.2 100 100 5.2e-021
01300 215.0 003.6 0000.2 100 100 2.4e-021
01360 211.0 004.8 -000.4 100 100 1.0e-021
01420 215.0 004.6 0000.6 100 100 1.5e-021
01480 197.0 006.7 -000.2 100 100 1.4e-021
01540 207.0 004.3 -000.2 100 100 3.5e-021
01600 214.0 006.1 -000.4 100 100 1.2e-020
01660 215.0 006.8 -000.4 100 100 1.8e-020
01720 213.0 007.7 -000.4 100 100 1.8e-020
01780 219.0 008.9 -000.3 100 100 1.1e-020
01840 222.0 009.3 -000.4 100 100 7.2e-021
01900 227.0 010.5 -000.4 100 100 5.2e-021
01960 195.0 007.5 -000.4 100 100 9.2e-021
02020 199.0 007.3 -000.7 100 100 3.0e-021
02080 204.0 007.0 -000.6 100 100 2.3e-021
02140 206.0 006.9 -000.5 100 100 2.2e-021
02200 211.0 006.1 0000.5 100 100 1.3e-021
02260 224.0 009.2 -000.5 100 100 1.7e-021
02320 226.0 010.5 -000.4 100 100 2.5e-021
02380 213.0 008.6 -000.4 100 100 2.2e-021
02440 209.0 009.5 -000.4 100 100 2.3e-021
02500 214.0 008.5 0000.0 100 100 2.0e-021
02560 206.0 007.4 -000.3 100 100 3.1e-021
02620 236.0 010.2 -000.4 100 100 4.1e-021
02680 235.0 008.6 -000.5 100 100 3.6e-021
02740 235.0 008.4 -000.3 100 100 3.7e-021
02800 230.0 007.6 -000.2 100 100 3.8e-021
02860 231.0 007.5 0000.0 100 100 3.0e-021
02920 232.0 007.5 -000.0 100 100 2.7e-021
02980 229.0 007.5 -000.2 100 100 2.6e-021
03040 228.0 007.8 -000.2 100 100 3.2e-021
03100 225.0 007.7 0000.0 100 100 2.4e-021
03160 222.0 008.0 -000.3 100 100 3.0e-021
03220 222.0 008.3 0001.0 100 100 3.0e-021
03280 217.0 008.0 0000.0 100 100 3.8e-021
03340 206.0 005.4 0000.0 100 100 3.0e-021
03400 209.0 005.6 0000.0 100 100 3.8e-021
03460 212.0 005.8 -000.0 100 100 4.1e-021
03520 206.0 004.9 0000.1 100 100 3.0e-021
03580 203.0 005.4 0000.2 100 100 3.5e-021
03640 207.0 006.8 0000.2 100 100 5.1e-021
03700 199.0 006.4 0000.3 100 100 5.8e-021
03760 205.0 007.0 0000.3 100 100 5.0e-021
03820 196.0 006.8 0000.4 100 100 4.9e-021
03880 205.0 007.8 0000.5 100 100 9.7e-021
03940 201.0 008.2 0000.5 100 100 9.5e-021
04000 192.0 008.1 0000.4 100 100 8.2e-021
04060 192.0 009.4 0000.0 100 100 4.3e-021
04120 193.0 010.9 0000.0 100 100 1.5e-021
04180 184.0 008.2 0000.0 100 100 2.6e-021
04240 210.0 007.2 0000.0 100 100 1.7e-021
04300 198.0 006.7 0000.0 100 100 3.7e-022
04360 ///// ///// 0000.0 000 000 9.7e-022
04420 ///// ///// 0000.0 000 000 2.6e-021
04480 ///// ///// 0000.6 000 000 2.4e-021
04540 ///// ///// 0000.0 000 000 1.0e-021
04600 ///// ///// 0000.0 000 000 2.4e-021
04660 ///// ///// 0000.0 000 000 1.2e-021
04720 ///// ///// 0000.0 000 000 2.3e-021
04780 ///// ///// 0000.0 000 000 2.6e-021
04840 ///// ///// 0000.0 000 000 1.2e-021
04900 ///// ///// 0000.0 000 000 4.5e-022
04960 ///// ///// 0000.2 000 000 4.5e-021
05020 ///// ///// 0000.2 000 000 4.3e-021
05080 225.0 006.1 0000.0 100 100 1.8e-021
05140 ///// ///// 0000.0 000 000 4.7e-022
05200 ///// ///// 0000.4 000 000 6.5e-021
05260 ///// ///// 0000.0 000 000 2.5e-021
05320 ///// ///// 0000.0 000 000 3.9e-021
05380 251.0 007.5 0000.0 100 100 2.0e-021
05440 ///// ///// 0000.0 000 000 3.0e-021
05500 ///// ///// 0000.0 000 000 1.4e-021
05560 ///// ///// 0000.0 000 000 3.8e-021
05620 ///// ///// 0000.0 000 000 5.2e-022
05680 ///// ///// 0000.0 000 000 1.8e-021
05740 ///// ///// -000.0 000 000 5.0e-021
05800 ///// ///// -000.1 000 000 4.2e-021
05860 ///// ///// 0000.0 000 000 2.7e-021
05920 ///// ///// 0000.0 000 000 1.7e-021
05980 ///// ///// 0000.0 000 000 2.3e-021
NNNN
