WNDROBS 01.20
57793 0114.3600 027.7900 00130.0 LC 20130629193000
ROBS
00100 125.0 006.5 0001.4 100 100 3.3e-021
00160 125.0 007.2 0001.6 100 100 7.1e-021
00220 125.0 004.0 0000.9 100 100 4.8e-021
00280 129.0 004.1 0000.9 100 100 6.8e-021
00340 133.0 004.2 -000.1 100 100 1.2e-020
00400 153.0 003.7 -000.1 100 100 1.6e-020
00460 157.0 005.7 -000.1 100 100 5.4e-020
00520 160.0 006.7 -000.3 100 100 8.3e-020
00580 169.0 007.6 -000.1 100 100 9.0e-020
00640 170.0 007.8 -000.3 100 100 4.5e-020
00700 183.0 007.0 -000.3 100 100 1.2e-019
00760 186.0 006.5 -000.2 100 100 4.5e-020
00820 190.0 006.9 0000.1 100 100 1.3e-020
00880 192.0 006.1 0000.0 100 100 1.8e-020
00940 203.0 003.3 -000.3 100 100 1.6e-020
01000 189.0 003.1 -000.3 100 100 1.6e-020
01060 181.0 003.7 -000.1 100 100 5.7e-021
01120 194.0 004.0 0001.3 100 100 2.6e-021
01180 212.0 004.1 -000.2 100 100 1.9e-021
01240 215.0 005.6 -000.2 100 100 1.8e-021
01300 207.0 005.9 -000.2 100 100 1.2e-021
01360 203.0 006.0 0000.0 100 100 1.3e-021
01420 216.0 006.4 -000.2 100 100 1.8e-021
01480 213.0 007.9 0000.1 100 100 1.8e-021
01540 214.0 008.4 -000.2 100 100 3.2e-021
01600 214.0 008.9 -000.2 100 100 2.5e-021
01660 217.0 008.8 -000.0 100 100 4.9e-021
01720 216.0 009.8 -000.1 100 100 3.7e-021
01780 221.0 010.3 -000.4 100 100 3.1e-021
01840 225.0 010.1 -000.1 100 100 2.4e-021
01900 229.0 010.1 -000.3 100 100 2.2e-021
01960 221.0 009.0 -000.1 100 100 2.1e-021
02020 226.0 010.6 -000.2 100 100 2.2e-021
02080 225.0 010.5 0000.5 100 100 3.0e-021
02140 225.0 010.6 0000.0 100 100 2.7e-021
02200 225.0 010.7 0000.0 100 100 3.1e-021
02260 223.0 011.2 0000.2 100 100 2.7e-021
02320 225.0 011.5 -001.9 100 100 1.0e-021
02380 184.0 007.3 0000.4 100 100 1.1e-021
02440 184.0 007.3 0000.0 100 100 1.2e-021
02500 203.0 008.2 0000.0 100 100 1.8e-021
02560 203.0 008.3 -000.4 100 100 1.9e-021
02620 203.0 008.4 -000.3 100 100 1.7e-021
02680 184.0 007.6 0000.0 100 100 1.2e-021
02740 134.0 004.3 -000.5 100 100 1.4e-021
02800 ///// ///// -000.2 000 000 2.1e-021
02860 ///// ///// -000.1 000 000 2.6e-021
02920 ///// ///// -000.3 000 000 1.6e-021
02980 ///// ///// -000.0 000 000 2.1e-021
03040 ///// ///// 0000.0 000 000 2.2e-021
03100 ///// ///// 0000.0 000 000 1.9e-021
03160 ///// ///// -000.4 000 000 2.9e-021
03220 ///// ///// -000.4 000 000 2.6e-021
03280 ///// ///// -000.0 000 000 4.7e-021
03340 ///// ///// -000.2 000 000 2.7e-021
03400 ///// ///// -000.5 000 000 3.8e-021
03460 ///// ///// -000.1 000 000 8.0e-021
03520 ///// ///// 0000.0 000 000 6.0e-021
03580 ///// ///// 0000.0 000 000 4.1e-021
03640 ///// ///// -000.0 000 000 3.6e-021
03700 ///// ///// 0000.1 000 000 3.1e-021
03760 ///// ///// 0000.5 000 000 2.7e-021
03820 ///// ///// 0000.1 000 000 3.6e-021
03880 221.0 010.2 0000.1 100 100 7.8e-021
03940 214.0 009.7 0000.0 100 100 2.4e-021
04000 211.0 009.6 0000.2 100 100 1.5e-020
04060 216.0 010.1 0000.4 100 100 1.7e-020
04120 211.0 009.6 0000.1 100 100 1.4e-020
04180 208.0 010.2 0000.3 100 100 1.1e-020
04240 206.0 010.1 0000.0 100 100 5.5e-021
04300 212.0 011.5 0000.0 100 100 3.7e-021
04360 214.0 011.9 0000.9 100 100 1.6e-021
04420 ///// ///// 0000.0 000 000 1.4e-021
04480 ///// ///// 0000.5 000 000 3.9e-021
04540 ///// ///// 0000.0 000 000 2.1e-021
04600 ///// ///// 0000.0 000 000 1.3e-021
04660 ///// ///// 0000.0 000 000 2.0e-021
04720 ///// ///// 0000.0 000 000 2.1e-021
04780 ///// ///// 0000.0 000 000 1.3e-021
04840 ///// ///// 0000.0 000 000 3.1e-021
04900 ///// ///// 0000.0 000 000 3.7e-021
04960 ///// ///// 0000.0 000 000 5.1e-022
05020 ///// ///// 0000.0 000 000 3.9e-021
05080 ///// ///// 0000.0 000 000 2.0e-021
05140 ///// ///// 0000.0 000 000 1.5e-021
05200 ///// ///// 0000.0 000 000 4.1e-021
05260 ///// ///// 0000.0 000 000 1.4e-021
05320 ///// ///// 0000.3 000 000 3.3e-021
05380 ///// ///// 0000.0 000 000 1.6e-021
05440 ///// ///// 0002.7 000 000 4.0e-021
05500 ///// ///// 0000.0 000 000 5.1e-021
05560 ///// ///// 0000.0 000 000 5.5e-021
05620 ///// ///// 0000.0 000 000 4.7e-021
05680 ///// ///// 0000.0 000 000 4.6e-021
05740 ///// ///// 0000.0 000 000 5.2e-021
05800 ///// ///// 0000.0 000 000 3.3e-021
05860 ///// ///// 0000.0 000 000 1.9e-021
05920 ///// ///// 0000.0 000 000 3.9e-021
05980 ///// ///// 0000.0 000 000 1.6e-021
NNNN
