WNDROBS 01.20
57793 0114.3600 027.7900 00130.0 LC 20130629205000
ROBS
00100 093.0 002.8 0001.9 100 100 3.0e-021
00160 086.0 003.1 0002.1 100 100 6.4e-021
00220 064.0 003.2 0002.3 100 100 2.0e-021
00280 113.0 004.0 -000.0 100 100 7.1e-021
00340 129.0 002.8 0000.1 100 100 1.0e-020
00400 143.0 003.2 0000.2 100 100 1.5e-020
00460 156.0 003.7 0000.1 100 100 1.6e-020
00520 165.0 006.3 0000.0 100 100 7.0e-020
00580 167.0 007.3 -000.1 100 100 7.9e-020
00640 171.0 007.2 -000.2 100 100 5.3e-020
00700 181.0 006.3 -000.3 100 100 9.6e-020
00760 186.0 004.8 -000.3 100 100 6.0e-020
00820 191.0 003.4 -000.3 100 100 2.9e-020
00880 206.0 002.3 -000.2 100 100 2.3e-020
00940 225.0 001.8 -000.0 100 100 1.1e-020
01000 209.0 005.1 -000.1 100 100 8.4e-021
01060 209.0 003.8 0000.1 100 100 4.0e-021
01120 214.0 004.4 -000.1 100 100 2.5e-021
01180 212.0 005.6 0000.1 100 100 2.0e-021
01240 217.0 005.9 0000.0 100 100 2.3e-021
01300 225.0 006.9 0000.1 100 100 2.5e-021
01360 218.0 006.9 0000.1 100 100 2.5e-021
01420 220.0 007.9 0000.1 100 100 4.3e-021
01480 222.0 009.0 0000.1 100 100 5.5e-021
01540 223.0 010.0 0000.1 100 100 5.8e-021
01600 226.0 011.7 0000.0 100 100 3.8e-021
01660 227.0 012.3 0000.2 100 100 3.1e-021
01720 231.0 013.1 0000.2 100 100 4.2e-021
01780 229.0 012.7 -000.1 100 100 2.6e-021
01840 228.0 012.7 0000.0 100 100 1.5e-021
01900 230.0 012.4 0000.0 100 100 1.9e-021
01960 224.0 010.7 0000.0 100 100 1.5e-021
02020 217.0 009.3 -000.1 100 100 1.7e-021
02080 224.0 010.6 -000.3 100 100 2.4e-021
02140 209.0 008.5 -000.2 100 100 2.4e-021
02200 213.0 009.5 0000.0 100 100 9.0e-022
02260 218.0 008.6 -000.1 100 100 2.8e-021
02320 201.0 007.6 0000.0 100 100 1.8e-021
02380 215.0 007.6 -000.3 100 100 2.5e-021
02440 215.0 007.7 -000.4 100 100 2.9e-021
02500 216.0 007.9 -000.5 100 100 3.8e-021
02560 215.0 008.0 -000.2 100 100 2.9e-021
02620 217.0 007.7 -000.1 100 100 3.2e-021
02680 216.0 007.1 -000.4 100 100 2.5e-021
02740 224.0 007.6 0000.0 100 100 2.9e-021
02800 225.0 007.8 0000.0 100 100 4.2e-021
02860 222.0 007.1 -000.2 100 100 4.2e-021
02920 217.0 007.5 0000.1 100 100 6.2e-021
02980 218.0 007.4 0000.0 100 100 5.4e-021
03040 222.0 008.7 0000.0 100 100 6.9e-021
03100 218.0 008.5 0000.0 100 100 5.3e-021
03160 222.0 007.5 0000.0 100 100 7.2e-021
03220 219.0 008.0 0000.0 100 100 5.8e-021
03280 221.0 007.9 0000.2 100 100 6.0e-021
03340 219.0 008.1 0000.0 100 100 5.8e-021
03400 228.0 009.4 0000.0 100 100 4.9e-021
03460 236.0 011.8 0000.1 100 100 4.0e-021
03520 240.0 011.1 0000.0 100 100 2.5e-021
03580 239.0 010.1 0000.0 100 100 2.8e-021
03640 236.0 009.5 0000.0 100 100 3.5e-021
03700 236.0 009.6 -000.1 100 100 3.0e-021
03760 227.0 009.8 0000.0 100 100 2.2e-021
03820 230.0 011.0 0000.0 100 100 2.8e-021
03880 234.0 010.6 0000.2 100 100 2.7e-021
03940 248.0 010.4 0000.3 100 100 2.1e-021
04000 243.0 010.9 0000.2 100 100 3.2e-021
04060 240.0 008.6 0000.0 100 100 1.2e-021
04120 248.0 012.1 -000.2 100 100 3.7e-021
04180 243.0 011.2 0000.0 100 100 5.1e-021
04240 240.0 011.0 0000.0 100 100 2.7e-021
04300 233.0 011.1 0001.0 100 100 1.1e-020
04360 231.0 012.0 0000.0 100 100 7.1e-021
04420 232.0 012.3 -000.3 100 100 1.3e-020
04480 228.0 012.0 0000.0 100 100 4.5e-021
04540 232.0 011.6 0000.9 100 100 2.5e-021
04600 232.0 011.1 0000.0 100 100 4.1e-021
04660 241.0 012.2 0000.0 100 100 3.5e-021
04720 247.0 013.2 0000.0 100 100 1.9e-021
04780 ///// ///// -002.5 000 000 1.4e-021
04840 ///// ///// -000.2 000 000 3.5e-021
04900 ///// ///// 0000.0 000 000 3.0e-021
04960 ///// ///// 0000.0 000 000 4.4e-021
05020 ///// ///// -000.9 000 000 1.7e-021
05080 ///// ///// 0000.0 000 000 1.5e-021
05140 ///// ///// 0000.0 000 000 4.6e-021
05200 ///// ///// 0000.0 000 000 2.7e-021
05260 ///// ///// 0004.7 000 000 5.5e-021
05320 ///// ///// 0000.0 000 000 1.7e-021
05380 ///// ///// 0000.1 000 000 1.8e-021
05440 ///// ///// -002.3 000 000 5.2e-021
05500 ///// ///// -000.3 000 000 6.7e-021
05560 ///// ///// 0000.0 000 000 4.6e-021
05620 ///// ///// 0000.0 000 000 1.1e-021
05680 ///// ///// 0000.0 000 000 5.4e-021
05740 ///// ///// -000.2 000 000 8.9e-022
05800 ///// ///// 0000.0 000 000 4.8e-021
05860 ///// ///// 0000.0 000 000 6.1e-021
05920 ///// ///// 0000.0 000 000 2.6e-021
05980 ///// ///// -000.1 000 000 5.6e-021
NNNN
