WNDROBS 01.20
57793 0114.3600 027.7900 00130.0 LC 20130629145000
ROBS
00100 119.0 003.7 -000.7 100 100 1.2e-020
00160 119.0 004.1 -000.8 100 100 2.6e-020
00220 121.0 004.3 -000.4 100 100 2.8e-020
00280 115.0 005.6 -000.3 100 100 1.9e-020
00340 126.0 004.7 0000.1 100 100 1.8e-020
00400 126.0 005.2 0000.0 100 100 3.3e-020
00460 146.0 007.4 -000.1 100 100 9.2e-020
00520 165.0 009.3 -000.0 100 100 1.9e-020
00580 168.0 010.1 -000.2 100 100 6.3e-021
00640 171.0 011.2 -000.5 100 100 7.7e-021
00700 173.0 011.7 0000.0 100 100 9.5e-021
00760 167.0 012.6 0000.1 100 100 1.5e-020
00820 175.0 013.1 0000.2 100 100 7.6e-020
00880 174.0 016.2 0000.1 100 100 5.2e-020
00940 176.0 014.1 0000.1 100 100 1.2e-019
01000 178.0 012.9 0000.2 100 100 1.6e-019
01060 182.0 011.5 -000.2 100 100 7.0e-020
01120 185.0 010.4 -000.4 100 100 7.8e-020
01180 187.0 009.6 -000.3 100 100 6.2e-020
01240 187.0 008.6 -000.1 100 100 5.1e-020
01300 194.0 007.4 0000.1 100 100 4.3e-020
01360 196.0 006.2 0000.1 100 100 4.0e-020
01420 197.0 006.1 0000.0 100 100 2.9e-020
01480 203.0 006.5 0000.4 100 100 2.8e-020
01540 209.0 006.9 0000.2 100 100 3.1e-020
01600 213.0 007.9 -000.3 100 100 1.4e-020
01660 217.0 008.6 -000.3 100 100 1.4e-020
01720 222.0 009.4 -000.2 100 100 1.4e-020
01780 226.0 010.7 -000.2 100 100 1.1e-020
01840 230.0 011.0 -000.2 100 100 8.9e-021
01900 231.0 011.4 -000.1 100 100 1.1e-020
01960 234.0 010.8 -000.1 100 100 8.9e-021
02020 233.0 011.2 0000.1 100 100 4.8e-021
02080 229.0 010.7 -000.0 100 100 4.4e-021
02140 223.0 010.7 -000.0 100 100 4.2e-021
02200 226.0 011.6 -000.1 100 100 5.4e-021
02260 234.0 010.9 -000.1 100 100 5.5e-021
02320 230.0 011.2 -000.1 100 100 3.6e-021
02380 232.0 009.8 -000.2 100 100 4.1e-021
02440 228.0 007.7 -000.4 100 100 5.3e-021
02500 228.0 009.5 -000.2 100 100 3.7e-021
02560 224.0 009.3 0000.0 100 100 2.6e-021
02620 226.0 009.1 -000.2 100 100 2.8e-021
02680 220.0 010.0 -000.3 100 100 3.1e-021
02740 230.0 008.8 -000.3 100 100 3.4e-021
02800 235.0 009.6 0000.0 100 100 4.6e-021
02860 231.0 008.3 -000.5 100 100 2.8e-021
02920 239.0 011.5 -000.3 100 100 4.1e-021
02980 243.0 011.2 -000.3 100 100 3.9e-021
03040 243.0 011.3 -000.4 100 100 4.5e-021
03100 247.0 011.1 -000.5 100 100 5.7e-021
03160 242.0 011.6 -000.4 100 100 4.7e-021
03220 238.0 012.2 -000.3 100 100 6.5e-021
03280 231.0 011.3 -000.3 100 100 4.0e-021
03340 229.0 012.0 0000.0 100 100 3.2e-021
03400 244.0 010.5 0000.0 100 100 3.3e-021
03460 243.0 010.3 0000.0 100 100 2.3e-021
03520 243.0 010.4 0000.0 100 100 3.2e-021
03580 228.0 012.7 0000.0 100 100 1.8e-021
03640 212.0 012.7 0000.0 100 100 3.7e-021
03700 211.0 011.1 -000.2 100 100 4.8e-021
03760 211.0 011.1 0001.1 100 100 1.7e-021
03820 209.0 011.1 -000.5 100 100 4.8e-021
03880 211.0 011.7 0000.0 100 100 2.6e-021
03940 204.0 011.0 0000.0 100 100 5.1e-021
04000 205.0 010.8 -000.0 100 100 6.2e-021
04060 221.0 009.0 -000.0 100 100 5.2e-021
04120 219.0 009.3 0000.0 100 100 4.6e-021
04180 201.0 008.4 0000.0 100 100 4.2e-021
04240 188.0 008.5 0000.0 100 100 4.0e-022
04300 ///// ///// -000.1 000 000 2.5e-021
04360 ///// ///// -000.1 000 000 2.7e-021
04420 ///// ///// -000.4 000 000 1.1e-021
04480 ///// ///// 0000.0 000 000 4.2e-021
04540 ///// ///// 0000.0 000 000 1.9e-021
04600 ///// ///// 0000.0 000 000 4.7e-021
04660 ///// ///// 0000.1 000 000 7.8e-021
04720 ///// ///// -000.1 000 000 6.0e-021
04780 ///// ///// 0000.0 000 000 1.4e-021
04840 ///// ///// 0000.0 000 000 2.7e-021
04900 ///// ///// 0000.0 000 000 1.2e-021
04960 ///// ///// 0000.0 000 000 2.7e-021
05020 ///// ///// 0000.0 000 000 3.0e-021
05080 ///// ///// 0000.0 000 000 3.9e-021
05140 ///// ///// 0000.0 000 000 2.8e-021
05200 ///// ///// 0000.0 000 000 3.0e-021
05260 ///// ///// 0000.0 000 000 1.8e-021
05320 ///// ///// 0000.1 000 000 4.3e-021
05380 ///// ///// 0000.0 000 000 2.7e-021
05440 ///// ///// 0000.0 000 000 3.8e-021
05500 ///// ///// 0000.0 000 000 4.9e-021
05560 ///// ///// 0000.0 000 000 2.8e-021
05620 ///// ///// 0000.0 000 000 3.8e-021
05680 ///// ///// 0000.0 000 000 3.7e-021
05740 ///// ///// 0000.0 000 000 5.4e-021
05800 ///// ///// 0000.0 000 000 6.5e-022
05860 ///// ///// 0000.0 000 000 3.2e-021
05920 ///// ///// 0000.0 000 000 4.6e-021
05980 ///// ///// 0000.0 000 000 4.1e-021
NNNN
