WNDROBS 01.20
57793 0114.3600 027.7900 00130.0 LC 20130629104000
ROBS
00100 131.0 005.2 0000.7 100 100 2.4e-021
00160 131.0 005.8 0000.8 100 100 5.1e-021
00220 136.0 005.3 -000.3 100 100 7.2e-021
00280 130.0 006.5 -000.2 100 100 9.4e-021
00340 137.0 004.6 -000.1 100 100 2.8e-020
00400 137.0 005.2 -000.2 100 100 5.9e-020
00460 140.0 005.9 -000.1 100 100 9.5e-020
00520 147.0 007.9 0000.1 100 100 2.9e-020
00580 151.0 009.3 0000.0 100 100 9.5e-020
00640 153.0 010.1 -000.1 100 100 1.4e-019
00700 156.0 009.1 -000.1 100 100 6.5e-020
00760 161.0 007.2 -000.0 100 100 5.9e-020
00820 166.0 005.4 -000.1 100 100 3.7e-020
00880 223.0 007.0 -000.2 100 100 8.1e-021
00940 210.0 006.9 -000.1 100 100 8.4e-021
01000 210.0 007.1 -000.3 100 100 1.6e-020
01060 192.0 003.2 -000.4 100 100 1.0e-020
01120 205.0 003.9 -000.3 100 100 1.4e-020
01180 211.0 004.6 -000.2 100 100 1.7e-020
01240 219.0 005.9 -000.2 100 100 1.5e-020
01300 215.0 006.5 -000.2 100 100 1.3e-020
01360 217.0 007.7 -000.2 100 100 2.2e-020
01420 220.0 008.6 -000.4 100 100 3.3e-020
01480 221.0 009.3 -000.3 100 100 3.2e-020
01540 223.0 009.8 -000.3 100 100 2.4e-020
01600 224.0 010.2 -000.3 100 100 2.3e-020
01660 224.0 010.2 -000.2 100 100 2.5e-020
01720 228.0 010.6 -000.0 100 100 1.6e-020
01780 227.0 010.1 0000.0 100 100 6.8e-021
01840 224.0 009.5 -000.1 100 100 5.7e-021
01900 226.0 009.4 0000.0 100 100 5.6e-021
01960 226.0 009.1 0000.1 100 100 8.6e-021
02020 226.0 009.3 0000.1 100 100 9.4e-021
02080 226.0 008.7 0000.0 100 100 1.1e-020
02140 223.0 008.5 0000.1 100 100 8.8e-021
02200 223.0 008.4 0000.2 100 100 9.2e-021
02260 223.0 008.7 0000.1 100 100 9.2e-021
02320 224.0 008.7 0000.2 100 100 1.7e-020
02380 230.0 008.7 -000.0 100 100 1.3e-020
02440 232.0 009.1 -000.2 100 100 1.1e-020
02500 234.0 009.4 0000.0 100 100 8.3e-021
02560 233.0 008.5 0000.0 100 100 6.2e-021
02620 229.0 009.0 0000.0 100 100 7.7e-021
02680 233.0 009.0 0000.0 100 100 2.2e-021
02740 235.0 009.5 0000.0 100 100 5.7e-021
02800 227.0 009.5 0000.0 100 100 6.5e-021
02860 229.0 010.0 -000.0 100 100 3.7e-021
02920 237.0 009.1 0000.0 100 100 3.0e-021
02980 228.0 008.4 -000.1 100 100 1.7e-021
03040 231.0 009.9 0000.0 100 100 4.0e-021
03100 225.0 007.9 0000.0 100 100 2.9e-021
03160 230.0 009.2 -000.8 100 100 1.4e-021
03220 235.0 011.2 0000.0 100 100 2.3e-021
03280 236.0 012.0 0000.0 100 100 3.9e-021
03340 237.0 012.4 0000.0 100 100 3.9e-021
03400 237.0 012.3 0000.1 100 100 9.1e-021
03460 236.0 012.3 -000.1 100 100 1.1e-020
03520 236.0 011.9 0000.2 100 100 9.2e-021
03580 236.0 012.2 -000.2 100 100 2.0e-020
03640 234.0 012.5 -000.1 100 100 1.9e-020
03700 234.0 012.8 0000.0 100 100 1.2e-020
03760 234.0 013.1 0000.0 100 100 3.1e-021
03820 232.0 013.5 0000.2 100 100 9.9e-021
03880 233.0 013.4 -000.2 100 100 1.8e-020
03940 228.0 012.9 -000.2 100 100 1.3e-020
04000 228.0 012.5 -000.2 100 100 1.3e-020
04060 225.0 012.2 0000.0 100 100 1.9e-020
04120 229.0 013.0 0000.1 100 100 2.6e-020
04180 225.0 011.9 -000.0 100 100 3.1e-020
04240 222.0 011.8 0000.0 100 100 2.8e-020
04300 219.0 011.7 -000.0 100 100 2.9e-020
04360 217.0 011.3 -000.6 100 100 3.3e-020
04420 217.0 011.9 -000.2 100 100 2.2e-020
04480 222.0 011.7 -000.1 100 100 1.1e-020
04540 224.0 011.5 0004.8 100 100 7.8e-021
04600 230.0 011.7 0000.0 100 100 2.4e-021
04660 237.0 011.3 0000.0 100 100 7.1e-021
04720 240.0 009.8 0000.0 100 100 3.2e-021
04780 ///// ///// 0000.0 000 000 2.5e-021
04840 ///// ///// 0000.0 000 000 2.7e-021
04900 ///// ///// 0000.0 000 000 3.4e-021
04960 ///// ///// 0000.0 000 000 3.6e-021
05020 ///// ///// 0000.0 000 000 2.4e-021
05080 ///// ///// 0000.0 000 000 2.7e-021
05140 ///// ///// 0000.0 000 000 3.9e-021
05200 ///// ///// 0000.0 000 000 5.5e-021
05260 ///// ///// 0000.0 000 000 1.4e-021
05320 ///// ///// 0000.0 000 000 1.4e-021
05380 ///// ///// 0000.0 000 000 3.3e-021
05440 ///// ///// -002.7 000 000 4.5e-021
05500 ///// ///// 0000.0 000 000 1.2e-021
05560 ///// ///// 0000.0 000 000 2.1e-021
05620 ///// ///// -000.1 000 000 4.7e-021
05680 ///// ///// 0000.0 000 000 2.7e-021
05740 ///// ///// 0000.0 000 000 5.0e-021
05800 ///// ///// 0000.0 000 000 5.4e-021
05860 ///// ///// 0000.0 000 000 1.2e-021
05920 ///// ///// 0000.0 000 000 3.3e-021
05980 ///// ///// 0000.4 000 000 5.2e-021
NNNN
