WNDROBS 01.20
57793 0114.3600 027.7900 00130.0 LC 20130629223500
ROBS
00100 121.0 004.6 -000.1 100 100 1.8e-021
00160 121.0 005.1 -000.1 100 100 3.9e-021
00220 131.0 004.6 -000.1 100 100 4.7e-021
00280 138.0 004.6 -000.1 100 100 7.4e-021
00340 151.0 004.4 -000.2 100 100 1.7e-020
00400 162.0 004.6 -000.1 100 100 1.8e-020
00460 163.0 006.9 -000.2 100 100 6.2e-020
00520 161.0 006.8 -000.0 100 100 8.5e-020
00580 161.0 009.3 0000.0 100 100 4.1e-019
00640 176.0 006.6 -000.1 100 100 1.7e-019
00700 177.0 005.0 0000.1 100 100 7.9e-020
00760 165.0 001.9 0000.2 100 100 7.2e-020
00820 155.0 001.0 0000.9 100 100 4.7e-020
00880 218.0 001.0 -000.5 100 100 5.9e-021
00940 208.0 001.3 -000.1 100 100 6.8e-021
01000 238.0 001.9 0000.1 100 100 1.2e-020
01060 233.0 002.5 0000.3 100 100 4.0e-021
01120 209.0 003.0 0000.2 100 100 4.0e-021
01180 210.0 003.8 -000.2 100 100 3.2e-021
01240 219.0 005.7 -000.6 100 100 2.3e-021
01300 224.0 006.9 -000.8 100 100 3.4e-021
01360 222.0 007.9 -000.4 100 100 3.2e-021
01420 219.0 009.4 -000.7 100 100 3.5e-021
01480 219.0 009.2 -000.5 100 100 4.5e-021
01540 227.0 011.0 -000.2 100 100 3.0e-021
01600 228.0 013.2 -000.1 100 100 3.5e-021
01660 230.0 013.8 0000.0 100 100 6.2e-021
01720 234.0 015.6 -000.1 100 100 6.5e-021
01780 231.0 013.2 -000.4 100 100 4.5e-021
01840 239.0 013.5 -000.4 100 100 1.9e-021
01900 232.0 012.1 -000.4 100 100 1.7e-021
01960 227.0 011.6 -000.4 100 100 2.3e-021
02020 233.0 011.9 -000.8 100 100 1.8e-021
02080 232.0 011.8 0000.0 100 100 1.9e-021
02140 228.0 012.6 -000.5 100 100 1.9e-021
02200 225.0 012.1 -000.5 100 100 2.2e-021
02260 227.0 011.9 -000.4 100 100 2.8e-021
02320 216.0 010.0 -000.3 100 100 4.7e-021
02380 216.0 010.0 -000.3 100 100 5.9e-021
02440 206.0 009.9 -000.3 100 100 3.9e-021
02500 206.0 009.8 0000.0 100 100 1.0e-020
02560 205.0 010.4 0000.0 100 100 5.2e-021
02620 210.0 009.8 0000.2 100 100 5.4e-021
02680 205.0 009.4 -000.4 100 100 5.8e-021
02740 202.0 009.2 0000.0 100 100 2.7e-021
02800 205.0 009.6 0000.0 100 100 5.6e-021
02860 204.0 009.6 0000.1 100 100 7.5e-021
02920 207.0 008.8 0000.2 100 100 4.2e-021
02980 211.0 008.0 0000.2 100 100 4.1e-021
03040 218.0 007.1 -000.0 100 100 3.7e-021
03100 209.0 007.8 -000.2 100 100 2.7e-021
03160 213.0 007.8 0000.0 100 100 2.4e-021
03220 220.0 007.5 -000.1 100 100 1.9e-021
03280 225.0 007.7 0000.0 100 100 2.2e-021
03340 233.0 007.6 -000.1 100 100 3.8e-021
03400 217.0 008.3 -000.1 100 100 2.6e-021
03460 210.0 008.8 0000.0 100 100 2.9e-021
03520 209.0 008.6 0000.0 100 100 2.6e-021
03580 213.0 008.4 0000.1 100 100 3.0e-021
03640 219.0 006.1 0000.0 100 100 2.2e-021
03700 223.0 005.8 -000.2 100 100 2.2e-021
03760 215.0 006.9 -000.2 100 100 2.4e-021
03820 220.0 006.6 -000.3 100 100 3.6e-021
03880 214.0 007.8 -000.1 100 100 4.4e-021
03940 221.0 007.6 -000.1 100 100 2.7e-021
04000 221.0 007.2 -000.3 100 100 4.3e-021
04060 230.0 006.1 -000.4 100 100 3.6e-021
04120 239.0 006.1 -000.6 100 100 3.1e-021
04180 246.0 006.3 -000.3 100 100 5.4e-021
04240 246.0 006.8 -000.6 100 100 9.0e-021
04300 242.0 007.8 -000.3 100 100 1.4e-020
04360 242.0 007.7 0000.2 100 100 2.6e-020
04420 241.0 007.5 -000.1 100 100 3.0e-020
04480 244.0 008.1 0000.3 100 100 2.2e-020
04540 240.0 008.2 -000.2 100 100 1.4e-020
04600 240.0 007.8 0000.1 100 100 1.5e-020
04660 240.0 007.1 0000.1 100 100 1.7e-020
04720 237.0 007.7 -000.0 100 100 2.7e-020
04780 237.0 009.6 0000.1 100 100 2.2e-020
04840 237.0 009.0 -000.1 100 100 1.9e-020
04900 234.0 007.5 -000.3 100 100 1.7e-020
04960 242.0 008.9 0000.0 100 100 1.3e-020
05020 236.0 009.1 0000.0 100 100 1.4e-020
05080 240.0 010.0 0000.0 100 100 1.9e-020
05140 236.0 011.8 0000.0 100 100 4.5e-021
05200 230.0 009.8 0000.0 100 100 2.7e-021
05260 ///// ///// -000.4 000 000 1.7e-021
05320 ///// ///// 0000.0 000 000 1.5e-021
05380 ///// ///// 0000.0 000 000 5.3e-021
05440 ///// ///// 0000.0 000 000 1.6e-021
05500 ///// ///// 0000.0 000 000 3.7e-021
05560 ///// ///// 0000.5 000 000 4.1e-021
05620 ///// ///// -001.0 000 000 4.9e-021
05680 ///// ///// 0000.0 000 000 3.1e-021
05740 ///// ///// 0000.1 000 000 4.9e-021
05800 ///// ///// 0000.0 000 000 3.9e-021
05860 ///// ///// 0000.0 000 000 4.0e-021
05920 ///// ///// 0000.0 000 000 2.4e-021
05980 ///// ///// 0000.0 000 000 3.2e-021
NNNN
