WNDROBS 01.20
57793 0114.3600 027.7900 00130.0 LC 20130628042000
ROBS
00100 078.0 006.1 0002.3 100 100 2.2e-019
00160 135.0 006.8 0002.5 100 100 4.8e-019
00220 071.0 007.1 0002.1 100 100 8.2e-019
00280 073.0 006.0 0001.8 100 100 9.2e-019
00340 058.0 002.1 0001.3 100 100 5.4e-019
00400 031.0 003.6 0001.0 100 100 1.1e-018
00460 024.0 005.3 0001.0 100 100 1.1e-018
00520 244.0 005.6 0004.6 100 100 1.1e-018
00580 231.0 002.7 0002.1 100 100 5.3e-019
00640 223.0 001.7 0003.3 100 100 9.0e-019
00700 241.0 005.7 0004.1 100 100 1.3e-018
00760 149.0 001.7 0004.2 100 100 7.4e-019
00820 229.0 007.1 0004.2 100 100 7.4e-019
00880 220.0 007.0 0004.3 100 100 1.2e-018
00940 219.0 007.5 0004.3 100 100 1.2e-018
01000 203.0 008.8 0004.1 100 100 1.2e-018
01060 225.0 007.7 0003.7 100 100 2.5e-019
01120 232.0 009.5 0003.3 100 100 3.1e-019
01180 228.0 009.2 0003.3 100 100 2.9e-019
01240 227.0 009.9 0003.3 100 100 2.7e-019
01300 208.0 016.4 0003.0 100 100 2.8e-019
01360 232.0 012.1 0003.0 100 100 3.0e-019
01420 234.0 012.2 0002.8 100 100 3.0e-019
01480 241.0 012.1 0002.7 100 100 2.4e-019
01540 228.0 014.6 0002.7 100 100 4.0e-019
01600 231.0 015.1 0002.6 100 100 4.0e-019
01660 233.0 015.0 0002.5 100 100 3.9e-019
01720 244.0 013.0 0002.5 100 100 2.2e-019
01780 234.0 013.5 0002.5 100 100 4.1e-019
01840 234.0 013.2 0002.5 100 100 4.3e-019
01900 235.0 012.7 0002.5 100 100 4.3e-019
01960 234.0 012.2 0002.4 100 100 4.3e-019
02020 233.0 011.7 0002.2 100 100 3.7e-019
02080 231.0 011.5 0002.1 100 100 3.7e-019
02140 232.0 011.5 0001.9 100 100 3.6e-019
02200 228.0 012.1 0001.9 100 100 3.5e-019
02260 224.0 012.6 0001.8 100 100 3.8e-019
02320 221.0 013.0 0001.7 100 100 3.7e-019
02380 218.0 013.3 0001.5 100 100 4.4e-019
02440 218.0 013.2 0001.5 100 100 4.6e-019
02500 218.0 013.2 0001.5 100 100 4.7e-019
02560 219.0 012.9 0001.5 100 100 4.7e-019
02620 220.0 013.0 0001.6 100 100 4.9e-019
02680 216.0 012.5 0001.5 100 100 4.4e-019
02740 221.0 014.0 0001.5 100 100 5.3e-019
02800 215.0 015.4 0001.6 100 100 4.7e-019
02860 212.0 015.4 0001.9 100 100 4.0e-019
02920 212.0 015.2 0002.1 100 100 3.8e-019
02980 214.0 015.0 0002.1 100 100 4.3e-019
03040 214.0 015.0 0001.9 100 100 4.1e-019
03100 216.0 015.6 0001.9 100 100 3.8e-019
03160 218.0 015.6 0002.1 100 100 3.8e-019
03220 220.0 016.0 0002.2 100 100 3.8e-019
03280 221.0 016.7 0002.2 100 100 4.1e-019
03340 223.0 016.7 0002.1 100 100 4.1e-019
03400 226.0 017.3 0002.0 100 100 3.9e-019
03460 228.0 018.1 0002.0 100 100 3.8e-019
03520 231.0 018.7 0001.9 100 100 3.8e-019
03580 232.0 018.9 0001.7 100 100 3.7e-019
03640 233.0 019.7 0001.4 100 100 3.4e-019
03700 233.0 019.7 0001.1 100 100 3.0e-019
03760 235.0 019.0 0000.8 100 100 2.4e-019
03820 235.0 019.1 0000.4 100 100 1.8e-019
03880 242.0 017.5 0000.1 100 100 1.6e-019
03940 245.0 017.2 -000.2 100 100 1.3e-019
04000 246.0 016.5 -000.7 100 100 1.0e-019
04060 247.0 015.7 -000.9 100 100 9.0e-020
04120 249.0 014.8 -000.7 100 100 7.6e-020
04180 249.0 014.8 -000.0 100 100 7.6e-020
04240 247.0 017.0 0000.4 100 100 5.7e-020
04300 249.0 020.2 0000.4 100 100 6.8e-020
04360 235.0 022.2 0000.7 100 100 8.6e-020
04420 234.0 021.9 0000.5 100 100 1.2e-019
04480 229.0 022.4 0000.5 100 100 8.2e-020
04540 235.0 021.5 0000.7 100 100 1.1e-019
04600 234.0 018.4 0000.4 100 100 1.0e-019
04660 230.0 019.5 0000.6 100 100 1.3e-019
04720 229.0 019.5 -000.2 100 100 1.1e-019
04780 222.0 017.0 0000.8 100 100 7.3e-021
04840 216.0 015.0 -000.1 100 100 3.0e-020
04900 217.0 016.2 -000.1 100 100 3.1e-020
04960 216.0 016.1 0000.0 100 100 3.0e-020
05020 213.0 015.8 0008.1 100 100 3.6e-020
05080 222.0 018.2 0000.0 100 100 3.0e-020
05140 224.0 020.0 0000.0 100 100 2.5e-020
05200 223.0 019.6 0000.0 100 100 2.5e-020
05260 220.0 018.3 0000.0 100 100 2.3e-020
05320 218.0 018.1 0000.0 100 100 3.1e-020
05380 219.0 017.4 0000.8 100 100 1.9e-020
05440 226.0 015.9 0000.0 100 100 2.0e-020
05500 ///// ///// 0000.0 000 000 1.9e-020
05560 228.0 015.9 -000.4 100 100 1.9e-020
05620 224.0 016.3 0000.0 100 100 1.2e-020
05680 224.0 016.0 0000.0 100 100 1.3e-020
05740 227.0 016.8 0000.0 100 100 1.1e-020
05800 228.0 015.5 0000.0 100 100 1.3e-020
05860 227.0 016.1 -000.0 100 100 1.2e-020
05920 208.0 018.7 0000.0 100 100 9.5e-021
05980 ///// ///// 0006.0 000 000 3.9e-021
NNNN
