WNDROBS 01.20
57793 0114.3600 027.7900 00130.0 LC 20130629044500
ROBS
00100 013.0 001.9 -002.4 100 100 3.4e-021
00160 013.0 002.2 -001.5 100 100 6.2e-021
00220 025.0 001.4 0000.1 100 100 1.3e-020
00280 063.0 003.4 0000.3 100 100 5.6e-021
00340 095.0 002.6 0000.1 100 100 3.5e-021
00400 096.0 003.4 0000.1 100 100 4.4e-021
00460 097.0 002.6 0000.1 100 100 3.1e-021
00520 099.0 002.7 -000.0 100 100 4.1e-021
00580 157.0 002.0 -000.2 100 100 2.1e-020
00640 187.0 003.7 -000.2 100 100 7.8e-020
00700 179.0 002.2 -000.4 100 100 3.2e-020
00760 193.0 002.1 -000.3 100 100 1.0e-020
00820 230.0 004.7 -000.2 100 100 1.3e-020
00880 229.0 006.6 -000.2 100 100 2.0e-020
00940 223.0 009.0 0001.3 100 100 1.4e-020
01000 231.0 010.0 -000.3 100 100 1.0e-020
01060 227.0 010.7 -000.2 100 100 2.9e-021
01120 230.0 010.8 -000.2 100 100 4.1e-021
01180 230.0 011.3 -000.3 100 100 5.8e-021
01240 232.0 012.3 -000.3 100 100 9.7e-021
01300 232.0 012.5 -000.4 100 100 9.7e-021
01360 232.0 012.7 -000.3 100 100 7.5e-021
01420 233.0 012.5 -000.4 100 100 8.5e-021
01480 233.0 013.2 -000.5 100 100 2.2e-020
01540 234.0 014.2 -000.6 100 100 3.4e-020
01600 235.0 015.1 -000.6 100 100 2.2e-020
01660 237.0 015.9 -000.5 100 100 2.4e-020
01720 240.0 017.2 -000.6 100 100 1.0e-020
01780 238.0 015.9 -000.6 100 100 1.9e-021
01840 240.0 014.3 0000.0 100 100 1.2e-021
01900 242.0 013.4 -000.5 100 100 2.8e-021
01960 246.0 013.2 -000.4 100 100 3.5e-021
02020 241.0 014.5 -000.2 100 100 6.5e-021
02080 242.0 014.7 -000.4 100 100 6.1e-021
02140 241.0 015.2 -000.2 100 100 9.8e-021
02200 242.0 016.3 -000.8 100 100 2.9e-021
02260 232.0 017.0 0000.0 100 100 1.4e-021
02320 231.0 016.8 -000.2 100 100 2.6e-021
02380 232.0 017.0 0000.0 100 100 8.6e-022
02440 229.0 016.2 -000.2 100 100 1.8e-021
02500 238.0 014.3 0000.0 100 100 4.8e-022
02560 241.0 014.1 -000.5 100 100 7.6e-022
02620 239.0 013.4 0000.0 100 100 1.5e-021
02680 242.0 015.1 0000.0 100 100 8.1e-022
02740 246.0 015.3 0000.0 100 100 6.2e-022
02800 248.0 015.7 -000.4 100 100 1.5e-021
02860 246.0 015.3 0000.0 100 100 1.8e-021
02920 249.0 016.2 0000.7 100 100 2.5e-021
02980 ///// ///// 0000.0 000 000 6.7e-022
03040 250.0 011.4 0000.0 100 100 1.2e-021
03100 ///// ///// 0000.0 000 000 1.6e-021
03160 ///// ///// 0000.0 000 000 1.9e-021
03220 ///// ///// 0000.0 000 000 1.7e-021
03280 ///// ///// -001.1 000 000 9.2e-022
03340 ///// ///// 0000.0 000 000 8.3e-022
03400 ///// ///// 0000.0 000 000 1.9e-021
03460 245.0 014.7 0000.0 100 100 1.7e-021
03520 153.0 004.5 0000.0 100 100 2.3e-021
03580 198.0 003.5 -001.1 100 100 1.9e-021
03640 125.0 006.3 0000.0 100 100 1.5e-021
03700 ///// ///// 0000.0 000 000 2.2e-021
03760 ///// ///// -000.3 000 000 6.8e-022
03820 ///// ///// -000.7 000 000 2.2e-021
03880 ///// ///// 0000.0 000 000 2.7e-021
03940 ///// ///// 0000.0 000 000 2.2e-021
04000 ///// ///// 0000.0 000 000 2.1e-021
04060 ///// ///// 0000.0 000 000 6.7e-022
04120 ///// ///// 0000.0 000 000 3.1e-021
04180 ///// ///// 0000.0 000 000 3.7e-021
04240 ///// ///// 0000.0 000 000 1.2e-021
04300 ///// ///// 0000.0 000 000 2.8e-021
04360 ///// ///// 0000.0 000 000 4.0e-022
04420 ///// ///// 0001.3 000 000 2.8e-021
04480 ///// ///// 0000.0 000 000 3.1e-021
04540 ///// ///// -000.1 000 000 3.8e-021
04600 ///// ///// -002.3 000 000 1.4e-021
04660 ///// ///// 0000.0 000 000 8.7e-022
04720 ///// ///// 0000.0 000 000 3.5e-021
04780 ///// ///// 0000.0 000 000 2.4e-021
04840 ///// ///// 0000.0 000 000 3.0e-021
04900 ///// ///// 0000.0 000 000 2.7e-021
04960 ///// ///// 0000.0 000 000 1.5e-021
05020 ///// ///// -000.1 000 000 3.7e-021
05080 ///// ///// 0000.0 000 000 3.6e-021
05140 ///// ///// 0000.0 000 000 2.9e-021
05200 ///// ///// 0000.0 000 000 3.5e-021
05260 ///// ///// 0000.0 000 000 4.6e-021
05320 ///// ///// -000.0 000 000 2.5e-021
05380 ///// ///// 0000.0 000 000 4.5e-021
05440 ///// ///// 0000.0 000 000 1.5e-021
05500 ///// ///// -000.3 000 000 5.3e-021
05560 ///// ///// 0000.3 000 000 4.9e-021
05620 ///// ///// -000.0 000 000 6.9e-021
05680 ///// ///// -000.1 000 000 5.2e-021
05740 ///// ///// -000.9 000 000 4.4e-021
05800 ///// ///// 0000.0 000 000 4.7e-021
05860 ///// ///// 0000.0 000 000 3.7e-021
05920 ///// ///// 0000.0 000 000 7.2e-021
05980 ///// ///// 0000.0 000 000 4.5e-021
NNNN
