WNDROBS 01.20
57793 0114.3600 027.7900 00130.0 LC 20130629082000
ROBS
00100 083.0 005.5 0001.9 100 100 1.2e-021
00160 098.0 005.9 0001.0 100 100 4.3e-021
00220 058.0 006.9 0001.9 100 100 2.3e-021
00280 086.0 006.5 -000.0 100 100 4.7e-021
00340 086.0 007.2 0000.0 100 100 6.4e-021
00400 086.0 006.7 0000.0 100 100 5.7e-021
00460 086.0 005.4 0000.1 100 100 6.7e-021
00520 115.0 007.6 0000.1 100 100 8.0e-021
00580 099.0 006.0 0000.2 100 100 1.5e-020
00640 108.0 005.2 0000.1 100 100 1.3e-020
00700 133.0 005.1 0000.1 100 100 1.4e-020
00760 147.0 005.8 -000.0 100 100 7.9e-020
00820 164.0 005.6 -000.1 100 100 1.7e-019
00880 167.0 005.6 -000.1 100 100 2.9e-020
00940 169.0 004.3 -000.1 100 100 8.5e-021
01000 159.0 004.7 0000.0 100 100 2.2e-020
01060 179.0 003.4 0000.2 100 100 7.5e-021
01120 187.0 002.5 0000.1 100 100 5.6e-021
01180 206.0 001.8 0000.3 100 100 2.6e-021
01240 218.0 002.6 0000.0 100 100 2.3e-021
01300 225.0 004.0 0000.1 100 100 8.7e-021
01360 220.0 004.9 0000.0 100 100 2.4e-020
01420 222.0 005.2 -000.0 100 100 9.7e-021
01480 217.0 006.2 0000.4 100 100 6.3e-021
01540 221.0 006.1 0000.0 100 100 4.5e-021
01600 224.0 007.1 0000.1 100 100 5.6e-021
01660 219.0 008.3 0000.3 100 100 4.9e-021
01720 221.0 008.8 0000.2 100 100 4.2e-021
01780 225.0 009.2 0000.1 100 100 5.0e-021
01840 226.0 009.7 0000.4 100 100 3.6e-021
01900 231.0 009.5 0000.2 100 100 7.1e-021
01960 235.0 010.4 0000.3 100 100 6.3e-021
02020 237.0 009.7 0000.2 100 100 6.8e-021
02080 238.0 010.7 0000.2 100 100 4.4e-021
02140 244.0 010.8 0000.3 100 100 5.1e-021
02200 246.0 010.7 0000.2 100 100 6.1e-021
02260 251.0 010.3 0000.1 100 100 5.1e-021
02320 250.0 010.8 0000.2 100 100 1.2e-020
02380 248.0 010.0 0000.2 100 100 1.5e-020
02440 245.0 010.0 0000.2 100 100 2.0e-020
02500 245.0 010.1 0000.2 100 100 2.6e-020
02560 244.0 010.5 0000.4 100 100 2.9e-020
02620 243.0 010.8 0000.4 100 100 2.7e-020
02680 245.0 011.9 0000.0 100 100 3.5e-021
02740 242.0 011.2 0000.4 100 100 6.5e-021
02800 245.0 011.1 0000.0 100 100 1.3e-021
02860 243.0 011.4 0000.6 100 100 4.4e-021
02920 246.0 011.3 0000.2 100 100 3.7e-021
02980 246.0 011.5 0000.0 100 100 3.8e-022
03040 241.0 012.1 0000.1 100 100 3.4e-021
03100 245.0 013.4 0000.3 100 100 3.0e-021
03160 243.0 013.4 -000.4 100 100 4.5e-021
03220 ///// ///// 0000.0 000 000 2.7e-021
03280 ///// ///// 0000.0 000 000 2.4e-021
03340 ///// ///// 0000.2 000 000 2.7e-021
03400 ///// ///// 0000.0 000 000 2.1e-021
03460 ///// ///// 0000.0 000 000 3.3e-021
03520 ///// ///// 0000.0 000 000 4.4e-021
03580 237.0 009.5 0000.1 100 100 4.4e-021
03640 246.0 014.2 0001.0 100 100 4.7e-021
03700 243.0 013.6 0000.0 100 100 1.3e-021
03760 247.0 015.6 0000.1 100 100 4.3e-021
03820 246.0 014.1 -000.1 100 100 5.2e-021
03880 244.0 014.2 -000.0 100 100 8.3e-021
03940 245.0 014.1 -000.1 100 100 1.1e-020
04000 249.0 014.0 -000.2 100 100 1.0e-020
04060 250.0 014.1 -000.1 100 100 2.2e-020
04120 251.0 014.9 0000.1 100 100 2.4e-020
04180 251.0 015.1 0000.0 100 100 1.9e-020
04240 253.0 014.9 -000.0 100 100 1.2e-020
04300 256.0 015.4 0000.3 100 100 1.0e-020
04360 254.0 013.8 0000.1 100 100 8.5e-021
04420 247.0 015.2 0000.2 100 100 1.0e-020
04480 248.0 015.1 0000.0 100 100 2.3e-021
04540 ///// ///// 0000.0 000 000 2.5e-021
04600 ///// ///// 0000.0 000 000 1.8e-021
04660 ///// ///// 0000.0 000 000 1.5e-021
04720 ///// ///// 0000.0 000 000 1.4e-021
04780 ///// ///// 0000.0 000 000 4.5e-021
04840 ///// ///// -000.0 000 000 3.7e-021
04900 ///// ///// 0000.0 000 000 1.0e-021
04960 ///// ///// 0000.0 000 000 4.2e-021
05020 ///// ///// 0000.0 000 000 4.0e-021
05080 ///// ///// 0000.0 000 000 2.6e-021
05140 ///// ///// 0000.0 000 000 3.1e-021
05200 ///// ///// -000.9 000 000 1.4e-021
05260 ///// ///// 0000.3 000 000 4.9e-021
05320 ///// ///// -000.1 000 000 4.0e-021
05380 ///// ///// -000.5 000 000 1.7e-021
05440 ///// ///// 0000.0 000 000 4.3e-021
05500 ///// ///// 0000.0 000 000 1.9e-021
05560 ///// ///// 0000.0 000 000 4.3e-021
05620 ///// ///// 0000.0 000 000 5.2e-022
05680 ///// ///// 0000.0 000 000 1.8e-021
05740 ///// ///// 0000.0 000 000 4.4e-021
05800 ///// ///// 0000.0 000 000 4.7e-021
05860 ///// ///// 0000.0 000 000 8.6e-022
05920 ///// ///// 0000.0 000 000 8.6e-022
05980 ///// ///// 0000.0 000 000 2.1e-021
NNNN
