WNDROBS 01.20
57793 0114.3600 027.7900 00130.0 LC 20130629080000
ROBS
00100 056.0 004.0 0000.0 100 100 3.8e-021
00160 056.0 004.4 0000.0 100 100 8.2e-021
00220 067.0 002.7 -000.0 100 100 7.3e-021
00280 066.0 003.0 -000.4 100 100 1.0e-020
00340 072.0 003.2 -000.1 100 100 1.4e-020
00400 074.0 003.8 -000.3 100 100 1.4e-020
00460 080.0 004.4 -000.2 100 100 3.6e-021
00520 079.0 004.2 -000.1 100 100 4.2e-021
00580 105.0 004.6 0000.0 100 100 1.6e-020
00640 119.0 005.0 0000.3 100 100 1.3e-020
00700 132.0 005.3 0000.1 100 100 8.6e-021
00760 137.0 006.8 0000.1 100 100 1.7e-020
00820 160.0 005.3 -000.1 100 100 7.8e-020
00880 167.0 005.0 -000.2 100 100 7.4e-020
00940 168.0 003.9 -000.1 100 100 3.5e-020
01000 194.0 003.0 -000.1 100 100 3.6e-020
01060 196.0 003.1 -000.2 100 100 1.8e-020
01120 210.0 002.5 -000.2 100 100 1.4e-020
01180 233.0 003.3 -000.2 100 100 2.0e-020
01240 239.0 004.0 -000.2 100 100 2.3e-020
01300 247.0 004.6 -000.2 100 100 1.9e-020
01360 239.0 005.9 -000.2 100 100 1.3e-020
01420 236.0 006.7 -000.2 100 100 1.2e-020
01480 233.0 007.4 -000.1 100 100 4.4e-021
01540 234.0 007.8 -000.1 100 100 2.4e-021
01600 233.0 008.0 -000.0 100 100 3.1e-021
01660 231.0 008.4 -000.1 100 100 7.6e-021
01720 231.0 009.3 0000.2 100 100 1.0e-020
01780 228.0 010.2 0000.2 100 100 2.6e-021
01840 233.0 009.9 0000.1 100 100 4.6e-021
01900 238.0 010.6 0000.1 100 100 1.1e-020
01960 240.0 010.9 0000.1 100 100 9.8e-021
02020 239.0 012.4 0000.2 100 100 8.0e-021
02080 240.0 011.6 0000.6 100 100 6.3e-021
02140 239.0 011.1 0000.2 100 100 3.5e-021
02200 231.0 012.2 -000.2 100 100 3.1e-021
02260 237.0 010.5 0000.0 100 100 2.6e-021
02320 238.0 010.9 0000.2 100 100 2.2e-021
02380 239.0 011.1 -000.1 100 100 2.8e-021
02440 243.0 010.4 0000.1 100 100 2.6e-021
02500 242.0 010.6 0000.0 100 100 3.2e-021
02560 242.0 009.9 -000.0 100 100 2.4e-021
02620 242.0 011.3 0000.0 100 100 7.3e-022
02680 239.0 010.0 0000.0 100 100 2.0e-021
02740 233.0 010.7 0000.0 100 100 1.7e-021
02800 233.0 010.9 0000.0 100 100 2.3e-021
02860 236.0 010.6 0000.0 100 100 2.4e-021
02920 234.0 010.3 0000.0 100 100 1.6e-021
02980 232.0 009.6 0000.0 100 100 1.8e-021
03040 240.0 010.3 0000.0 100 100 1.4e-021
03100 242.0 010.3 0000.0 100 100 1.4e-021
03160 244.0 011.3 -000.2 100 100 1.6e-021
03220 ///// ///// 0000.0 000 000 1.6e-021
03280 ///// ///// 0000.0 000 000 1.1e-021
03340 ///// ///// 0000.0 000 000 2.5e-021
03400 ///// ///// 0000.0 000 000 2.0e-021
03460 ///// ///// 0000.1 000 000 2.8e-021
03520 ///// ///// 0000.1 000 000 3.4e-021
03580 ///// ///// 0000.3 000 000 1.1e-021
03640 ///// ///// 0000.0 000 000 2.2e-021
03700 ///// ///// 0000.0 000 000 1.0e-021
03760 ///// ///// 0000.0 000 000 1.1e-021
03820 ///// ///// 0000.0 000 000 8.8e-022
03880 ///// ///// -001.7 000 000 2.5e-021
03940 ///// ///// 0000.0 000 000 1.1e-021
04000 ///// ///// 0000.0 000 000 6.5e-022
04060 ///// ///// 0000.0 000 000 2.0e-021
04120 ///// ///// 0000.0 000 000 6.9e-022
04180 ///// ///// -000.8 000 000 1.6e-021
04240 ///// ///// 0000.0 000 000 8.9e-022
04300 ///// ///// 0000.1 000 000 2.1e-021
04360 ///// ///// 0000.9 000 000 3.2e-021
04420 ///// ///// 0000.0 000 000 3.0e-021
04480 ///// ///// 0000.0 000 000 1.1e-021
04540 ///// ///// 0000.3 000 000 1.1e-021
04600 ///// ///// -000.1 000 000 3.3e-021
04660 ///// ///// 0000.0 000 000 2.8e-021
04720 ///// ///// 0000.0 000 000 2.8e-021
04780 ///// ///// 0000.0 000 000 2.1e-021
04840 ///// ///// 0000.0 000 000 2.8e-021
04900 ///// ///// 0000.0 000 000 2.2e-021
04960 ///// ///// 0000.0 000 000 2.6e-021
05020 ///// ///// -000.9 000 000 3.6e-021
05080 ///// ///// -001.0 000 000 4.8e-021
05140 ///// ///// 0000.0 000 000 2.0e-021
05200 ///// ///// 0000.8 000 000 3.9e-021
05260 ///// ///// 0000.0 000 000 1.6e-021
05320 ///// ///// 0000.0 000 000 2.0e-021
05380 ///// ///// 0000.0 000 000 1.6e-021
05440 ///// ///// -001.1 000 000 3.0e-021
05500 ///// ///// 0000.0 000 000 2.3e-021
05560 ///// ///// 0000.0 000 000 1.1e-021
05620 ///// ///// 0000.0 000 000 4.2e-021
05680 ///// ///// 0000.0 000 000 1.9e-021
05740 ///// ///// 0000.0 000 000 3.9e-021
05800 ///// ///// 0000.0 000 000 1.4e-021
05860 ///// ///// 0000.0 000 000 4.9e-021
05920 ///// ///// 0000.0 000 000 4.9e-021
05980 ///// ///// 0000.0 000 000 4.6e-021
NNNN
