WNDROBS 01.20
57793 0114.3600 027.7900 00130.0 LC 20130628044000
ROBS
00100 053.0 005.3 0001.2 100 100 2.2e-020
00160 053.0 005.9 0001.3 100 100 9.1e-020
00220 056.0 005.2 0001.5 100 100 1.2e-019
00280 061.0 004.4 0001.8 100 100 1.5e-019
00340 068.0 004.3 0001.6 100 100 1.3e-019
00400 072.0 003.6 0001.8 100 100 1.0e-019
00460 183.0 002.6 0001.8 100 100 7.0e-020
00520 221.0 007.6 0001.7 100 100 4.7e-020
00580 227.0 007.7 0001.5 100 100 6.3e-020
00640 224.0 008.6 0002.4 100 100 6.7e-020
00700 217.0 012.2 0001.6 100 100 1.2e-019
00760 230.0 013.3 0000.6 100 100 1.8e-019
00820 227.0 014.3 0003.0 100 100 1.7e-019
00880 223.0 013.1 0002.4 100 100 2.0e-019
00940 219.0 013.2 0004.5 100 100 1.4e-019
01000 223.0 013.1 0003.8 100 100 1.2e-019
01060 228.0 015.3 0000.4 100 100 5.9e-020
01120 226.0 015.9 0000.5 100 100 6.2e-020
01180 225.0 016.7 0000.9 100 100 5.7e-020
01240 226.0 015.8 0001.4 100 100 4.9e-020
01300 226.0 016.2 0001.9 100 100 4.6e-020
01360 226.0 017.1 0002.2 100 100 4.1e-020
01420 223.0 017.8 0002.1 100 100 3.8e-020
01480 224.0 017.8 0002.0 100 100 4.5e-020
01540 222.0 018.9 0002.0 100 100 5.8e-020
01600 224.0 018.8 0001.9 100 100 6.4e-020
01660 225.0 018.8 0001.9 100 100 8.0e-020
01720 225.0 018.1 0001.8 100 100 1.0e-019
01780 226.0 018.3 0001.9 100 100 1.1e-019
01840 228.0 018.1 0001.9 100 100 1.0e-019
01900 229.0 017.4 0001.9 100 100 9.2e-020
01960 230.0 017.0 0001.7 100 100 8.9e-020
02020 231.0 016.8 0001.8 100 100 1.0e-019
02080 231.0 016.6 0001.7 100 100 9.7e-020
02140 232.0 016.6 0001.8 100 100 8.3e-020
02200 231.0 016.9 0001.7 100 100 7.9e-020
02260 229.0 017.0 0001.5 100 100 6.9e-020
02320 228.0 017.1 0000.9 100 100 6.7e-020
02380 227.0 017.1 0002.8 100 100 7.0e-020
02440 224.0 018.2 0003.0 100 100 7.1e-020
02500 222.0 018.2 0003.3 100 100 8.4e-020
02560 224.0 018.9 0003.6 100 100 9.3e-020
02620 221.0 017.6 0003.6 100 100 9.7e-020
02680 220.0 017.1 0003.6 100 100 9.5e-020
02740 219.0 015.9 0003.4 100 100 8.8e-020
02800 220.0 015.8 0003.4 100 100 8.1e-020
02860 219.0 015.6 0003.3 100 100 8.1e-020
02920 220.0 015.6 0003.2 100 100 5.9e-020
02980 231.0 012.8 0003.2 100 100 6.0e-020
03040 232.0 012.9 0003.3 100 100 5.4e-020
03100 226.0 013.7 0003.4 100 100 3.4e-020
03160 243.0 010.9 0003.2 100 100 3.6e-020
03220 242.0 011.6 0003.5 100 100 3.8e-020
03280 244.0 011.6 0003.3 100 100 3.3e-020
03340 244.0 011.7 0003.7 100 100 3.2e-020
03400 244.0 012.1 0004.0 100 100 3.1e-020
03460 243.0 011.9 0002.6 100 100 2.3e-020
03520 244.0 011.6 0003.8 100 100 3.1e-020
03580 246.0 011.7 0004.0 100 100 3.1e-020
03640 247.0 013.3 0003.7 100 100 2.3e-020
03700 249.0 012.9 0003.7 100 100 2.1e-020
03760 254.0 012.7 0003.5 100 100 2.2e-020
03820 247.0 015.9 0003.4 100 100 2.1e-020
03880 248.0 018.0 0003.1 100 100 2.6e-020
03940 247.0 017.9 0002.7 100 100 1.6e-020
04000 248.0 018.4 0002.5 100 100 1.7e-020
04060 248.0 015.2 0002.4 100 100 4.8e-021
04120 248.0 016.9 0001.7 100 100 1.1e-020
04180 245.0 015.8 0001.9 100 100 9.7e-021
04240 248.0 016.6 0001.6 100 100 1.6e-020
04300 247.0 015.8 0002.5 100 100 1.6e-020
04360 244.0 016.8 0002.5 100 100 1.0e-020
04420 234.0 018.4 0002.3 100 100 7.4e-021
04480 245.0 017.3 0002.2 100 100 2.2e-021
04540 245.0 017.2 0001.9 100 100 9.1e-021
04600 239.0 018.5 0001.8 100 100 3.3e-021
04660 247.0 015.9 0001.9 100 100 7.9e-021
04720 ///// ///// 0001.4 000 000 6.2e-021
04780 ///// ///// 0001.6 000 000 4.9e-021
04840 ///// ///// 0001.9 000 000 3.7e-021
04900 ///// ///// 0001.2 000 000 3.9e-021
04960 ///// ///// 0001.3 000 000 5.3e-021
05020 ///// ///// 0001.2 000 000 4.5e-021
05080 ///// ///// 0001.5 000 000 5.2e-021
05140 ///// ///// 0001.1 000 000 7.2e-021
05200 ///// ///// 0001.2 000 000 8.9e-021
05260 ///// ///// 0001.0 000 000 8.3e-021
05320 ///// ///// 0000.7 000 000 7.6e-021
05380 226.0 010.8 0001.0 100 100 7.8e-021
05440 250.0 012.2 0001.1 100 100 7.3e-021
05500 247.0 019.3 0001.1 100 100 7.5e-021
05560 241.0 009.7 0001.2 100 100 9.7e-021
05620 ///// ///// 0001.2 000 000 6.1e-021
05680 ///// ///// 0001.2 000 000 5.7e-021
05740 ///// ///// 0001.3 000 000 7.0e-021
05800 ///// ///// 0001.4 000 000 1.0e-020
05860 ///// ///// 0001.2 000 000 1.1e-020
05920 294.0 011.0 0001.2 100 100 9.3e-021
05980 ///// ///// 0001.5 000 000 1.0e-020
NNNN
