WNDROBS 01.20
57793 0114.3600 027.7900 00130.0 LC 20130629140500
ROBS
00100 094.0 003.9 0000.2 100 100 1.3e-020
00160 094.0 004.3 0000.2 100 100 2.8e-020
00220 096.0 004.2 0000.2 100 100 3.2e-020
00280 091.0 005.0 -000.2 100 100 1.8e-020
00340 109.0 005.1 -000.0 100 100 8.1e-021
00400 108.0 005.9 0000.1 100 100 6.9e-021
00460 126.0 005.7 0000.0 100 100 1.5e-020
00520 153.0 006.9 0000.2 100 100 8.7e-020
00580 161.0 008.4 0000.8 100 100 4.7e-020
00640 172.0 009.8 0001.2 100 100 1.0e-020
00700 177.0 010.3 -000.3 100 100 5.9e-021
00760 176.0 013.0 -000.2 100 100 7.3e-021
00820 178.0 012.7 -000.2 100 100 1.2e-020
00880 178.0 014.0 -000.2 100 100 2.4e-020
00940 181.0 013.5 -000.4 100 100 8.6e-020
01000 182.0 012.5 -000.6 100 100 7.3e-020
01060 183.0 012.0 -000.8 100 100 2.8e-020
01120 178.0 010.9 -000.7 100 100 3.0e-020
01180 177.0 010.3 -000.4 100 100 2.5e-020
01240 186.0 009.6 -000.3 100 100 4.4e-020
01300 191.0 010.0 -000.0 100 100 5.8e-020
01360 196.0 009.8 -000.0 100 100 2.9e-020
01420 197.0 009.3 0000.0 100 100 1.9e-020
01480 199.0 008.6 -000.1 100 100 2.3e-020
01540 195.0 007.6 -000.3 100 100 3.0e-020
01600 200.0 007.5 -000.1 100 100 1.9e-020
01660 199.0 007.2 -000.2 100 100 1.2e-020
01720 207.0 007.2 0000.1 100 100 1.1e-020
01780 205.0 007.3 0000.1 100 100 1.4e-020
01840 212.0 007.8 0000.1 100 100 1.5e-020
01900 218.0 008.9 0000.2 100 100 1.4e-020
01960 218.0 008.8 0000.2 100 100 1.2e-020
02020 220.0 008.7 0000.2 100 100 8.4e-021
02080 194.0 006.7 0000.4 100 100 1.2e-020
02140 191.0 007.1 0000.3 100 100 1.9e-020
02200 188.0 007.1 0000.2 100 100 1.6e-020
02260 206.0 007.4 0000.5 100 100 1.0e-020
02320 210.0 008.5 0000.1 100 100 8.5e-021
02380 223.0 010.2 0000.1 100 100 9.5e-021
02440 225.0 010.1 0000.1 100 100 6.9e-021
02500 224.0 011.6 0000.2 100 100 6.7e-021
02560 227.0 013.8 0000.1 100 100 3.9e-021
02620 229.0 011.8 -000.2 100 100 4.3e-021
02680 217.0 011.2 0000.0 100 100 3.4e-021
02740 222.0 010.7 0000.1 100 100 4.4e-021
02800 223.0 010.8 0000.0 100 100 4.5e-021
02860 227.0 011.0 -000.3 100 100 3.7e-021
02920 237.0 009.0 -000.2 100 100 3.6e-021
02980 241.0 008.8 -000.1 100 100 2.8e-021
03040 239.0 009.1 0000.3 100 100 4.3e-021
03100 241.0 008.8 -000.1 100 100 4.3e-021
03160 240.0 009.0 -000.1 100 100 3.8e-021
03220 236.0 008.2 -000.0 100 100 5.4e-021
03280 234.0 008.4 0000.0 100 100 6.1e-021
03340 245.0 007.7 -000.0 100 100 5.5e-021
03400 244.0 007.8 -000.2 100 100 5.5e-021
03460 240.0 008.5 0000.0 100 100 3.3e-021
03520 233.0 009.4 0000.0 100 100 6.1e-021
03580 226.0 010.1 0000.0 100 100 6.0e-021
03640 225.0 009.7 -000.1 100 100 6.8e-021
03700 225.0 009.8 0000.0 100 100 6.2e-021
03760 236.0 008.6 0000.0 100 100 2.5e-021
03820 226.0 009.8 0000.0 100 100 8.0e-021
03880 230.0 010.9 0000.9 100 100 1.7e-021
03940 227.0 010.2 -000.9 100 100 2.6e-021
04000 224.0 009.6 -000.3 100 100 3.3e-021
04060 219.0 009.8 0000.0 100 100 3.5e-021
04120 223.0 008.1 0000.0 100 100 8.5e-022
04180 236.0 009.0 0000.7 100 100 9.5e-022
04240 ///// ///// -000.8 000 000 2.2e-021
04300 ///// ///// 0000.0 000 000 2.4e-021
04360 ///// ///// 0000.0 000 000 1.0e-021
04420 ///// ///// 0000.0 000 000 1.4e-021
04480 ///// ///// 0000.0 000 000 1.2e-021
04540 ///// ///// 0000.0 000 000 6.7e-022
04600 ///// ///// -000.1 000 000 1.1e-021
04660 ///// ///// -000.8 000 000 2.6e-021
04720 ///// ///// -000.9 000 000 3.9e-021
04780 ///// ///// 0000.0 000 000 2.7e-021
04840 ///// ///// 0000.0 000 000 1.1e-021
04900 ///// ///// 0000.6 000 000 3.9e-021
04960 ///// ///// 0000.0 000 000 3.1e-021
05020 ///// ///// 0000.1 000 000 2.1e-021
05080 ///// ///// 0000.0 000 000 2.2e-021
05140 ///// ///// 0000.0 000 000 1.8e-021
05200 ///// ///// 0000.0 000 000 1.3e-021
05260 ///// ///// 0000.0 000 000 1.4e-021
05320 ///// ///// 0000.0 000 000 3.3e-021
05380 ///// ///// 0000.0 000 000 1.6e-021
05440 ///// ///// 0000.0 000 000 3.2e-021
05500 ///// ///// 0000.0 000 000 2.9e-021
05560 ///// ///// 0000.0 000 000 1.7e-021
05620 ///// ///// 0000.0 000 000 2.0e-021
05680 ///// ///// 0000.0 000 000 1.8e-021
05740 ///// ///// 0000.0 000 000 3.5e-021
05800 ///// ///// 0000.0 000 000 4.5e-021
05860 ///// ///// 0000.0 000 000 3.0e-021
05920 ///// ///// 0000.0 000 000 4.5e-021
05980 ///// ///// 0000.0 000 000 1.9e-021
NNNN
