WNDROBS 01.20
57793 0114.3600 027.7900 00130.0 LC 20130628015000
ROBS
00100 291.0 001.4 -000.6 100 100 7.9e-021
00160 291.0 001.5 -000.7 100 100 1.7e-020
00220 307.0 002.6 -000.4 100 100 5.4e-020
00280 324.0 004.3 -000.4 100 100 9.5e-020
00340 336.0 004.9 -000.4 100 100 3.2e-020
00400 330.0 003.4 -000.4 100 100 7.9e-021
00460 339.0 002.6 -000.2 100 100 1.3e-020
00520 295.0 004.7 -000.2 100 100 3.4e-020
00580 286.0 004.2 -000.2 100 100 2.0e-020
00640 267.0 004.1 -000.3 100 100 8.1e-021
00700 246.0 004.4 -000.1 100 100 5.9e-021
00760 246.0 004.3 -000.1 100 100 2.2e-020
00820 186.0 005.1 -000.2 100 100 4.9e-020
00880 216.0 003.4 -000.3 100 100 9.5e-020
00940 205.0 003.7 0000.0 100 100 7.3e-020
01000 211.0 003.1 -000.1 100 100 7.0e-020
01060 212.0 003.3 -000.0 100 100 3.8e-020
01120 220.0 005.1 -000.1 100 100 3.8e-020
01180 225.0 005.2 -000.2 100 100 3.6e-020
01240 226.0 006.3 -000.2 100 100 3.1e-020
01300 218.0 007.5 -000.2 100 100 3.0e-020
01360 225.0 009.0 -000.0 100 100 1.2e-020
01420 228.0 010.6 -000.1 100 100 5.6e-021
01480 227.0 011.9 0000.0 100 100 7.5e-021
01540 227.0 013.2 0000.1 100 100 6.8e-021
01600 220.0 011.8 0000.0 100 100 4.4e-021
01660 227.0 014.6 0000.2 100 100 3.3e-021
01720 241.0 018.4 -000.1 100 100 3.3e-021
01780 240.0 018.3 -000.0 100 100 4.0e-021
01840 241.0 018.1 0000.0 100 100 4.2e-021
01900 239.0 017.8 0000.1 100 100 6.2e-021
01960 230.0 013.4 0000.1 100 100 7.6e-021
02020 232.0 014.1 0000.2 100 100 1.3e-020
02080 232.0 013.9 0000.0 100 100 1.7e-020
02140 232.0 013.3 0000.2 100 100 2.1e-020
02200 230.0 013.6 0000.3 100 100 1.7e-020
02260 233.0 013.4 0000.4 100 100 1.2e-020
02320 231.0 013.6 0000.3 100 100 1.6e-020
02380 228.0 012.9 0000.3 100 100 1.8e-020
02440 228.0 012.3 0000.3 100 100 2.3e-020
02500 227.0 012.3 0000.3 100 100 2.3e-020
02560 225.0 012.2 0000.4 100 100 1.3e-020
02620 228.0 012.2 0000.3 100 100 1.2e-020
02680 225.0 011.6 0000.2 100 100 1.5e-020
02740 225.0 011.8 0000.3 100 100 1.8e-020
02800 224.0 011.9 0000.2 100 100 2.6e-020
02860 224.0 012.6 0000.0 100 100 2.4e-020
02920 228.0 013.4 0000.0 100 100 1.4e-020
02980 230.0 013.3 0000.0 100 100 1.1e-020
03040 230.0 013.1 0000.0 100 100 8.3e-021
03100 230.0 012.6 -000.4 100 100 1.2e-020
03160 231.0 012.4 0000.0 100 100 8.1e-021
03220 232.0 012.0 -000.6 100 100 1.2e-020
03280 235.0 012.2 -000.2 100 100 6.5e-021
03340 229.0 010.8 0000.0 100 100 8.5e-021
03400 230.0 011.4 -001.1 100 100 1.9e-021
03460 230.0 011.6 -000.3 100 100 4.5e-021
03520 218.0 008.4 -000.9 100 100 2.7e-021
03580 227.0 011.1 0000.0 100 100 5.1e-021
03640 232.0 010.6 0000.0 100 100 3.5e-021
03700 232.0 010.7 -000.3 100 100 5.7e-021
03760 232.0 010.8 0000.0 100 100 4.9e-021
03820 231.0 010.7 -000.1 100 100 5.5e-021
03880 ///// ///// 0000.0 000 000 1.7e-021
03940 ///// ///// 0000.0 000 000 2.9e-021
04000 ///// ///// 0000.0 000 000 1.4e-021
04060 ///// ///// -000.1 000 000 2.6e-021
04120 ///// ///// 0000.2 000 000 2.7e-021
04180 ///// ///// 0000.0 000 000 5.9e-021
04240 ///// ///// 0000.0 000 000 1.4e-021
04300 ///// ///// -000.2 000 000 3.2e-021
04360 ///// ///// 0000.0 000 000 2.6e-021
04420 ///// ///// 0000.0 000 000 1.5e-021
04480 ///// ///// 0000.0 000 000 1.1e-021
04540 ///// ///// 0000.0 000 000 8.9e-022
04600 ///// ///// 0000.0 000 000 2.6e-021
04660 ///// ///// 0000.0 000 000 3.5e-021
04720 ///// ///// -000.7 000 000 3.7e-021
04780 ///// ///// 0000.0 000 000 2.1e-021
04840 ///// ///// 0000.0 000 000 3.3e-021
04900 ///// ///// 0000.0 000 000 4.1e-021
04960 ///// ///// 0000.0 000 000 7.3e-022
05020 ///// ///// -000.2 000 000 3.1e-021
05080 ///// ///// 0000.0 000 000 1.7e-021
05140 ///// ///// 0000.0 000 000 3.4e-021
05200 ///// ///// 0000.0 000 000 1.1e-021
05260 ///// ///// -000.4 000 000 4.9e-021
05320 ///// ///// 0000.0 000 000 1.3e-021
05380 ///// ///// 0000.0 000 000 3.8e-021
05440 ///// ///// 0000.0 000 000 1.7e-021
05500 ///// ///// 0000.0 000 000 1.6e-021
05560 ///// ///// 0000.0 000 000 6.6e-022
05620 ///// ///// 0000.0 000 000 2.7e-021
05680 ///// ///// 0000.0 000 000 1.4e-021
05740 ///// ///// 0000.0 000 000 2.4e-021
05800 ///// ///// 0000.0 000 000 6.3e-022
05860 ///// ///// -000.1 000 000 4.0e-021
05920 ///// ///// 0000.0 000 000 4.4e-021
05980 ///// ///// 0000.0 000 000 2.4e-021
NNNN
