WNDROBS 01.20
57793 0114.3600 027.7900 00130.0 LC 20130628051000
ROBS
00100 074.0 003.0 0000.3 100 100 5.7e-021
00160 062.0 004.3 0000.3 100 100 2.4e-020
00220 065.0 003.7 0000.2 100 100 3.1e-020
00280 053.0 003.4 0000.1 100 100 3.5e-020
00340 159.0 007.7 0000.1 100 100 2.4e-020
00400 164.0 009.1 0000.4 100 100 7.3e-021
00460 166.0 009.0 -000.0 100 100 4.7e-021
00520 191.0 009.1 0001.2 100 100 4.5e-021
00580 193.0 008.8 0001.3 100 100 5.3e-021
00640 214.0 010.4 0000.8 100 100 9.2e-021
00700 198.0 008.2 0000.9 100 100 1.1e-020
00760 227.0 010.8 0001.3 100 100 2.1e-020
00820 231.0 012.7 0002.1 100 100 1.5e-020
00880 235.0 017.1 0002.2 100 100 2.5e-020
00940 234.0 016.4 0000.0 100 100 2.0e-020
01000 245.0 011.4 0003.4 100 100 3.1e-020
01060 200.0 010.2 0000.5 100 100 1.2e-020
01120 224.0 007.5 0002.9 100 100 1.4e-020
01180 242.0 014.9 0002.0 100 100 1.5e-020
01240 240.0 015.9 0002.6 100 100 1.5e-020
01300 222.0 012.0 0002.9 100 100 1.5e-020
01360 225.0 021.5 0002.7 100 100 2.0e-020
01420 227.0 022.2 0002.8 100 100 2.1e-020
01480 227.0 021.8 0002.7 100 100 1.4e-020
01540 225.0 022.2 0002.8 100 100 1.4e-020
01600 225.0 022.9 0002.7 100 100 1.4e-020
01660 226.0 022.0 0002.6 100 100 1.1e-020
01720 235.0 019.9 0002.7 100 100 9.0e-021
01780 236.0 020.7 0002.6 100 100 1.0e-020
01840 228.0 024.0 0002.4 100 100 9.3e-021
01900 229.0 023.9 0002.9 100 100 9.0e-021
01960 228.0 024.5 0003.1 100 100 8.3e-021
02020 227.0 022.3 0002.6 100 100 5.9e-021
02080 224.0 022.7 0003.1 100 100 7.6e-021
02140 229.0 021.8 0002.5 100 100 5.8e-021
02200 227.0 022.9 0003.1 100 100 7.8e-021
02260 227.0 022.7 0002.4 100 100 9.2e-021
02320 223.0 025.2 0003.3 100 100 1.2e-020
02380 226.0 023.8 0003.1 100 100 1.0e-020
02440 226.0 024.8 0003.3 100 100 1.2e-020
02500 226.0 024.4 0003.1 100 100 8.6e-021
02560 226.0 024.1 0003.1 100 100 9.1e-021
02620 226.0 023.7 0003.4 100 100 8.5e-021
02680 228.0 024.4 0003.5 100 100 1.0e-020
02740 229.0 024.7 0003.0 100 100 1.0e-020
02800 230.0 024.4 0003.7 100 100 9.7e-021
02860 230.0 024.6 0003.4 100 100 9.4e-021
02920 231.0 024.8 0002.6 100 100 1.2e-020
02980 229.0 024.7 0002.5 100 100 1.1e-020
03040 230.0 025.0 0002.6 100 100 1.1e-020
03100 228.0 024.6 0003.0 100 100 1.4e-020
03160 239.0 021.7 0000.0 100 100 1.0e-020
03220 241.0 021.3 0004.8 100 100 1.3e-020
03280 240.0 021.5 0004.6 100 100 1.1e-020
03340 243.0 020.7 0000.0 100 100 1.3e-020
03400 243.0 027.6 0003.5 100 100 9.5e-021
03460 242.0 028.4 0002.3 100 100 1.1e-020
03520 245.0 027.8 0003.7 100 100 1.0e-020
03580 ///// ///// 0003.7 000 000 8.6e-021
03640 252.0 026.7 0003.6 100 100 1.0e-020
03700 248.0 027.6 0003.5 100 100 9.5e-021
03760 249.0 027.3 0003.6 100 100 1.1e-020
03820 241.0 023.9 -000.3 100 100 1.1e-020
03880 247.0 029.6 0000.0 100 100 9.5e-021
03940 242.0 023.2 -001.0 100 100 1.3e-020
04000 248.0 031.1 0002.5 100 100 1.2e-020
04060 248.0 030.4 0002.9 100 100 1.2e-020
04120 250.0 030.1 0000.0 100 100 1.1e-020
04180 250.0 029.5 0000.0 100 100 1.1e-020
04240 246.0 030.4 0002.9 100 100 1.5e-020
04300 246.0 029.9 0002.0 100 100 1.2e-020
04360 248.0 030.1 0000.0 100 100 1.1e-020
04420 249.0 029.7 0002.3 100 100 1.3e-020
04480 246.0 030.0 0000.0 100 100 1.2e-020
04540 245.0 029.2 0000.0 100 100 8.6e-021
04600 245.0 030.5 0000.0 100 100 7.5e-021
04660 240.0 031.6 0001.3 100 100 1.2e-020
04720 240.0 032.4 0000.0 100 100 8.3e-021
04780 ///// ///// -000.3 000 000 4.5e-021
04840 ///// ///// 0000.0 000 000 5.7e-021
04900 ///// ///// 0000.0 000 000 5.0e-021
04960 ///// ///// 0000.0 000 000 4.7e-021
05020 ///// ///// 0000.0 000 000 5.1e-021
05080 ///// ///// 0000.0 000 000 5.9e-021
05140 ///// ///// 0000.0 000 000 4.5e-021
05200 ///// ///// -000.5 000 000 8.3e-021
05260 ///// ///// 0000.0 000 000 2.2e-021
05320 ///// ///// 0000.0 000 000 6.2e-021
05380 ///// ///// 0000.0 000 000 6.8e-021
05440 ///// ///// 0000.0 000 000 7.9e-021
05500 ///// ///// 0000.0 000 000 6.4e-021
05560 ///// ///// 0000.0 000 000 4.6e-021
05620 ///// ///// 0000.8 000 000 1.9e-021
05680 ///// ///// 0000.0 000 000 1.5e-021
05740 ///// ///// 0000.0 000 000 5.7e-021
05800 ///// ///// 0000.0 000 000 1.4e-021
05860 ///// ///// 0000.0 000 000 4.8e-021
05920 ///// ///// -000.1 000 000 5.7e-021
05980 ///// ///// 0000.0 000 000 5.5e-021
NNNN
