WNDROBS 01.20
57793 0114.3600 027.7900 00130.0 LC 20130629110500
ROBS
00100 127.0 005.1 0001.6 100 100 1.1e-021
00160 126.0 005.7 0000.8 100 100 3.5e-021
00220 128.0 006.2 -000.0 100 100 3.9e-021
00280 111.0 007.9 0000.1 100 100 5.8e-021
00340 139.0 004.7 0000.1 100 100 1.2e-020
00400 139.0 005.2 0000.0 100 100 2.0e-020
00460 150.0 006.3 -000.0 100 100 4.5e-020
00520 154.0 006.9 -000.1 100 100 9.1e-020
00580 160.0 007.5 -000.1 100 100 2.2e-020
00640 166.0 008.1 -000.2 100 100 1.5e-020
00700 165.0 008.0 -000.1 100 100 1.8e-020
00760 169.0 007.8 -000.2 100 100 3.6e-020
00820 177.0 007.2 -000.3 100 100 6.2e-020
00880 187.0 006.6 -000.2 100 100 5.6e-020
00940 197.0 006.1 0000.2 100 100 5.2e-020
01000 201.0 005.3 0000.3 100 100 2.2e-020
01060 191.0 004.4 0000.2 100 100 1.3e-020
01120 181.0 003.3 0000.2 100 100 9.5e-021
01180 199.0 002.9 0000.3 100 100 9.3e-021
01240 200.0 003.7 0000.2 100 100 1.7e-020
01300 203.0 004.5 0000.3 100 100 4.7e-021
01360 207.0 005.0 0000.2 100 100 4.0e-021
01420 209.0 005.8 0000.1 100 100 5.5e-021
01480 212.0 006.5 0000.1 100 100 1.0e-020
01540 215.0 007.7 0000.1 100 100 6.7e-021
01600 217.0 008.1 0000.2 100 100 5.3e-021
01660 221.0 009.3 0000.2 100 100 4.5e-021
01720 224.0 009.7 0000.2 100 100 4.8e-021
01780 228.0 011.1 0000.2 100 100 4.5e-021
01840 232.0 010.9 0000.1 100 100 3.0e-021
01900 233.0 011.1 0000.3 100 100 2.6e-021
01960 233.0 011.0 -000.2 100 100 2.9e-021
02020 238.0 010.0 0000.8 100 100 2.6e-021
02080 240.0 009.9 0000.4 100 100 2.8e-021
02140 229.0 007.5 0000.6 100 100 1.9e-021
02200 226.0 007.7 0000.0 100 100 2.0e-021
02260 223.0 008.1 0000.0 100 100 2.1e-021
02320 226.0 007.6 0000.2 100 100 2.7e-021
02380 224.0 008.2 0000.2 100 100 4.2e-021
02440 222.0 008.6 0000.2 100 100 5.4e-021
02500 222.0 008.8 0000.3 100 100 4.5e-021
02560 218.0 009.8 0000.4 100 100 3.5e-021
02620 222.0 009.3 0000.4 100 100 5.7e-021
02680 225.0 009.4 0000.3 100 100 9.6e-021
02740 229.0 010.1 0000.3 100 100 1.3e-020
02800 230.0 010.3 0000.0 100 100 8.6e-021
02860 229.0 010.5 -000.4 100 100 1.3e-020
02920 234.0 010.8 -000.2 100 100 9.5e-021
02980 240.0 009.2 -000.2 100 100 7.4e-021
03040 239.0 009.3 -000.5 100 100 6.9e-021
03100 235.0 009.7 -000.3 100 100 9.0e-021
03160 232.0 010.1 -000.2 100 100 7.1e-021
03220 232.0 010.3 0000.0 100 100 1.0e-020
03280 232.0 009.6 0000.0 100 100 9.3e-021
03340 232.0 009.7 -000.5 100 100 9.9e-021
03400 232.0 009.8 0000.0 100 100 7.8e-021
03460 232.0 009.9 0000.0 100 100 9.4e-021
03520 225.0 011.1 0000.0 100 100 7.0e-021
03580 229.0 011.3 0000.0 100 100 3.5e-021
03640 218.0 007.8 0000.0 100 100 8.2e-022
03700 192.0 006.2 0000.2 100 100 2.4e-021
03760 189.0 006.1 0000.0 100 100 2.9e-021
03820 185.0 008.5 0000.0 100 100 2.6e-021
03880 184.0 008.6 0000.0 100 100 2.5e-021
03940 332.0 003.3 0000.0 100 100 1.6e-021
04000 191.0 005.5 0000.0 100 100 1.8e-021
04060 201.0 005.0 0000.0 100 100 1.8e-021
04120 332.0 005.3 0000.0 100 100 2.8e-021
04180 ///// ///// 0000.2 000 000 2.9e-021
04240 242.0 011.5 0000.1 100 100 5.6e-021
04300 227.0 012.0 0000.1 100 100 8.4e-021
04360 233.0 013.4 0000.3 100 100 8.3e-021
04420 233.0 013.2 -000.3 100 100 1.6e-020
04480 235.0 013.4 0000.0 100 100 1.4e-020
04540 244.0 013.6 0000.0 100 100 5.6e-021
04600 243.0 014.1 0000.0 100 100 5.2e-021
04660 242.0 014.7 0000.0 100 100 4.4e-021
04720 ///// ///// 0000.5 000 000 5.0e-021
04780 ///// ///// 0000.0 000 000 2.9e-021
04840 ///// ///// 0000.0 000 000 1.0e-021
04900 ///// ///// 0000.0 000 000 3.9e-021
04960 ///// ///// 0000.0 000 000 3.5e-021
05020 ///// ///// -000.1 000 000 3.0e-021
05080 ///// ///// 0000.0 000 000 4.0e-021
05140 ///// ///// 0000.0 000 000 3.3e-021
05200 ///// ///// 0000.0 000 000 3.5e-021
05260 ///// ///// 0000.5 000 000 5.0e-021
05320 ///// ///// 0000.0 000 000 4.6e-021
05380 ///// ///// 0001.3 000 000 4.5e-021
05440 ///// ///// 0000.0 000 000 4.4e-021
05500 ///// ///// 0000.0 000 000 3.0e-021
05560 ///// ///// 0000.0 000 000 2.0e-021
05620 ///// ///// 0000.0 000 000 3.0e-021
05680 ///// ///// 0000.0 000 000 1.7e-021
05740 ///// ///// 0000.0 000 000 5.8e-021
05800 ///// ///// 0000.0 000 000 4.1e-021
05860 ///// ///// 0000.0 000 000 2.1e-021
05920 ///// ///// 0000.0 000 000 4.9e-021
05980 ///// ///// 0000.0 000 000 4.4e-021
NNNN
