WNDROBS 01.20
57793 0114.3600 027.7900 00130.0 LC 20130629092500
ROBS
00100 152.0 004.7 0001.7 100 100 3.5e-021
00160 151.0 004.9 0001.1 100 100 8.6e-021
00220 166.0 005.6 0000.0 100 100 8.6e-021
00280 158.0 003.1 -000.1 100 100 2.3e-020
00340 149.0 003.7 -000.4 100 100 2.4e-020
00400 144.0 004.4 -000.3 100 100 2.2e-020
00460 136.0 005.4 -000.5 100 100 7.3e-020
00520 145.0 005.6 -000.5 100 100 3.1e-019
00580 156.0 006.6 -000.5 100 100 3.6e-019
00640 161.0 007.0 -000.4 100 100 1.1e-019
00700 164.0 008.2 -000.4 100 100 7.2e-020
00760 165.0 008.2 -000.3 100 100 5.7e-020
00820 169.0 005.2 -000.5 100 100 1.9e-020
00880 166.0 004.3 0000.3 100 100 5.2e-020
00940 179.0 002.7 0000.2 100 100 2.6e-020
01000 178.0 004.9 0000.3 100 100 1.8e-020
01060 202.0 002.6 0000.1 100 100 1.5e-020
01120 204.0 002.5 0000.1 100 100 2.5e-020
01180 210.0 003.7 0000.1 100 100 1.6e-020
01240 210.0 003.6 0000.1 100 100 4.6e-021
01300 226.0 005.8 0000.1 100 100 3.0e-021
01360 217.0 007.0 0000.2 100 100 3.0e-021
01420 220.0 008.1 0000.5 100 100 7.0e-021
01480 220.0 008.3 0000.3 100 100 1.7e-020
01540 220.0 008.0 0000.0 100 100 2.3e-020
01600 219.0 009.0 -000.1 100 100 4.6e-020
01660 223.0 009.5 -000.1 100 100 5.6e-020
01720 224.0 009.5 -000.2 100 100 2.4e-020
01780 227.0 010.3 -000.2 100 100 2.0e-020
01840 225.0 011.3 -000.2 100 100 1.6e-020
01900 227.0 011.3 -000.3 100 100 1.6e-020
01960 228.0 012.3 -000.5 100 100 1.2e-020
02020 228.0 012.7 -000.1 100 100 1.2e-020
02080 226.0 011.7 0000.0 100 100 8.9e-021
02140 224.0 011.3 -000.1 100 100 8.5e-021
02200 226.0 010.4 -000.1 100 100 7.5e-021
02260 229.0 010.4 -000.2 100 100 8.1e-021
02320 226.0 010.1 0000.0 100 100 4.9e-021
02380 226.0 010.0 -000.4 100 100 6.1e-021
02440 227.0 010.1 -000.2 100 100 6.7e-021
02500 225.0 010.6 -000.5 100 100 7.0e-021
02560 227.0 011.3 -000.7 100 100 8.9e-021
02620 227.0 010.6 -001.0 100 100 1.5e-020
02680 224.0 011.0 -001.0 100 100 1.4e-020
02740 223.0 011.3 -001.0 100 100 8.0e-021
02800 216.0 010.9 -000.9 100 100 1.2e-020
02860 215.0 011.5 -000.9 100 100 1.2e-020
02920 216.0 011.2 -001.2 100 100 9.0e-021
02980 215.0 011.7 -001.4 100 100 1.3e-020
03040 213.0 011.0 0000.0 100 100 8.3e-021
03100 213.0 011.1 0000.0 100 100 1.7e-020
03160 219.0 012.2 -000.6 100 100 2.9e-020
03220 220.0 012.5 -000.8 100 100 2.4e-020
03280 222.0 012.4 0000.0 100 100 1.0e-020
03340 230.0 013.3 -000.9 100 100 8.2e-021
03400 240.0 016.7 -000.6 100 100 1.3e-020
03460 231.0 013.7 -000.6 100 100 3.0e-020
03520 231.0 014.1 -000.5 100 100 4.6e-020
03580 230.0 014.6 -000.3 100 100 7.9e-020
03640 231.0 014.5 -000.4 100 100 5.6e-020
03700 230.0 014.4 -000.4 100 100 4.1e-020
03760 233.0 014.3 -000.5 100 100 1.7e-020
03820 232.0 014.4 -000.3 100 100 1.4e-020
03880 232.0 014.6 -000.4 100 100 1.4e-020
03940 230.0 014.9 -000.6 100 100 1.2e-020
04000 229.0 015.6 -000.4 100 100 1.5e-020
04060 229.0 015.3 -000.5 100 100 1.2e-020
04120 231.0 015.5 -000.3 100 100 1.2e-020
04180 232.0 015.2 0000.0 100 100 9.3e-021
04240 233.0 014.8 0008.5 100 100 1.1e-020
04300 236.0 015.3 0000.0 100 100 5.6e-021
04360 231.0 014.3 -000.5 100 100 1.3e-020
04420 233.0 014.0 0000.0 100 100 1.1e-020
04480 236.0 015.5 -000.4 100 100 1.3e-020
04540 226.0 013.1 -000.6 100 100 6.6e-021
04600 ///// ///// -000.7 000 000 5.3e-021
04660 ///// ///// 0000.0 000 000 2.9e-021
04720 ///// ///// 0000.0 000 000 6.3e-021
04780 ///// ///// 0000.0 000 000 4.4e-021
04840 ///// ///// 0000.0 000 000 1.3e-021
04900 ///// ///// 0000.0 000 000 3.8e-021
04960 ///// ///// -001.0 000 000 4.5e-021
05020 ///// ///// 0000.0 000 000 3.4e-021
05080 ///// ///// 0000.0 000 000 2.1e-021
05140 ///// ///// 0000.0 000 000 3.8e-021
05200 ///// ///// 0000.0 000 000 4.0e-021
05260 ///// ///// 0000.0 000 000 4.1e-021
05320 ///// ///// 0006.1 000 000 1.7e-021
05380 ///// ///// 0000.0 000 000 1.3e-021
05440 ///// ///// 0000.0 000 000 4.7e-021
05500 ///// ///// 0000.0 000 000 4.8e-021
05560 ///// ///// -000.0 000 000 5.3e-021
05620 ///// ///// -000.2 000 000 5.7e-021
05680 ///// ///// 0000.0 000 000 2.7e-021
05740 ///// ///// 0000.0 000 000 3.5e-021
05800 ///// ///// 0000.0 000 000 5.5e-021
05860 ///// ///// 0001.3 000 000 3.9e-021
05920 ///// ///// 0000.0 000 000 4.5e-021
05980 ///// ///// 0000.0 000 000 4.1e-021
NNNN
