WNDROBS 01.20
57793 0114.3600 027.7900 00130.0 LC 20130628062000
ROBS
00100 058.0 002.3 0007.6 100 100 5.5e-018
00160 093.0 002.5 0007.6 100 100 2.2e-016
00220 031.0 004.5 0008.0 100 100 2.8e-016
00280 018.0 004.4 0008.1 100 100 3.2e-016
00340 009.0 004.1 0008.1 100 100 3.2e-016
00400 030.0 005.2 0007.8 100 100 2.4e-016
00460 036.0 004.9 0007.7 100 100 1.9e-016
00520 048.0 005.0 0008.0 100 100 2.1e-016
00580 051.0 005.5 0008.0 100 100 2.2e-016
00640 045.0 005.5 0007.9 100 100 2.2e-016
00700 039.0 006.9 0007.9 100 100 2.2e-016
00760 076.0 004.8 0007.7 100 100 1.4e-016
00820 245.0 004.7 0007.1 100 100 1.4e-016
00880 236.0 004.4 0006.6 100 100 1.2e-016
00940 285.0 004.7 0006.6 100 100 1.1e-016
01000 158.0 004.5 0006.6 100 100 6.6e-017
01060 277.0 005.2 0006.6 100 100 1.8e-017
01120 278.0 005.4 0006.6 100 100 1.8e-017
01180 274.0 005.0 0006.3 100 100 1.7e-017
01240 266.0 005.1 0005.9 100 100 1.4e-017
01300 189.0 003.8 0005.9 100 100 1.4e-017
01360 195.0 004.4 0006.0 100 100 1.5e-017
01420 194.0 004.6 0005.6 100 100 1.6e-017
01480 194.0 004.5 0005.3 100 100 1.5e-017
01540 206.0 006.3 0005.0 100 100 1.5e-017
01600 201.0 007.2 0004.7 100 100 1.7e-017
01660 200.0 009.7 0003.1 100 100 1.4e-017
01720 204.0 009.1 0003.4 100 100 1.4e-017
01780 207.0 008.6 0003.1 100 100 1.4e-017
01840 206.0 010.0 0002.7 100 100 1.3e-017
01900 216.0 011.4 0002.6 100 100 1.3e-017
01960 218.0 012.2 0002.6 100 100 9.7e-018
02020 228.0 016.6 0002.7 100 100 8.9e-018
02080 228.0 016.2 0002.5 100 100 7.8e-018
02140 227.0 017.9 0002.3 100 100 8.2e-018
02200 233.0 016.4 0002.7 100 100 7.8e-018
02260 243.0 015.2 0002.2 100 100 5.6e-018
02320 241.0 014.7 0002.2 100 100 6.0e-018
02380 242.0 015.0 0002.2 100 100 5.6e-018
02440 242.0 014.9 0005.0 100 100 6.0e-018
02500 241.0 015.9 0004.4 100 100 6.9e-018
02560 237.0 015.1 0004.6 100 100 6.8e-018
02620 234.0 015.9 0004.6 100 100 6.1e-018
02680 230.0 016.6 0004.1 100 100 7.7e-018
02740 231.0 015.9 0004.4 100 100 8.0e-018
02800 232.0 016.5 0003.7 100 100 9.8e-018
02860 234.0 015.2 0005.6 100 100 9.9e-018
02920 232.0 018.3 0005.7 100 100 8.2e-018
02980 232.0 015.2 0006.7 100 100 6.9e-018
03040 237.0 016.5 0006.6 100 100 6.1e-018
03100 250.0 013.3 0005.9 100 100 6.1e-018
03160 244.0 016.8 0005.5 100 100 7.1e-018
03220 247.0 014.7 0004.1 100 100 7.0e-018
03280 251.0 014.8 0002.8 100 100 6.1e-018
03340 242.0 017.0 0003.1 100 100 5.2e-018
03400 259.0 015.2 0003.8 100 100 5.7e-018
03460 259.0 015.3 0003.2 100 100 4.1e-018
03520 269.0 016.9 0002.8 100 100 4.8e-018
03580 268.0 018.7 0002.3 100 100 5.1e-018
03640 266.0 019.4 0006.1 100 100 4.7e-018
03700 265.0 013.9 0005.9 100 100 3.9e-018
03760 259.0 017.1 0006.0 100 100 3.8e-018
03820 264.0 013.9 0005.1 100 100 3.4e-018
03880 234.0 012.7 0005.6 100 100 3.4e-018
03940 236.0 008.3 0006.1 100 100 3.1e-018
04000 255.0 019.9 0006.1 100 100 4.0e-018
04060 264.0 019.7 0005.8 100 100 4.2e-018
04120 260.0 023.0 0005.6 100 100 4.5e-018
04180 259.0 022.8 0007.0 100 100 4.4e-018
04240 257.0 022.9 0006.3 100 100 4.4e-018
04300 240.0 018.1 0006.2 100 100 3.7e-018
04360 244.0 014.0 0006.3 100 100 3.6e-018
04420 223.0 020.6 0005.5 100 100 3.9e-018
04480 223.0 020.2 0006.0 100 100 4.0e-018
04540 219.0 019.9 0006.7 100 100 4.0e-018
04600 220.0 019.5 0006.3 100 100 4.0e-018
04660 219.0 019.6 0005.2 100 100 4.7e-018
04720 223.0 018.1 0003.5 100 100 6.1e-018
04780 217.0 017.3 0001.7 100 100 3.1e-019
04840 217.0 010.2 0001.9 100 100 4.1e-018
04900 207.0 009.5 0001.8 100 100 5.1e-018
04960 237.0 016.5 0001.8 100 100 5.5e-018
05020 229.0 018.1 0001.6 100 100 5.0e-018
05080 229.0 021.9 0001.4 100 100 7.4e-018
05140 230.0 021.7 0001.4 100 100 6.6e-018
05200 230.0 021.5 0001.4 100 100 5.2e-018
05260 232.0 021.7 0001.5 100 100 3.8e-018
05320 232.0 021.6 0001.5 100 100 3.1e-018
05380 231.0 021.1 0001.5 100 100 2.6e-018
05440 229.0 019.2 0001.6 100 100 2.4e-018
05500 229.0 018.6 0001.6 100 100 2.2e-018
05560 229.0 017.7 0001.5 100 100 2.1e-018
05620 230.0 017.7 0001.5 100 100 2.2e-018
05680 231.0 018.2 0001.5 100 100 2.3e-018
05740 232.0 018.2 0001.4 100 100 2.1e-018
05800 235.0 019.7 0001.4 100 100 2.1e-018
05860 235.0 019.9 0001.4 100 100 1.9e-018
05920 235.0 019.7 0001.4 100 100 1.8e-018
05980 231.0 017.9 0001.4 100 100 1.6e-018
NNNN
