WNDROBS 01.20
57793 0114.3600 027.7900 00130.0 LC 20130629160500
ROBS
00100 085.0 002.8 -000.5 100 100 1.5e-020
00160 085.0 003.0 -000.5 100 100 3.1e-020
00220 103.0 003.7 -000.3 100 100 1.9e-020
00280 107.0 005.8 -000.2 100 100 1.9e-020
00340 110.0 005.6 -000.3 100 100 1.3e-020
00400 118.0 005.8 -000.2 100 100 1.5e-020
00460 133.0 006.4 -000.3 100 100 2.9e-020
00520 146.0 007.1 -000.3 100 100 2.0e-020
00580 155.0 008.5 -000.5 100 100 2.0e-020
00640 160.0 009.0 -000.4 100 100 9.1e-020
00700 168.0 009.8 -000.4 100 100 1.0e-019
00760 169.0 010.1 -000.3 100 100 6.8e-020
00820 176.0 010.6 -000.2 100 100 4.8e-020
00880 182.0 012.1 -000.1 100 100 6.4e-020
00940 182.0 013.7 -000.2 100 100 8.1e-020
01000 186.0 014.1 -000.4 100 100 1.1e-019
01060 177.0 014.1 -000.3 100 100 5.0e-020
01120 180.0 013.4 -000.2 100 100 4.5e-020
01180 181.0 011.3 -000.3 100 100 3.9e-020
01240 184.0 010.4 -000.5 100 100 4.3e-020
01300 186.0 009.6 -000.7 100 100 3.6e-020
01360 193.0 008.3 -000.5 100 100 3.7e-020
01420 193.0 007.7 0000.1 100 100 4.3e-020
01480 197.0 006.9 0000.3 100 100 3.6e-020
01540 201.0 005.9 0000.0 100 100 2.3e-020
01600 206.0 005.9 -000.1 100 100 1.7e-020
01660 206.0 006.3 0000.2 100 100 1.1e-020
01720 210.0 007.4 0000.1 100 100 1.1e-020
01780 214.0 008.0 -000.2 100 100 1.5e-020
01840 213.0 008.1 -000.2 100 100 1.7e-020
01900 214.0 008.4 -000.2 100 100 1.8e-020
01960 212.0 008.6 -000.1 100 100 1.2e-020
02020 212.0 009.0 -000.3 100 100 1.2e-020
02080 220.0 010.2 -000.2 100 100 8.5e-021
02140 219.0 009.9 -000.3 100 100 6.4e-021
02200 220.0 010.1 -000.3 100 100 5.0e-021
02260 220.0 011.1 -000.4 100 100 5.4e-021
02320 226.0 010.8 -000.2 100 100 3.7e-021
02380 229.0 009.5 -000.2 100 100 2.6e-021
02440 231.0 009.4 0000.1 100 100 2.7e-021
02500 234.0 009.2 -000.2 100 100 4.4e-021
02560 224.0 007.6 -000.2 100 100 3.7e-021
02620 229.0 008.7 -000.3 100 100 3.5e-021
02680 223.0 007.6 -000.2 100 100 3.4e-021
02740 221.0 007.3 -000.1 100 100 5.8e-021
02800 220.0 007.0 -000.0 100 100 2.0e-020
02860 222.0 007.4 -000.1 100 100 2.6e-020
02920 225.0 008.2 0000.0 100 100 1.1e-020
02980 229.0 008.4 0000.0 100 100 9.8e-021
03040 231.0 008.9 0000.1 100 100 1.1e-020
03100 238.0 008.6 0000.0 100 100 5.9e-021
03160 238.0 008.3 0000.5 100 100 8.4e-021
03220 232.0 008.4 0000.0 100 100 4.2e-021
03280 237.0 008.0 0000.3 100 100 1.0e-020
03340 237.0 008.1 0000.0 100 100 1.1e-020
03400 237.0 008.2 0000.0 100 100 1.1e-020
03460 238.0 008.4 0000.0 100 100 7.1e-021
03520 224.0 006.7 0001.1 100 100 2.8e-021
03580 202.0 004.4 0000.0 100 100 9.4e-022
03640 198.0 004.5 0000.1 100 100 1.8e-021
03700 248.0 007.9 0000.0 100 100 5.3e-022
03760 225.0 009.2 0000.1 100 100 3.9e-021
03820 208.0 007.5 0000.0 100 100 3.0e-021
03880 221.0 010.1 0000.0 100 100 4.2e-021
03940 176.0 006.4 -000.4 100 100 4.1e-021
04000 197.0 006.8 0000.0 100 100 2.6e-021
04060 ///// ///// 0000.0 000 000 9.7e-022
04120 ///// ///// -000.3 000 000 3.8e-021
04180 167.0 007.6 -000.1 100 100 3.1e-021
04240 186.0 008.5 -000.1 100 100 5.4e-021
04300 209.0 009.6 0000.0 100 100 5.2e-021
04360 214.0 008.8 0000.0 100 100 4.6e-021
04420 214.0 009.1 0000.0 100 100 4.2e-021
04480 227.0 007.2 0000.0 100 100 1.1e-021
04540 244.0 007.3 -001.0 100 100 1.0e-021
04600 ///// ///// 0000.0 000 000 3.5e-021
04660 ///// ///// 0000.0 000 000 2.3e-021
04720 ///// ///// 0000.0 000 000 1.3e-021
04780 ///// ///// 0000.0 000 000 2.4e-021
04840 ///// ///// 0000.0 000 000 2.5e-021
04900 ///// ///// 0000.0 000 000 2.4e-021
04960 ///// ///// 0000.0 000 000 1.3e-021
05020 ///// ///// 0000.0 000 000 2.2e-021
05080 ///// ///// -000.8 000 000 2.0e-021
05140 ///// ///// 0000.0 000 000 1.1e-021
05200 ///// ///// 0000.0 000 000 4.6e-021
05260 ///// ///// 0000.0 000 000 4.1e-021
05320 ///// ///// 0000.0 000 000 3.5e-021
05380 ///// ///// 0000.0 000 000 4.4e-021
05440 ///// ///// 0000.0 000 000 3.3e-021
05500 ///// ///// 0000.0 000 000 1.4e-021
05560 ///// ///// 0000.0 000 000 4.2e-021
05620 ///// ///// -000.7 000 000 3.7e-021
05680 ///// ///// 0000.0 000 000 1.4e-021
05740 ///// ///// 0000.0 000 000 4.2e-021
05800 ///// ///// -001.0 000 000 6.0e-021
05860 ///// ///// 0001.2 000 000 4.8e-021
05920 ///// ///// 0000.0 000 000 2.0e-021
05980 ///// ///// 0000.0 000 000 3.2e-021
NNNN
