WNDROBS 01.20
57793 0114.3600 027.7900 00130.0 LC 20130629113500
ROBS
00100 104.0 006.2 -000.1 100 100 1.8e-021
00160 104.0 007.0 -000.1 100 100 5.3e-021
00220 102.0 008.5 -000.1 100 100 4.6e-021
00280 107.0 007.4 -000.1 100 100 4.9e-021
00340 107.0 008.0 -000.0 100 100 5.8e-021
00400 123.0 005.4 -000.1 100 100 8.3e-021
00460 143.0 007.1 -000.1 100 100 2.2e-020
00520 149.0 007.8 -000.1 100 100 9.1e-020
00580 152.0 009.1 -000.2 100 100 5.7e-021
00640 163.0 009.5 -000.2 100 100 6.6e-021
00700 159.0 010.5 0000.3 100 100 7.6e-021
00760 165.0 007.8 -000.4 100 100 9.5e-021
00820 170.0 010.2 -001.6 100 100 1.3e-020
00880 163.0 009.9 -000.6 100 100 2.6e-020
00940 169.0 008.8 -000.2 100 100 9.0e-020
01000 183.0 009.4 -000.4 100 100 1.4e-019
01060 186.0 008.8 -000.5 100 100 1.0e-019
01120 186.0 007.6 -000.4 100 100 5.5e-020
01180 188.0 006.3 -000.0 100 100 1.5e-020
01240 195.0 005.9 -000.1 100 100 1.1e-020
01300 198.0 005.8 -000.2 100 100 9.1e-021
01360 205.0 005.9 -000.2 100 100 8.7e-021
01420 206.0 006.7 -000.2 100 100 7.7e-021
01480 209.0 007.1 -000.4 100 100 5.6e-021
01540 219.0 008.3 -000.4 100 100 3.1e-021
01600 217.0 008.7 -000.4 100 100 4.1e-021
01660 218.0 009.1 -000.3 100 100 9.2e-021
01720 221.0 009.8 -000.3 100 100 1.3e-020
01780 223.0 010.1 -000.4 100 100 1.1e-020
01840 229.0 010.1 -000.4 100 100 7.6e-021
01900 233.0 010.6 -000.4 100 100 7.6e-021
01960 234.0 010.2 -000.4 100 100 5.0e-021
02020 232.0 009.8 -000.4 100 100 4.0e-021
02080 232.0 010.3 -000.4 100 100 2.8e-021
02140 225.0 009.9 0000.0 100 100 1.0e-021
02200 231.0 009.2 -000.3 100 100 2.8e-021
02260 227.0 010.0 -000.4 100 100 3.1e-021
02320 227.0 010.2 -000.3 100 100 2.3e-021
02380 228.0 010.0 0000.2 100 100 2.1e-021
02440 227.0 010.3 0000.0 100 100 2.2e-021
02500 231.0 010.3 -000.3 100 100 2.1e-021
02560 231.0 009.7 -000.5 100 100 3.8e-021
02620 231.0 009.8 -000.3 100 100 5.5e-021
02680 230.0 009.9 0000.0 100 100 2.6e-021
02740 234.0 010.4 0000.0 100 100 2.9e-021
02800 233.0 010.2 -000.1 100 100 3.4e-021
02860 226.0 008.4 0000.0 100 100 2.9e-021
02920 220.0 007.7 0000.0 100 100 2.2e-021
02980 224.0 008.4 0000.0 100 100 2.3e-021
03040 227.0 008.9 -000.4 100 100 2.0e-021
03100 229.0 009.6 0000.1 100 100 2.4e-021
03160 231.0 010.1 0000.0 100 100 1.8e-021
03220 241.0 010.4 0000.0 100 100 2.3e-021
03280 234.0 009.4 -000.3 100 100 1.5e-021
03340 204.0 006.0 0000.0 100 100 1.9e-021
03400 ///// ///// 0000.3 000 000 2.5e-021
03460 ///// ///// 0000.0 000 000 1.7e-021
03520 ///// ///// 0000.0 000 000 2.8e-022
03580 ///// ///// 0000.0 000 000 2.0e-021
03640 ///// ///// 0000.0 000 000 6.9e-022
03700 ///// ///// 0000.5 000 000 2.5e-021
03760 ///// ///// 0001.2 000 000 2.8e-021
03820 157.0 011.4 0000.0 100 100 1.4e-021
03880 178.0 011.4 0000.0 100 100 3.7e-021
03940 188.0 019.2 0000.2 100 100 1.1e-021
04000 ///// ///// 0000.0 000 000 2.1e-021
04060 ///// ///// -000.2 000 000 1.6e-021
04120 ///// ///// -000.0 000 000 6.8e-021
04180 ///// ///// -000.1 000 000 8.7e-021
04240 ///// ///// -000.1 000 000 9.4e-021
04300 215.0 015.4 -000.1 100 100 1.3e-020
04360 216.0 015.0 -000.2 100 100 1.4e-020
04420 215.0 015.2 -000.2 100 100 1.8e-020
04480 215.0 015.4 0000.3 100 100 1.1e-020
04540 232.0 012.3 0000.0 100 100 9.5e-021
04600 229.0 012.0 -000.3 100 100 1.1e-020
04660 231.0 012.2 0000.0 100 100 6.4e-021
04720 232.0 012.0 -000.1 100 100 1.3e-020
04780 234.0 012.7 -000.2 100 100 5.1e-021
04840 234.0 012.9 0000.0 100 100 5.8e-021
04900 ///// ///// 0000.9 000 000 7.6e-022
04960 ///// ///// 0000.0 000 000 6.5e-021
05020 235.0 014.0 0000.0 100 100 5.1e-021
05080 ///// ///// 0000.5 000 000 7.1e-021
05140 244.0 016.3 0000.2 100 100 9.5e-021
05200 244.0 016.1 0000.8 100 100 9.2e-021
05260 ///// ///// 0001.1 000 000 4.9e-021
05320 257.0 012.5 0000.9 100 100 8.4e-021
05380 ///// ///// -000.4 000 000 3.2e-021
05440 ///// ///// 0000.5 000 000 6.1e-021
05500 ///// ///// 0000.0 000 000 5.4e-021
05560 ///// ///// 0000.5 000 000 4.5e-021
05620 ///// ///// 0001.6 000 000 6.0e-021
05680 ///// ///// 0001.0 000 000 4.6e-021
05740 ///// ///// 0000.5 000 000 5.4e-021
05800 ///// ///// -000.7 000 000 4.7e-021
05860 ///// ///// 0000.0 000 000 3.9e-021
05920 ///// ///// 0000.0 000 000 4.1e-021
05980 ///// ///// 0000.0 000 000 6.0e-021
NNNN
