WNDROBS 01.20
57793 0114.3600 027.7900 00130.0 LC 20130629102000
ROBS
00100 102.0 004.1 0000.1 100 100 2.6e-021
00160 110.0 003.0 0000.0 100 100 7.4e-021
00220 114.0 005.0 0000.1 100 100 4.4e-021
00280 109.0 005.4 0000.0 100 100 1.9e-020
00340 121.0 004.1 -000.0 100 100 3.0e-020
00400 131.0 005.2 -000.0 100 100 4.5e-020
00460 143.0 006.3 -000.1 100 100 1.9e-019
00520 149.0 007.3 0000.1 100 100 5.5e-020
00580 146.0 007.9 0000.1 100 100 4.5e-020
00640 153.0 009.1 0000.3 100 100 1.3e-019
00700 160.0 008.5 0000.0 100 100 3.2e-019
00760 161.0 007.4 0000.0 100 100 2.0e-019
00820 162.0 006.1 0000.2 100 100 4.8e-020
00880 161.0 003.9 0000.1 100 100 1.5e-020
00940 157.0 003.8 0000.3 100 100 6.2e-021
01000 151.0 002.9 0000.2 100 100 1.2e-020
01060 190.0 002.1 0000.3 100 100 2.6e-021
01120 216.0 003.3 0000.2 100 100 1.9e-020
01180 218.0 003.5 0000.2 100 100 3.3e-020
01240 224.0 005.1 0000.2 100 100 3.3e-020
01300 222.0 006.3 -000.0 100 100 3.2e-020
01360 226.0 008.4 -000.1 100 100 4.3e-020
01420 222.0 009.6 0000.2 100 100 3.4e-020
01480 222.0 010.4 0000.1 100 100 1.3e-020
01540 223.0 011.0 0000.3 100 100 8.7e-021
01600 222.0 011.5 0000.3 100 100 6.7e-021
01660 226.0 011.2 0000.3 100 100 1.3e-020
01720 229.0 010.8 0000.2 100 100 2.5e-020
01780 229.0 010.8 0000.2 100 100 1.5e-020
01840 230.0 009.9 0000.0 100 100 4.3e-021
01900 229.0 009.5 -000.0 100 100 4.1e-021
01960 227.0 008.8 -000.1 100 100 6.6e-021
02020 227.0 009.2 0000.2 100 100 8.3e-021
02080 238.0 008.7 -000.0 100 100 5.8e-021
02140 234.0 010.0 0000.0 100 100 3.8e-021
02200 229.0 009.5 0000.0 100 100 3.6e-021
02260 230.0 009.5 -000.1 100 100 7.5e-021
02320 235.0 009.1 -000.2 100 100 7.3e-021
02380 236.0 009.2 -000.1 100 100 6.2e-021
02440 233.0 008.7 -000.0 100 100 7.2e-021
02500 231.0 008.7 -000.3 100 100 6.0e-021
02560 232.0 008.2 -000.1 100 100 4.8e-021
02620 229.0 008.3 -000.3 100 100 8.7e-021
02680 228.0 008.8 -000.2 100 100 1.1e-020
02740 230.0 009.2 0000.1 100 100 1.1e-020
02800 233.0 010.1 0000.2 100 100 2.0e-020
02860 237.0 009.5 0000.1 100 100 1.9e-020
02920 236.0 010.0 0000.0 100 100 2.0e-020
02980 237.0 010.6 0000.2 100 100 1.6e-020
03040 239.0 010.2 0000.3 100 100 1.4e-020
03100 239.0 010.8 0000.5 100 100 1.4e-020
03160 236.0 010.6 0000.4 100 100 1.2e-020
03220 236.0 010.7 0000.1 100 100 1.2e-020
03280 229.0 011.9 0000.2 100 100 9.0e-021
03340 234.0 011.9 0000.8 100 100 5.2e-021
03400 234.0 011.7 0000.0 100 100 4.6e-021
03460 232.0 011.4 0000.2 100 100 6.5e-021
03520 228.0 010.4 0000.4 100 100 5.1e-021
03580 223.0 011.2 0000.3 100 100 8.3e-021
03640 223.0 011.3 0000.2 100 100 8.7e-021
03700 222.0 012.0 0000.2 100 100 1.3e-020
03760 223.0 012.7 0000.3 100 100 1.1e-020
03820 224.0 013.4 0000.2 100 100 1.3e-020
03880 224.0 012.6 0000.2 100 100 1.4e-020
03940 225.0 012.9 -000.8 100 100 8.2e-021
04000 223.0 011.8 0000.0 100 100 3.7e-021
04060 227.0 009.7 0000.0 100 100 5.6e-022
04120 ///// ///// 0000.0 000 000 8.6e-022
04180 ///// ///// -000.2 000 000 3.0e-021
04240 231.0 008.0 0000.3 100 100 3.6e-021
04300 226.0 010.7 -000.2 100 100 3.2e-021
04360 231.0 010.8 0000.0 100 100 2.4e-021
04420 238.0 010.5 0000.0 100 100 2.5e-021
04480 223.0 011.0 0000.0 100 100 6.2e-021
04540 229.0 011.3 0000.1 100 100 5.9e-021
04600 222.0 009.9 0000.0 100 100 8.1e-021
04660 229.0 009.3 0000.2 100 100 8.7e-021
04720 227.0 009.5 0000.0 100 100 8.1e-021
04780 263.0 007.2 0000.0 100 100 1.8e-021
04840 ///// ///// 0000.0 000 000 2.7e-021
04900 ///// ///// 0000.1 000 000 1.8e-021
04960 ///// ///// 0000.0 000 000 1.6e-021
05020 ///// ///// 0000.0 000 000 1.8e-021
05080 ///// ///// 0000.0 000 000 1.6e-021
05140 ///// ///// -000.0 000 000 4.2e-021
05200 ///// ///// 0000.0 000 000 2.6e-021
05260 ///// ///// 0000.0 000 000 1.4e-021
05320 ///// ///// -000.0 000 000 3.7e-021
05380 ///// ///// 0000.0 000 000 4.2e-021
05440 ///// ///// 0000.0 000 000 3.9e-021
05500 ///// ///// 0000.0 000 000 4.6e-021
05560 ///// ///// 0000.8 000 000 1.5e-021
05620 ///// ///// 0000.0 000 000 3.9e-021
05680 ///// ///// 0002.2 000 000 4.3e-021
05740 ///// ///// 0000.0 000 000 5.1e-021
05800 ///// ///// 0000.0 000 000 1.8e-021
05860 ///// ///// 0000.0 000 000 1.9e-021
05920 ///// ///// 0000.0 000 000 3.0e-021
05980 ///// ///// 0000.0 000 000 4.3e-021
NNNN
