WNDROBS 01.20
57793 0114.3600 027.7900 00130.0 LC 20130629235500
ROBS
00100 135.0 005.3 0000.1 100 100 2.6e-021
00160 135.0 005.8 -000.0 100 100 4.4e-021
00220 149.0 005.5 0000.2 100 100 7.7e-021
00280 159.0 005.7 -000.0 100 100 6.9e-021
00340 164.0 006.2 0000.1 100 100 1.1e-020
00400 160.0 005.1 0000.0 100 100 4.5e-020
00460 165.0 007.0 -000.0 100 100 1.4e-019
00520 165.0 007.2 -000.2 100 100 4.1e-019
00580 168.0 005.9 -000.1 100 100 3.5e-019
00640 194.0 002.1 0000.0 100 100 1.1e-019
00700 211.0 001.7 0000.1 100 100 5.8e-020
00760 236.0 002.7 0000.2 100 100 1.6e-020
00820 267.0 004.1 0000.3 100 100 1.2e-020
00880 257.0 002.4 0000.2 100 100 2.4e-020
00940 247.0 003.4 0000.1 100 100 2.0e-020
01000 232.0 004.7 0000.4 100 100 2.9e-020
01060 232.0 004.3 0000.3 100 100 8.5e-021
01120 227.0 004.8 0000.2 100 100 9.8e-021
01180 229.0 005.1 0000.0 100 100 5.6e-021
01240 225.0 005.2 0000.3 100 100 5.8e-021
01300 226.0 006.9 0000.4 100 100 2.8e-021
01360 223.0 009.1 0000.5 100 100 3.0e-021
01420 226.0 010.2 0000.2 100 100 3.2e-021
01480 231.0 010.8 0000.1 100 100 4.5e-021
01540 234.0 009.2 0000.2 100 100 9.6e-021
01600 237.0 010.8 0000.1 100 100 2.3e-020
01660 240.0 012.9 0000.3 100 100 1.9e-020
01720 235.0 011.2 0000.6 100 100 1.4e-020
01780 234.0 011.2 -000.0 100 100 5.8e-021
01840 236.0 011.7 0000.1 100 100 2.3e-021
01900 229.0 010.6 0000.2 100 100 3.7e-021
01960 228.0 011.2 -000.1 100 100 3.2e-021
02020 224.0 010.5 -000.3 100 100 3.3e-021
02080 231.0 009.9 0000.0 100 100 1.6e-021
02140 234.0 009.4 0000.0 100 100 2.2e-021
02200 232.0 009.3 -000.7 100 100 2.0e-021
02260 247.0 005.3 0000.0 100 100 1.4e-021
02320 247.0 005.3 0000.0 100 100 1.1e-021
02380 252.0 005.2 0000.0 100 100 1.7e-021
02440 227.0 005.8 0000.0 100 100 1.4e-021
02500 248.0 004.5 -000.2 100 100 1.3e-021
02560 248.0 003.9 0000.0 100 100 1.1e-021
02620 249.0 004.1 -000.1 100 100 1.5e-021
02680 247.0 003.8 0000.0 100 100 1.4e-021
02740 246.0 003.6 0000.2 100 100 1.4e-021
02800 236.0 005.8 0000.0 100 100 1.4e-021
02860 216.0 006.9 0000.0 100 100 4.1e-022
02920 220.0 007.3 -000.5 100 100 1.3e-021
02980 221.0 007.1 -000.6 100 100 3.6e-021
03040 217.0 007.9 -000.6 100 100 6.7e-021
03100 223.0 007.8 0000.0 100 100 6.1e-021
03160 219.0 007.6 0000.0 100 100 5.0e-021
03220 224.0 007.6 -000.3 100 100 2.3e-021
03280 226.0 009.0 0000.0 100 100 2.5e-021
03340 223.0 009.4 0000.0 100 100 2.8e-021
03400 204.0 009.5 0000.0 100 100 2.4e-021
03460 207.0 010.0 0000.0 100 100 2.8e-021
03520 201.0 010.2 0000.0 100 100 2.6e-021
03580 204.0 010.6 0000.1 100 100 3.3e-021
03640 211.0 008.1 -000.1 100 100 2.1e-021
03700 210.0 008.6 0000.0 100 100 9.3e-022
03760 227.0 004.0 0000.0 100 100 2.8e-021
03820 222.0 003.6 -000.3 100 100 2.5e-021
03880 223.0 003.8 0000.0 100 100 2.8e-021
03940 199.0 007.9 0000.0 100 100 7.4e-022
04000 ///// ///// 0000.0 000 000 1.7e-021
04060 ///// ///// 0000.0 000 000 2.2e-021
04120 ///// ///// 0000.4 000 000 3.9e-021
04180 243.0 005.4 0000.5 100 100 4.8e-021
04240 240.0 005.2 0000.9 100 100 7.2e-021
04300 236.0 007.1 0000.8 100 100 1.2e-020
04360 235.0 007.3 0000.6 100 100 1.7e-020
04420 238.0 007.3 0000.3 100 100 1.9e-020
04480 241.0 007.3 0000.1 100 100 1.9e-020
04540 242.0 007.6 0000.2 100 100 2.8e-020
04600 243.0 008.4 0000.1 100 100 3.4e-020
04660 240.0 008.9 -000.2 100 100 3.2e-020
04720 238.0 009.1 0000.2 100 100 2.1e-020
04780 234.0 008.3 0000.5 100 100 1.0e-020
04840 241.0 008.6 0000.6 100 100 2.7e-021
04900 232.0 008.6 0000.3 100 100 3.6e-021
04960 235.0 009.0 0000.3 100 100 1.1e-020
05020 239.0 007.1 0000.4 100 100 1.0e-020
05080 235.0 008.8 0000.5 100 100 7.0e-021
05140 231.0 009.2 0000.4 100 100 1.3e-020
05200 239.0 010.0 0000.3 100 100 7.9e-021
05260 236.0 009.6 0000.0 100 100 8.3e-021
05320 238.0 009.2 0002.0 100 100 7.5e-021
05380 221.0 007.2 0000.0 100 100 3.8e-021
05440 ///// ///// 0000.0 000 000 2.3e-021
05500 ///// ///// 0000.0 000 000 5.7e-021
05560 ///// ///// 0000.0 000 000 5.4e-021
05620 ///// ///// -000.2 000 000 4.5e-021
05680 ///// ///// 0000.0 000 000 5.3e-021
05740 ///// ///// 0000.0 000 000 5.0e-021
05800 ///// ///// 0000.0 000 000 4.3e-021
05860 ///// ///// 0000.0 000 000 4.1e-021
05920 ///// ///// 0000.0 000 000 4.3e-021
05980 ///// ///// 0000.0 000 000 2.1e-021
NNNN
