WNDROBS 01.20
57793 0114.3600 027.7900 00130.0 LC 20130628030500
ROBS
00100 312.0 005.3 0007.9 100 100 3.3e-017
00160 318.0 004.8 0008.1 100 100 2.7e-015
00220 325.0 005.2 0008.3 100 100 3.4e-015
00280 332.0 004.9 0008.3 100 100 3.2e-015
00340 335.0 004.8 0008.3 100 100 3.1e-015
00400 326.0 005.2 0007.6 100 100 2.5e-015
00460 327.0 005.5 0008.5 100 100 2.7e-015
00520 335.0 005.0 0008.6 100 100 2.6e-015
00580 335.0 004.8 0008.5 100 100 2.4e-015
00640 332.0 004.3 0008.1 100 100 2.3e-015
00700 328.0 003.2 0008.1 100 100 2.1e-015
00760 234.0 002.3 0008.0 100 100 2.0e-015
00820 290.0 002.2 0006.4 100 100 1.5e-015
00880 276.0 003.4 0007.3 100 100 2.0e-015
00940 271.0 004.3 0007.4 100 100 2.1e-015
01000 253.0 003.8 0007.9 100 100 2.1e-015
01060 259.0 003.8 0007.3 100 100 5.2e-016
01120 247.0 003.6 0007.5 100 100 5.4e-016
01180 236.0 004.5 0007.8 100 100 5.6e-016
01240 241.0 005.9 0008.1 100 100 6.2e-016
01300 239.0 008.2 0008.7 100 100 6.5e-016
01360 237.0 009.1 0008.9 100 100 5.9e-016
01420 240.0 009.8 0008.6 100 100 5.9e-016
01480 239.0 010.6 0008.4 100 100 5.3e-016
01540 237.0 012.6 0008.4 100 100 4.1e-016
01600 242.0 014.4 0008.5 100 100 3.9e-016
01660 245.0 012.8 0008.3 100 100 3.6e-016
01720 256.0 015.2 0008.4 100 100 3.7e-016
01780 248.0 015.3 0008.4 100 100 4.1e-016
01840 246.0 012.2 0008.4 100 100 2.8e-016
01900 249.0 014.8 0008.5 100 100 4.1e-016
01960 252.0 015.3 0008.4 100 100 4.2e-016
02020 257.0 014.9 0008.0 100 100 4.5e-016
02080 259.0 015.1 0007.9 100 100 4.3e-016
02140 259.0 014.9 0007.8 100 100 4.2e-016
02200 255.0 012.6 0007.9 100 100 2.9e-016
02260 254.0 015.6 0008.0 100 100 3.9e-016
02320 255.0 015.2 0007.9 100 100 3.8e-016
02380 255.0 015.1 0008.2 100 100 3.7e-016
02440 257.0 014.5 0008.7 100 100 3.5e-016
02500 259.0 015.1 0009.0 100 100 3.6e-016
02560 259.0 015.2 0009.2 100 100 3.0e-016
02620 268.0 014.0 0009.2 100 100 2.8e-016
02680 261.0 014.7 0009.2 100 100 2.5e-016
02740 270.0 014.7 0009.3 100 100 2.6e-016
02800 273.0 014.7 0009.3 100 100 2.2e-016
02860 272.0 015.2 0009.3 100 100 2.3e-016
02920 273.0 016.2 0009.3 100 100 2.5e-016
02980 272.0 016.8 0009.2 100 100 2.8e-016
03040 276.0 016.0 0008.9 100 100 2.7e-016
03100 281.0 015.4 0008.8 100 100 2.8e-016
03160 279.0 015.0 0008.9 100 100 3.6e-016
03220 279.0 014.0 0009.0 100 100 3.7e-016
03280 279.0 014.3 0008.8 100 100 4.1e-016
03340 279.0 013.2 0009.0 100 100 3.9e-016
03400 231.0 013.4 0009.2 100 100 4.2e-016
03460 276.0 013.2 0009.0 100 100 3.5e-016
03520 283.0 013.1 0009.0 100 100 3.6e-016
03580 286.0 013.7 0009.0 100 100 3.5e-016
03640 284.0 014.1 0008.9 100 100 3.3e-016
03700 236.0 010.7 0008.8 100 100 3.4e-016
03760 284.0 011.4 0008.9 100 100 3.3e-016
03820 282.0 010.5 0008.6 100 100 3.6e-016
03880 280.0 010.3 0008.6 100 100 3.8e-016
03940 282.0 010.3 0008.3 100 100 3.7e-016
04000 287.0 010.3 0008.2 100 100 3.9e-016
04060 293.0 008.5 0008.2 100 100 3.5e-016
04120 280.0 008.5 0008.3 100 100 3.4e-016
04180 277.0 007.7 0008.5 100 100 3.3e-016
04240 272.0 006.8 0008.3 100 100 3.2e-016
04300 270.0 008.0 0007.8 100 100 3.1e-016
04360 266.0 008.5 0006.4 100 100 2.3e-016
04420 267.0 009.5 0007.6 100 100 2.7e-016
04480 268.0 009.5 0007.8 100 100 2.2e-016
04540 288.0 010.9 0007.9 100 100 2.1e-016
04600 242.0 010.5 0007.8 100 100 1.7e-016
04660 286.0 010.2 0007.4 100 100 1.5e-016
04720 240.0 011.1 0007.0 100 100 1.3e-016
04780 239.0 010.5 0007.0 100 100 3.9e-017
04840 248.0 009.3 0006.3 100 100 3.4e-017
04900 251.0 014.0 0007.3 100 100 3.1e-017
04960 257.0 012.6 0008.3 100 100 2.3e-017
05020 251.0 011.8 0006.2 100 100 2.7e-017
05080 230.0 010.5 0006.3 100 100 2.4e-017
05140 220.0 011.3 0006.0 100 100 2.0e-017
05200 207.0 010.4 0006.9 100 100 1.6e-017
05260 213.0 009.9 0005.1 100 100 1.6e-017
05320 215.0 011.4 0004.9 100 100 1.5e-017
05380 214.0 011.2 0004.3 100 100 1.3e-017
05440 212.0 011.3 0003.8 100 100 1.2e-017
05500 203.0 014.0 0004.5 100 100 9.2e-018
05560 211.0 011.5 0003.8 100 100 9.7e-018
05620 213.0 011.9 0002.9 100 100 8.7e-018
05680 221.0 013.5 0003.4 100 100 7.6e-018
05740 223.0 013.6 0004.0 100 100 6.8e-018
05800 219.0 013.1 0004.7 100 100 6.4e-018
05860 220.0 012.3 0004.9 100 100 5.6e-018
05920 218.0 012.1 0005.8 100 100 5.0e-018
05980 210.0 011.9 0006.0 100 100 4.5e-018
NNNN
