WNDROBS 01.20
57793 0114.3600 027.7900 00130.0 LC 20130629091000
ROBS
00100 164.0 000.6 0001.7 100 100 2.7e-021
00160 112.0 001.2 0001.2 100 100 8.0e-021
00220 122.0 004.7 0001.9 100 100 3.2e-021
00280 096.0 003.8 -000.0 100 100 9.8e-021
00340 101.0 004.0 0000.1 100 100 1.0e-020
00400 118.0 004.9 0000.2 100 100 1.2e-020
00460 128.0 004.1 0000.2 100 100 1.4e-020
00520 145.0 004.5 0000.3 100 100 1.4e-020
00580 153.0 005.9 0000.2 100 100 4.0e-020
00640 155.0 006.4 0000.3 100 100 2.1e-019
00700 158.0 006.9 0000.3 100 100 3.7e-019
00760 161.0 007.3 0000.3 100 100 3.0e-019
00820 160.0 007.4 0000.4 100 100 1.1e-019
00880 161.0 007.5 0000.2 100 100 5.8e-020
00940 178.0 005.5 0000.2 100 100 1.6e-020
01000 167.0 006.5 -000.0 100 100 1.1e-020
01060 207.0 004.1 0000.3 100 100 3.1e-021
01120 218.0 002.1 0000.4 100 100 4.4e-021
01180 228.0 002.1 0000.4 100 100 8.0e-021
01240 232.0 002.5 0000.4 100 100 2.2e-020
01300 229.0 002.8 0000.3 100 100 2.2e-020
01360 228.0 003.7 0000.3 100 100 1.4e-020
01420 222.0 004.0 0000.3 100 100 3.1e-020
01480 223.0 005.3 0000.4 100 100 2.3e-020
01540 224.0 006.4 0000.5 100 100 1.7e-020
01600 219.0 008.0 0000.5 100 100 2.9e-020
01660 226.0 008.8 0000.3 100 100 2.0e-020
01720 227.0 008.7 0000.3 100 100 1.6e-020
01780 228.0 008.7 0000.3 100 100 1.6e-020
01840 223.0 008.8 0000.5 100 100 1.8e-020
01900 218.0 009.1 0000.5 100 100 1.6e-020
01960 215.0 009.8 0000.7 100 100 1.6e-020
02020 217.0 010.0 0000.8 100 100 2.2e-020
02080 223.0 009.5 0000.6 100 100 1.4e-020
02140 235.0 009.0 0000.6 100 100 1.2e-020
02200 235.0 009.5 0000.5 100 100 1.1e-020
02260 232.0 010.0 0000.5 100 100 1.4e-020
02320 232.0 010.7 0000.5 100 100 1.7e-020
02380 236.0 010.3 0000.5 100 100 1.2e-020
02440 237.0 010.4 0000.5 100 100 1.2e-020
02500 237.0 010.5 0000.4 100 100 1.4e-020
02560 238.0 010.8 0000.5 100 100 1.9e-020
02620 235.0 010.6 0000.3 100 100 1.3e-020
02680 235.0 010.5 0000.3 100 100 1.0e-020
02740 238.0 010.6 0000.3 100 100 9.3e-021
02800 238.0 010.1 0000.3 100 100 7.2e-021
02860 241.0 010.0 0000.3 100 100 5.2e-021
02920 232.0 010.9 0000.3 100 100 8.4e-021
02980 234.0 010.7 0000.3 100 100 7.3e-021
03040 232.0 011.2 0000.0 100 100 7.0e-021
03100 229.0 012.1 0000.0 100 100 5.7e-021
03160 235.0 011.6 0000.2 100 100 5.2e-021
03220 233.0 011.0 0000.1 100 100 6.1e-021
03280 233.0 011.0 -000.0 100 100 8.5e-021
03340 228.0 011.9 -000.7 100 100 9.2e-021
03400 226.0 012.8 0000.0 100 100 2.4e-021
03460 224.0 012.6 0000.0 100 100 5.6e-021
03520 224.0 012.2 0000.0 100 100 4.3e-021
03580 230.0 011.2 0000.1 100 100 5.2e-021
03640 231.0 011.2 -000.3 100 100 1.2e-020
03700 229.0 010.9 -000.3 100 100 1.3e-020
03760 228.0 010.6 -000.3 100 100 8.3e-021
03820 225.0 010.6 -000.2 100 100 1.6e-020
03880 222.0 011.1 -000.4 100 100 1.4e-020
03940 216.0 011.4 -000.2 100 100 1.4e-020
04000 214.0 012.0 -000.4 100 100 1.5e-020
04060 215.0 012.3 -000.3 100 100 2.4e-020
04120 215.0 013.0 -000.3 100 100 1.9e-020
04180 215.0 013.2 -000.3 100 100 1.9e-020
04240 215.0 013.4 -000.2 100 100 2.2e-020
04300 216.0 013.6 -000.2 100 100 2.2e-020
04360 223.0 012.3 -000.1 100 100 1.2e-020
04420 222.0 013.3 -000.4 100 100 1.5e-020
04480 228.0 012.9 -000.0 100 100 1.2e-020
04540 226.0 012.2 -000.2 100 100 1.1e-020
04600 230.0 011.7 0000.0 100 100 7.1e-021
04660 ///// ///// 0000.9 000 000 2.7e-021
04720 ///// ///// 0001.2 000 000 3.8e-021
04780 ///// ///// 0000.0 000 000 1.7e-021
04840 ///// ///// 0000.0 000 000 3.0e-021
04900 ///// ///// 0000.0 000 000 3.6e-021
04960 ///// ///// 0000.0 000 000 3.0e-021
05020 ///// ///// 0000.0 000 000 1.9e-021
05080 ///// ///// -000.3 000 000 3.5e-021
05140 ///// ///// 0000.0 000 000 3.6e-021
05200 224.0 005.3 -000.1 100 100 5.3e-021
05260 251.0 011.5 -000.0 100 100 4.3e-021
05320 257.0 012.1 -000.8 100 100 5.8e-021
05380 ///// ///// 0000.0 000 000 3.5e-021
05440 ///// ///// 0000.0 000 000 4.7e-021
05500 253.0 010.7 -000.6 100 100 8.0e-021
05560 ///// ///// -000.3 000 000 7.7e-021
05620 ///// ///// 0000.0 000 000 4.6e-021
05680 ///// ///// 0001.1 000 000 6.1e-021
05740 ///// ///// -000.1 000 000 6.6e-021
05800 ///// ///// 0000.0 000 000 3.9e-021
05860 ///// ///// -000.2 000 000 5.3e-021
05920 ///// ///// 0000.0 000 000 4.2e-021
05980 ///// ///// 0000.0 000 000 6.1e-021
NNNN
