WNDROBS 01.20
57793 0114.3600 027.7900 00130.0 LC 20130629122500
ROBS
00100 096.0 004.9 0000.2 100 100 1.2e-020
00160 096.0 005.4 0000.2 100 100 2.5e-020
00220 108.0 004.0 0000.2 100 100 3.1e-020
00280 127.0 006.4 0000.2 100 100 2.8e-020
00340 128.0 003.8 0000.3 100 100 4.7e-020
00400 127.0 005.8 0000.2 100 100 6.3e-020
00460 136.0 006.0 0000.1 100 100 4.6e-020
00520 145.0 007.4 0000.2 100 100 1.3e-019
00580 153.0 008.3 0000.2 100 100 7.4e-020
00640 161.0 008.9 0000.1 100 100 2.5e-020
00700 165.0 011.1 0002.1 100 100 9.5e-021
00760 166.0 010.5 0000.5 100 100 1.9e-020
00820 170.0 010.1 -000.1 100 100 2.1e-020
00880 163.0 012.4 -000.1 100 100 3.2e-020
00940 165.0 011.8 -000.1 100 100 5.3e-020
01000 166.0 009.2 -000.3 100 100 5.9e-020
01060 171.0 009.4 -000.3 100 100 2.8e-020
01120 177.0 009.5 -000.3 100 100 2.2e-020
01180 178.0 009.1 -000.3 100 100 2.7e-020
01240 179.0 009.5 -000.2 100 100 3.3e-020
01300 185.0 009.5 0000.0 100 100 6.8e-020
01360 192.0 009.1 0000.3 100 100 8.0e-020
01420 196.0 008.5 0000.2 100 100 7.1e-020
01480 194.0 008.1 0000.2 100 100 6.7e-020
01540 195.0 007.8 0000.1 100 100 5.9e-020
01600 200.0 008.0 0000.2 100 100 5.0e-020
01660 210.0 008.1 0000.0 100 100 3.3e-020
01720 216.0 008.5 -000.1 100 100 1.8e-020
01780 222.0 008.9 -000.1 100 100 1.5e-020
01840 227.0 009.2 -000.1 100 100 1.3e-020
01900 227.0 009.2 -000.1 100 100 1.3e-020
01960 225.0 009.4 -000.2 100 100 1.2e-020
02020 227.0 008.9 0000.1 100 100 1.0e-020
02080 231.0 010.1 0000.0 100 100 4.3e-021
02140 232.0 009.4 0000.1 100 100 4.2e-021
02200 218.0 007.3 0000.0 100 100 1.1e-021
02260 226.0 007.4 0000.1 100 100 3.1e-021
02320 224.0 011.3 0000.1 100 100 2.9e-021
02380 228.0 010.6 -000.5 100 100 1.3e-021
02440 230.0 011.9 0000.1 100 100 2.8e-021
02500 236.0 012.2 0000.2 100 100 2.0e-021
02560 236.0 010.5 0000.0 100 100 1.3e-021
02620 237.0 010.2 -000.2 100 100 2.1e-021
02680 222.0 012.5 0000.0 100 100 1.0e-021
02740 225.0 013.6 -000.2 100 100 2.6e-021
02800 222.0 013.1 0000.0 100 100 2.2e-021
02860 234.0 011.4 -001.0 100 100 2.3e-021
02920 236.0 011.9 0000.0 100 100 7.2e-022
02980 237.0 012.6 0000.0 100 100 2.4e-021
03040 233.0 012.9 0000.0 100 100 2.7e-021
03100 233.0 013.0 0000.0 100 100 3.3e-021
03160 233.0 013.4 0000.0 100 100 3.2e-021
03220 235.0 012.6 -001.0 100 100 2.8e-021
03280 234.0 012.9 0000.0 100 100 3.4e-021
03340 234.0 013.1 0001.6 100 100 3.4e-021
03400 233.0 013.0 0000.0 100 100 3.4e-021
03460 233.0 013.1 0000.0 100 100 3.6e-021
03520 240.0 011.6 0000.0 100 100 1.2e-021
03580 244.0 010.9 0000.0 100 100 2.5e-021
03640 234.0 007.7 0000.0 100 100 2.9e-021
03700 ///// ///// 0000.4 000 000 2.8e-021
03760 227.0 006.1 0000.0 100 100 2.0e-021
03820 ///// ///// 0000.0 000 000 9.3e-022
03880 ///// ///// 0000.0 000 000 1.9e-021
03940 ///// ///// -001.2 000 000 2.3e-021
04000 ///// ///// -000.3 000 000 3.2e-021
04060 ///// ///// 0000.0 000 000 2.2e-021
04120 ///// ///// 0000.1 000 000 2.2e-021
04180 ///// ///// 0000.0 000 000 2.0e-021
04240 ///// ///// 0000.0 000 000 2.6e-021
04300 ///// ///// 0000.0 000 000 1.1e-021
04360 ///// ///// 0000.2 000 000 9.6e-022
04420 ///// ///// 0000.0 000 000 2.9e-021
04480 ///// ///// 0000.3 000 000 2.7e-021
04540 ///// ///// 0000.0 000 000 2.7e-021
04600 ///// ///// 0000.0 000 000 3.5e-021
04660 ///// ///// 0000.1 000 000 9.5e-021
04720 ///// ///// 0000.4 000 000 1.0e-020
04780 ///// ///// 0000.0 000 000 2.5e-021
04840 ///// ///// 0000.0 000 000 3.7e-021
04900 ///// ///// 0000.0 000 000 3.2e-021
04960 ///// ///// 0000.0 000 000 3.8e-021
05020 ///// ///// 0000.0 000 000 3.2e-021
05080 ///// ///// 0000.0 000 000 1.6e-021
05140 ///// ///// 0000.0 000 000 4.0e-021
05200 ///// ///// 0000.0 000 000 1.6e-021
05260 ///// ///// 0000.0 000 000 1.3e-021
05320 ///// ///// 0000.0 000 000 1.3e-021
05380 ///// ///// 0000.0 000 000 1.7e-021
05440 ///// ///// -000.3 000 000 4.4e-021
05500 ///// ///// 0000.0 000 000 4.7e-021
05560 ///// ///// 0003.9 000 000 3.4e-021
05620 ///// ///// 0000.0 000 000 4.3e-021
05680 ///// ///// 0000.0 000 000 3.0e-021
05740 ///// ///// -000.5 000 000 4.5e-021
05800 ///// ///// 0000.0 000 000 3.7e-021
05860 ///// ///// 0000.0 000 000 3.0e-021
05920 ///// ///// 0001.5 000 000 4.7e-021
05980 ///// ///// 0000.0 000 000 2.1e-021
NNNN
