WNDROBS 01.20
57793 0114.3600 027.7900 00130.0 LC 20130629060000
ROBS
00100 030.0 004.1 0000.4 100 100 6.6e-021
00160 054.0 003.0 0000.5 100 100 1.3e-020
00220 077.0 002.9 0000.2 100 100 6.9e-021
00280 080.0 002.3 0000.1 100 100 7.4e-021
00340 098.0 002.3 0000.1 100 100 2.3e-021
00400 096.0 002.9 -000.1 100 100 2.6e-021
00460 101.0 005.0 -000.1 100 100 2.8e-021
00520 108.0 004.7 -000.2 100 100 8.9e-021
00580 131.0 005.7 -000.2 100 100 1.9e-020
00640 126.0 006.5 -000.4 100 100 3.1e-020
00700 186.0 006.7 -000.6 100 100 3.5e-020
00760 177.0 004.1 -000.6 100 100 5.5e-020
00820 212.0 004.6 -000.2 100 100 5.2e-020
00880 241.0 004.9 0000.1 100 100 3.5e-020
00940 246.0 006.7 -000.3 100 100 1.7e-020
01000 228.0 007.7 0000.0 100 100 6.7e-021
01060 246.0 007.4 -000.0 100 100 6.0e-022
01120 230.0 007.9 0000.0 100 100 8.1e-022
01180 228.0 008.1 0000.0 100 100 2.6e-021
01240 227.0 008.7 -000.1 100 100 6.0e-021
01300 228.0 009.5 -000.1 100 100 1.1e-020
01360 226.0 010.2 -000.1 100 100 1.9e-020
01420 229.0 010.9 -000.1 100 100 2.8e-020
01480 230.0 011.2 -000.2 100 100 3.1e-020
01540 232.0 011.4 -000.1 100 100 4.3e-020
01600 235.0 011.5 -000.2 100 100 2.2e-020
01660 238.0 012.6 -000.1 100 100 3.0e-021
01720 242.0 013.3 -000.2 100 100 1.8e-021
01780 246.0 014.8 -000.4 100 100 1.4e-021
01840 245.0 013.4 0000.0 100 100 1.5e-021
01900 247.0 015.3 -000.1 100 100 1.9e-021
01960 244.0 015.1 -000.5 100 100 1.7e-021
02020 241.0 014.5 -000.3 100 100 1.5e-021
02080 248.0 014.3 -000.1 100 100 2.2e-021
02140 247.0 014.3 -000.2 100 100 3.7e-021
02200 244.0 015.9 -000.1 100 100 3.5e-021
02260 252.0 016.7 -000.5 100 100 3.9e-021
02320 249.0 017.1 0001.0 100 100 3.7e-021
02380 249.0 018.5 -001.2 100 100 3.7e-021
02440 247.0 014.3 0000.0 100 100 1.6e-021
02500 244.0 015.0 0000.5 100 100 3.8e-021
02560 245.0 014.4 0000.0 100 100 9.4e-022
02620 245.0 014.5 0000.0 100 100 3.0e-021
02680 245.0 014.7 0000.5 100 100 3.3e-021
02740 264.0 017.1 -000.2 100 100 1.5e-021
02800 226.0 014.0 -000.0 100 100 1.8e-021
02860 230.0 015.4 0000.2 100 100 1.8e-021
02920 220.0 012.6 0000.6 100 100 1.5e-021
02980 ///// ///// 0000.0 000 000 5.0e-022
03040 ///// ///// 0000.0 000 000 1.3e-021
03100 ///// ///// 0000.0 000 000 1.3e-021
03160 ///// ///// 0000.0 000 000 5.7e-022
03220 ///// ///// 0000.0 000 000 1.3e-021
03280 ///// ///// 0000.0 000 000 5.4e-022
03340 ///// ///// 0000.0 000 000 1.9e-021
03400 ///// ///// 0000.0 000 000 1.4e-021
03460 ///// ///// -000.3 000 000 1.5e-021
03520 ///// ///// 0000.0 000 000 1.1e-021
03580 ///// ///// 0000.0 000 000 1.3e-021
03640 ///// ///// 0000.0 000 000 1.1e-021
03700 ///// ///// 0000.0 000 000 2.0e-021
03760 ///// ///// 0000.0 000 000 2.1e-021
03820 ///// ///// 0000.0 000 000 8.0e-022
03880 ///// ///// 0000.0 000 000 1.7e-021
03940 ///// ///// -000.4 000 000 3.2e-021
04000 ///// ///// 0000.0 000 000 7.4e-022
04060 ///// ///// 0000.0 000 000 1.2e-021
04120 ///// ///// 0000.0 000 000 2.9e-021
04180 ///// ///// 0000.0 000 000 1.6e-021
04240 ///// ///// 0000.0 000 000 8.6e-022
04300 ///// ///// 0000.3 000 000 2.9e-021
04360 ///// ///// 0000.0 000 000 1.3e-021
04420 ///// ///// 0000.0 000 000 9.9e-022
04480 ///// ///// 0000.0 000 000 1.1e-021
04540 ///// ///// 0000.0 000 000 6.3e-022
04600 ///// ///// 0000.0 000 000 1.0e-021
04660 ///// ///// 0000.0 000 000 1.4e-021
04720 ///// ///// 0000.0 000 000 1.6e-021
04780 ///// ///// 0000.0 000 000 4.4e-022
04840 ///// ///// 0000.0 000 000 1.2e-021
04900 ///// ///// 0000.0 000 000 1.3e-021
04960 ///// ///// 0000.0 000 000 4.6e-022
05020 ///// ///// 0000.0 000 000 1.3e-021
05080 ///// ///// -000.8 000 000 3.1e-021
05140 ///// ///// 0000.0 000 000 2.5e-021
05200 ///// ///// 0000.0 000 000 1.2e-021
05260 ///// ///// 0000.0 000 000 1.8e-021
05320 ///// ///// 0000.0 000 000 2.9e-021
05380 ///// ///// -001.1 000 000 3.6e-021
05440 ///// ///// 0000.0 000 000 1.3e-021
05500 ///// ///// 0000.0 000 000 1.4e-021
05560 ///// ///// 0000.0 000 000 1.5e-021
05620 ///// ///// 0000.0 000 000 2.9e-021
05680 ///// ///// 0000.0 000 000 1.7e-021
05740 ///// ///// 0000.0 000 000 2.0e-021
05800 ///// ///// 0000.0 000 000 6.3e-022
05860 ///// ///// 0000.0 000 000 1.5e-021
05920 ///// ///// 0000.0 000 000 4.9e-021
05980 ///// ///// 0000.0 000 000 2.2e-021
NNNN
