WNDROBS 01.20
57793 0114.3600 027.7900 00130.0 LC 20130628012000
ROBS
00100 339.0 003.5 -000.2 100 100 2.7e-020
00160 339.0 003.9 -000.2 100 100 5.8e-020
00220 343.0 003.3 -000.2 100 100 5.2e-020
00280 344.0 003.0 -000.3 100 100 6.5e-020
00340 005.0 003.8 -000.4 100 100 8.1e-020
00400 008.0 002.9 -000.2 100 100 1.2e-019
00460 016.0 002.1 -000.5 100 100 5.8e-020
00520 005.0 000.8 -000.6 100 100 4.0e-020
00580 043.0 001.6 -000.5 100 100 6.9e-020
00640 279.0 001.7 -000.0 100 100 1.1e-019
00700 247.0 002.2 -000.1 100 100 2.7e-019
00760 234.0 003.6 -000.1 100 100 1.2e-019
00820 194.0 003.1 -000.3 100 100 6.2e-020
00880 230.0 004.1 -000.3 100 100 6.8e-020
00940 210.0 003.2 -000.1 100 100 3.0e-020
01000 205.0 005.0 0000.0 100 100 4.9e-020
01060 223.0 004.6 0000.2 100 100 2.0e-020
01120 225.0 005.9 0000.0 100 100 5.4e-020
01180 227.0 007.2 0000.3 100 100 5.8e-020
01240 228.0 008.5 0000.3 100 100 2.5e-020
01300 230.0 009.7 0000.2 100 100 9.6e-021
01360 222.0 009.5 0000.2 100 100 3.3e-021
01420 224.0 010.7 0000.4 100 100 3.8e-021
01480 231.0 010.7 0000.5 100 100 5.1e-021
01540 227.0 011.7 0000.4 100 100 9.3e-021
01600 230.0 012.2 0000.3 100 100 1.5e-020
01660 232.0 013.0 0000.2 100 100 1.6e-020
01720 233.0 013.6 0000.4 100 100 1.3e-020
01780 228.0 013.5 0000.3 100 100 8.1e-021
01840 228.0 014.0 0000.3 100 100 7.4e-021
01900 228.0 014.0 0000.3 100 100 7.3e-021
01960 231.0 014.9 0000.2 100 100 8.1e-021
02020 234.0 015.0 0000.4 100 100 1.1e-020
02080 230.0 014.5 0000.3 100 100 2.2e-020
02140 231.0 013.7 0000.5 100 100 2.7e-020
02200 233.0 013.9 0000.7 100 100 2.9e-020
02260 235.0 013.5 0000.8 100 100 3.4e-020
02320 235.0 013.5 0000.8 100 100 3.3e-020
02380 235.0 013.5 0000.8 100 100 2.2e-020
02440 235.0 013.4 0000.6 100 100 2.4e-020
02500 234.0 013.7 0000.3 100 100 2.8e-020
02560 232.0 013.1 0000.1 100 100 2.9e-020
02620 232.0 013.4 0000.3 100 100 2.0e-020
02680 231.0 013.2 0000.0 100 100 1.2e-020
02740 229.0 012.9 -000.0 100 100 1.6e-020
02800 230.0 013.0 -000.2 100 100 1.7e-020
02860 226.0 012.2 -000.1 100 100 1.5e-020
02920 225.0 012.7 -001.0 100 100 1.0e-020
02980 225.0 012.3 0000.0 100 100 1.1e-020
03040 235.0 010.6 0000.0 100 100 8.3e-021
03100 235.0 010.2 0000.0 100 100 2.4e-021
03160 236.0 010.4 0000.0 100 100 5.5e-021
03220 238.0 010.3 0000.5 100 100 7.3e-021
03280 235.0 009.3 -000.2 100 100 6.5e-021
03340 235.0 009.4 -000.2 100 100 8.5e-021
03400 235.0 009.5 -000.3 100 100 9.4e-021
03460 240.0 011.3 0000.0 100 100 2.1e-021
03520 241.0 012.7 0000.2 100 100 9.7e-021
03580 241.0 013.4 0000.1 100 100 3.9e-021
03640 242.0 012.3 0000.0 100 100 2.0e-021
03700 241.0 012.5 0000.0 100 100 7.5e-021
03760 241.0 012.7 0000.0 100 100 5.3e-021
03820 241.0 012.8 0000.0 100 100 5.8e-021
03880 241.0 012.9 0000.0 100 100 5.1e-021
03940 ///// ///// -000.2 000 000 5.6e-021
04000 ///// ///// 0000.0 000 000 6.5e-022
04060 ///// ///// -001.3 000 000 2.5e-021
04120 ///// ///// 0002.0 000 000 3.3e-021
04180 ///// ///// 0000.0 000 000 1.3e-021
04240 ///// ///// 0000.0 000 000 2.8e-021
04300 ///// ///// 0000.0 000 000 1.7e-021
04360 ///// ///// 0000.0 000 000 1.2e-021
04420 ///// ///// 0000.0 000 000 2.2e-021
04480 ///// ///// 0000.0 000 000 3.3e-021
04540 ///// ///// -000.8 000 000 3.9e-021
04600 ///// ///// 0000.0 000 000 8.7e-022
04660 ///// ///// 0000.0 000 000 1.7e-021
04720 ///// ///// 0000.0 000 000 2.4e-021
04780 ///// ///// 0001.2 000 000 2.9e-021
04840 ///// ///// -000.4 000 000 2.6e-021
04900 ///// ///// 0000.0 000 000 8.6e-022
04960 ///// ///// 0000.0 000 000 4.0e-021
05020 ///// ///// 0000.2 000 000 2.4e-021
05080 ///// ///// 0000.0 000 000 8.3e-022
05140 ///// ///// 0000.0 000 000 4.3e-021
05200 ///// ///// 0000.0 000 000 3.2e-021
05260 ///// ///// 0000.7 000 000 3.5e-021
05320 ///// ///// 0000.0 000 000 1.6e-021
05380 ///// ///// 0000.0 000 000 3.7e-021
05440 ///// ///// 0000.0 000 000 4.1e-022
05500 ///// ///// 0000.0 000 000 4.6e-021
05560 ///// ///// 0000.0 000 000 2.4e-021
05620 ///// ///// 0000.0 000 000 4.8e-021
05680 ///// ///// 0000.6 000 000 4.7e-021
05740 ///// ///// 0000.0 000 000 3.2e-021
05800 ///// ///// 0000.0 000 000 6.1e-022
05860 ///// ///// -001.2 000 000 4.5e-021
05920 ///// ///// 0000.0 000 000 4.1e-021
05980 ///// ///// 0000.0 000 000 5.2e-021
NNNN
