WNDROBS 01.20
57793 0114.3600 027.7900 00130.0 LC 20130629162500
ROBS
00100 105.0 004.3 0001.5 100 100 6.2e-021
00160 099.0 004.7 0000.8 100 100 1.1e-020
00220 118.0 004.4 0000.1 100 100 1.6e-020
00280 125.0 005.0 0000.1 100 100 1.5e-020
00340 122.0 003.7 -000.0 100 100 1.3e-020
00400 112.0 005.3 -000.1 100 100 1.4e-020
00460 135.0 005.1 0000.1 100 100 5.4e-020
00520 158.0 007.2 0000.0 100 100 1.5e-020
00580 166.0 009.4 0000.0 100 100 2.1e-020
00640 168.0 011.5 -000.1 100 100 5.2e-020
00700 173.0 010.6 -000.3 100 100 8.7e-020
00760 183.0 010.9 0000.1 100 100 5.1e-020
00820 185.0 011.2 0000.2 100 100 1.4e-019
00880 190.0 011.7 0000.1 100 100 1.2e-019
00940 194.0 012.7 -000.1 100 100 1.0e-019
01000 197.0 011.1 -000.2 100 100 5.0e-020
01060 193.0 012.6 0000.1 100 100 2.1e-020
01120 196.0 011.2 0000.1 100 100 2.4e-020
01180 198.0 010.1 0000.2 100 100 3.9e-020
01240 201.0 008.9 0000.3 100 100 6.4e-020
01300 205.0 008.3 0000.3 100 100 5.7e-020
01360 211.0 006.7 0000.2 100 100 3.9e-020
01420 222.0 006.0 -000.1 100 100 2.2e-020
01480 226.0 005.7 -000.0 100 100 1.4e-020
01540 226.0 006.7 -000.0 100 100 9.1e-021
01600 220.0 007.0 -000.1 100 100 6.1e-021
01660 218.0 007.1 -000.1 100 100 7.2e-021
01720 224.0 007.7 0000.1 100 100 6.3e-021
01780 218.0 008.4 -000.1 100 100 8.6e-021
01840 220.0 008.9 -000.0 100 100 1.6e-020
01900 222.0 009.4 -000.1 100 100 1.7e-020
01960 231.0 009.3 -000.1 100 100 1.3e-020
02020 227.0 010.0 -000.2 100 100 6.7e-021
02080 223.0 009.4 0000.2 100 100 5.5e-021
02140 229.0 010.6 0000.1 100 100 2.8e-021
02200 228.0 010.7 -000.1 100 100 2.9e-021
02260 231.0 011.9 0000.0 100 100 2.1e-021
02320 233.0 011.5 0000.0 100 100 2.8e-021
02380 233.0 011.6 0000.0 100 100 2.8e-021
02440 228.0 010.3 0000.0 100 100 2.6e-021
02500 223.0 009.5 0000.0 100 100 3.5e-021
02560 217.0 008.7 0000.0 100 100 3.6e-021
02620 223.0 007.7 0000.1 100 100 4.5e-021
02680 225.0 008.0 0000.2 100 100 8.4e-021
02740 226.0 008.3 0000.0 100 100 7.0e-021
02800 228.0 008.1 -000.0 100 100 6.5e-021
02860 229.0 008.8 0000.1 100 100 9.5e-021
02920 229.0 008.9 0000.1 100 100 7.8e-021
02980 232.0 008.9 0000.1 100 100 9.5e-021
03040 234.0 009.5 0000.1 100 100 1.2e-020
03100 238.0 009.8 0000.2 100 100 1.1e-020
03160 240.0 010.1 0000.5 100 100 1.2e-020
03220 239.0 009.9 0000.1 100 100 1.2e-020
03280 242.0 009.7 0000.1 100 100 1.7e-020
03340 246.0 009.5 0000.1 100 100 2.6e-020
03400 248.0 010.0 0000.4 100 100 2.9e-020
03460 243.0 009.8 0000.3 100 100 4.2e-020
03520 239.0 010.4 0000.5 100 100 3.0e-020
03580 240.0 010.4 0000.9 100 100 5.8e-021
03640 236.0 009.5 0000.0 100 100 3.2e-021
03700 235.0 010.4 0000.0 100 100 3.2e-021
03760 235.0 010.4 0000.1 100 100 9.7e-021
03820 233.0 010.8 0000.0 100 100 6.3e-021
03880 234.0 010.8 0000.0 100 100 7.9e-021
03940 234.0 008.8 -000.1 100 100 7.4e-021
04000 220.0 006.4 0000.2 100 100 6.7e-021
04060 191.0 003.2 -000.2 100 100 8.9e-021
04120 214.0 007.4 0000.0 100 100 3.9e-021
04180 201.0 008.2 -001.1 100 100 7.2e-021
04240 200.0 009.3 0000.0 100 100 1.8e-021
04300 202.0 008.5 0000.0 100 100 2.7e-021
04360 ///// ///// 0000.0 000 000 3.7e-021
04420 156.0 008.7 0000.0 100 100 2.3e-021
04480 ///// ///// -000.2 000 000 2.6e-021
04540 ///// ///// 0000.0 000 000 4.0e-021
04600 ///// ///// 0000.0 000 000 1.2e-021
04660 ///// ///// -000.3 000 000 3.5e-021
04720 ///// ///// -000.2 000 000 7.4e-021
04780 ///// ///// -000.3 000 000 5.1e-021
04840 ///// ///// -000.2 000 000 5.1e-021
04900 ///// ///// -000.3 000 000 2.8e-021
04960 ///// ///// 0000.0 000 000 1.7e-021
05020 ///// ///// -000.1 000 000 4.3e-021
05080 ///// ///// 0000.0 000 000 3.3e-021
05140 ///// ///// 0000.0 000 000 3.8e-021
05200 ///// ///// 0000.0 000 000 3.1e-021
05260 ///// ///// 0000.1 000 000 4.8e-021
05320 ///// ///// 0000.0 000 000 4.0e-021
05380 ///// ///// 0000.0 000 000 1.8e-021
05440 ///// ///// 0000.0 000 000 3.9e-021
05500 ///// ///// 0000.0 000 000 1.6e-021
05560 ///// ///// 0000.0 000 000 1.5e-021
05620 ///// ///// 0000.0 000 000 3.0e-021
05680 ///// ///// -000.4 000 000 1.4e-021
05740 ///// ///// 0000.0 000 000 5.0e-021
05800 ///// ///// 0001.1 000 000 1.9e-021
05860 ///// ///// -001.0 000 000 7.2e-021
05920 ///// ///// 0000.0 000 000 7.9e-022
05980 ///// ///// 0000.0 000 000 3.7e-021
NNNN
