WNDROBS 01.20
57793 0114.3600 027.7900 00130.0 LC 20130629123500
ROBS
00100 084.0 005.7 0000.0 100 100 9.2e-021
00160 084.0 005.9 0000.0 100 100 2.9e-020
00220 084.0 006.4 0000.1 100 100 3.4e-020
00280 094.0 007.8 0000.1 100 100 1.7e-020
00340 089.0 006.6 0001.9 100 100 1.2e-020
00400 108.0 006.5 -000.0 100 100 2.5e-020
00460 130.0 006.2 -000.2 100 100 6.0e-020
00520 142.0 007.6 -000.2 100 100 9.5e-020
00580 150.0 008.3 -000.3 100 100 1.0e-020
00640 157.0 008.8 -000.1 100 100 8.8e-021
00700 163.0 009.3 -000.1 100 100 1.7e-020
00760 167.0 009.9 -000.4 100 100 1.1e-020
00820 167.0 011.1 -000.2 100 100 2.6e-020
00880 167.0 010.9 0000.3 100 100 2.0e-020
00940 171.0 010.4 0000.2 100 100 3.3e-020
01000 171.0 008.8 0000.4 100 100 5.8e-020
01060 168.0 008.9 0000.1 100 100 2.2e-020
01120 172.0 008.5 0000.0 100 100 3.5e-020
01180 176.0 008.0 0000.2 100 100 4.3e-020
01240 181.0 007.5 0000.2 100 100 4.5e-020
01300 185.0 006.4 0000.1 100 100 3.9e-020
01360 187.0 006.0 0000.0 100 100 5.5e-020
01420 202.0 005.6 -000.0 100 100 7.1e-020
01480 221.0 005.0 0000.0 100 100 8.1e-020
01540 227.0 006.0 0000.2 100 100 3.5e-020
01600 228.0 006.8 0000.3 100 100 1.7e-020
01660 223.0 007.1 0000.4 100 100 9.0e-021
01720 222.0 008.8 0000.4 100 100 8.5e-021
01780 227.0 008.9 0000.4 100 100 1.1e-020
01840 231.0 008.5 0000.4 100 100 8.2e-021
01900 234.0 008.3 0000.4 100 100 9.4e-021
01960 233.0 008.3 0000.3 100 100 5.5e-021
02020 235.0 009.0 0000.2 100 100 2.7e-021
02080 233.0 008.5 0000.3 100 100 1.5e-021
02140 222.0 009.3 -000.5 100 100 2.2e-021
02200 223.0 008.8 -000.2 100 100 2.4e-021
02260 225.0 009.8 -000.2 100 100 2.6e-021
02320 230.0 009.9 -000.4 100 100 1.7e-021
02380 224.0 011.0 0000.0 100 100 2.1e-021
02440 239.0 010.2 -000.0 100 100 1.5e-021
02500 239.0 010.4 -000.6 100 100 1.9e-021
02560 235.0 009.2 -000.2 100 100 2.3e-021
02620 239.0 010.2 -000.3 100 100 1.9e-021
02680 230.0 011.1 -000.4 100 100 2.8e-021
02740 233.0 011.6 0000.0 100 100 2.6e-021
02800 230.0 012.1 0000.9 100 100 2.5e-021
02860 234.0 011.7 0000.0 100 100 2.8e-021
02920 234.0 011.7 0000.9 100 100 2.3e-021
02980 234.0 011.7 -000.4 100 100 2.2e-021
03040 234.0 011.4 -000.1 100 100 3.5e-021
03100 235.0 011.6 -000.6 100 100 5.6e-021
03160 232.0 012.0 0000.0 100 100 2.0e-021
03220 229.0 012.6 0000.0 100 100 2.5e-021
03280 237.0 011.1 -000.6 100 100 4.0e-021
03340 240.0 010.3 -000.5 100 100 1.3e-021
03400 251.0 010.1 -000.2 100 100 4.2e-021
03460 245.0 010.6 0000.0 100 100 2.3e-021
03520 252.0 010.8 0000.0 100 100 2.1e-021
03580 244.0 011.2 -000.9 100 100 2.4e-021
03640 244.0 011.0 0000.0 100 100 1.0e-021
03700 244.0 010.8 -000.5 100 100 2.9e-021
03760 ///// ///// 0000.0 000 000 2.0e-021
03820 ///// ///// 0000.0 000 000 8.7e-022
03880 ///// ///// 0000.0 000 000 7.1e-022
03940 ///// ///// 0000.0 000 000 2.1e-021
04000 ///// ///// 0000.0 000 000 1.5e-021
04060 ///// ///// 0000.0 000 000 8.6e-022
04120 ///// ///// 0000.0 000 000 1.5e-021
04180 ///// ///// -001.3 000 000 2.5e-021
04240 ///// ///// 0000.0 000 000 1.4e-021
04300 ///// ///// 0000.0 000 000 8.9e-022
04360 ///// ///// 0000.0 000 000 1.1e-021
04420 ///// ///// 0000.0 000 000 2.5e-021
04480 ///// ///// 0000.0 000 000 1.7e-021
04540 ///// ///// 0000.0 000 000 1.4e-021
04600 ///// ///// 0000.0 000 000 4.7e-021
04660 ///// ///// -000.0 000 000 3.4e-021
04720 ///// ///// -000.1 000 000 5.1e-021
04780 ///// ///// 0000.0 000 000 2.7e-021
04840 ///// ///// -000.0 000 000 2.7e-021
04900 ///// ///// -000.1 000 000 5.4e-021
04960 ///// ///// 0000.0 000 000 1.4e-021
05020 ///// ///// 0000.0 000 000 1.2e-021
05080 ///// ///// 0000.0 000 000 1.6e-021
05140 ///// ///// 0000.0 000 000 2.8e-021
05200 ///// ///// 0000.0 000 000 1.4e-021
05260 ///// ///// 0000.0 000 000 1.4e-021
05320 ///// ///// 0000.8 000 000 3.2e-021
05380 ///// ///// 0000.0 000 000 3.4e-021
05440 ///// ///// 0000.0 000 000 4.2e-021
05500 ///// ///// 0000.0 000 000 1.6e-021
05560 ///// ///// 0000.0 000 000 4.9e-021
05620 ///// ///// 0000.0 000 000 1.0e-021
05680 ///// ///// 0000.0 000 000 3.5e-021
05740 ///// ///// 0000.1 000 000 1.6e-021
05800 ///// ///// 0000.0 000 000 4.3e-021
05860 ///// ///// 0000.0 000 000 1.8e-021
05920 ///// ///// 0000.0 000 000 6.9e-022
05980 ///// ///// 0000.0 000 000 3.8e-021
NNNN
