WNDROBS 01.20
57793 0114.3600 027.7900 00130.0 LC 20130629232500
ROBS
00100 136.0 006.5 0000.2 100 100 3.6e-021
00160 134.0 006.9 -000.1 100 100 7.3e-021
00220 154.0 005.9 0000.2 100 100 8.3e-021
00280 156.0 003.8 0000.1 100 100 1.4e-020
00340 162.0 004.1 0000.3 100 100 2.4e-020
00400 169.0 005.5 0000.3 100 100 4.0e-020
00460 166.0 006.4 0000.2 100 100 5.0e-020
00520 173.0 007.3 0000.2 100 100 3.1e-019
00580 177.0 005.9 0000.2 100 100 3.5e-019
00640 194.0 003.6 -000.1 100 100 1.9e-019
00700 210.0 001.8 0000.0 100 100 8.7e-020
00760 249.0 001.8 0000.2 100 100 1.4e-020
00820 242.0 002.6 0000.3 100 100 3.8e-021
00880 242.0 002.6 0000.2 100 100 4.3e-021
00940 247.0 003.4 -000.1 100 100 1.4e-020
01000 240.0 003.9 -000.1 100 100 3.6e-020
01060 223.0 003.8 -000.1 100 100 3.8e-021
01120 232.0 003.8 -000.3 100 100 2.5e-021
01180 234.0 004.8 -000.1 100 100 1.9e-021
01240 228.0 005.6 -000.1 100 100 4.3e-021
01300 224.0 006.5 -000.3 100 100 3.8e-021
01360 222.0 007.9 -000.2 100 100 4.0e-021
01420 217.0 009.4 -000.5 100 100 7.6e-021
01480 222.0 009.8 -000.3 100 100 6.3e-021
01540 226.0 011.0 -000.4 100 100 6.0e-021
01600 237.0 013.2 -000.6 100 100 5.7e-021
01660 236.0 012.5 -000.1 100 100 8.0e-021
01720 232.0 011.7 -000.6 100 100 1.5e-020
01780 231.0 012.1 -000.4 100 100 6.5e-021
01840 228.0 012.2 -000.6 100 100 4.5e-021
01900 227.0 011.0 -000.5 100 100 3.1e-021
01960 230.0 011.3 -000.3 100 100 2.4e-021
02020 230.0 010.2 -000.3 100 100 2.0e-021
02080 235.0 009.8 -000.1 100 100 2.6e-021
02140 231.0 010.1 0000.0 100 100 1.2e-021
02200 238.0 010.3 0000.0 100 100 2.7e-021
02260 235.0 009.5 0000.0 100 100 2.2e-021
02320 218.0 006.6 0000.0 100 100 6.9e-022
02380 218.0 006.7 0000.0 100 100 2.2e-021
02440 218.0 006.8 0000.0 100 100 2.3e-021
02500 221.0 006.6 0000.0 100 100 1.7e-021
02560 210.0 006.9 0000.1 100 100 2.1e-021
02620 220.0 008.8 0000.0 100 100 1.9e-021
02680 217.0 009.0 0000.0 100 100 2.4e-021
02740 211.0 008.7 0000.1 100 100 2.8e-021
02800 211.0 008.8 -000.1 100 100 2.5e-021
02860 201.0 007.9 0000.1 100 100 4.5e-021
02920 213.0 009.4 0000.0 100 100 4.0e-021
02980 213.0 008.6 0000.2 100 100 6.6e-021
03040 216.0 008.3 0000.2 100 100 4.7e-021
03100 215.0 008.0 0000.3 100 100 3.0e-021
03160 213.0 006.2 0000.0 100 100 2.2e-021
03220 206.0 008.3 -000.9 100 100 9.8e-022
03280 184.0 007.1 0000.2 100 100 3.0e-021
03340 204.0 008.9 0000.0 100 100 5.8e-021
03400 201.0 009.5 -000.1 100 100 7.1e-021
03460 209.0 009.5 -000.2 100 100 7.2e-021
03520 210.0 010.0 0000.0 100 100 4.2e-021
03580 216.0 008.3 -000.8 100 100 3.0e-021
03640 225.0 007.0 0000.0 100 100 3.7e-021
03700 214.0 008.5 0000.0 100 100 1.7e-021
03760 205.0 008.5 0000.0 100 100 2.5e-021
03820 206.0 008.9 0000.0 100 100 2.7e-021
03880 ///// ///// 0000.0 000 000 2.7e-021
03940 204.0 007.5 0000.0 100 100 4.3e-021
04000 ///// ///// 0000.0 000 000 2.3e-021
04060 254.0 003.4 -000.8 100 100 3.0e-021
04120 ///// ///// 0000.0 000 000 6.9e-022
04180 238.0 005.3 0000.1 100 100 3.1e-021
04240 ///// ///// 0000.0 000 000 1.1e-021
04300 239.0 007.4 0000.0 100 100 3.7e-021
04360 239.0 008.4 0000.0 100 100 1.6e-021
04420 241.0 009.4 0000.4 100 100 8.4e-021
04480 239.0 008.6 0000.1 100 100 8.8e-021
04540 236.0 010.0 0000.2 100 100 1.2e-020
04600 238.0 010.1 0000.3 100 100 1.2e-020
04660 250.0 008.8 0000.0 100 100 3.6e-021
04720 239.0 008.5 0000.3 100 100 7.4e-021
04780 255.0 003.5 0000.5 100 100 6.8e-021
04840 244.0 006.9 0000.6 100 100 3.0e-021
04900 240.0 008.4 0000.5 100 100 1.2e-020
04960 243.0 010.0 0000.4 100 100 1.9e-020
05020 239.0 009.2 0000.3 100 100 2.8e-020
05080 236.0 009.7 0000.3 100 100 2.5e-020
05140 240.0 009.2 0000.4 100 100 2.2e-020
05200 236.0 010.0 0000.0 100 100 1.2e-020
05260 241.0 009.0 0000.0 100 100 1.5e-020
05320 241.0 008.8 0000.0 100 100 1.1e-020
05380 227.0 009.7 0000.0 100 100 3.2e-021
05440 ///// ///// 0000.0 000 000 4.6e-021
05500 ///// ///// 0000.3 000 000 4.1e-021
05560 ///// ///// 0000.1 000 000 4.5e-021
05620 ///// ///// 0000.0 000 000 1.7e-021
05680 ///// ///// 0000.0 000 000 4.6e-021
05740 ///// ///// 0000.0 000 000 5.1e-021
05800 ///// ///// 0000.0 000 000 5.4e-021
05860 ///// ///// 0000.0 000 000 3.0e-021
05920 ///// ///// 0000.0 000 000 3.6e-021
05980 ///// ///// 0000.3 000 000 4.0e-021
NNNN
