WNDROBS 01.20
57793 0114.3600 027.7900 00130.0 LC 20130629225000
ROBS
00100 143.0 005.7 0000.2 100 100 2.4e-021
00160 139.0 005.7 0000.2 100 100 3.0e-021
00220 149.0 005.7 0000.2 100 100 4.5e-021
00280 141.0 003.9 0000.2 100 100 1.4e-020
00340 159.0 003.8 0000.2 100 100 2.3e-020
00400 156.0 005.3 0001.3 100 100 1.7e-020
00460 166.0 007.2 0000.1 100 100 5.3e-020
00520 166.0 009.2 0000.3 100 100 2.5e-019
00580 175.0 009.0 0000.3 100 100 4.8e-019
00640 181.0 006.1 0000.2 100 100 1.6e-019
00700 185.0 003.6 0000.1 100 100 5.2e-020
00760 193.0 001.6 0000.0 100 100 1.8e-020
00820 206.0 001.2 0000.3 100 100 8.3e-021
00880 192.0 003.5 0000.1 100 100 7.9e-021
00940 213.0 002.5 -001.7 100 100 1.3e-020
01000 210.0 003.4 0000.1 100 100 1.0e-020
01060 210.0 002.9 -000.0 100 100 2.3e-021
01120 216.0 004.4 -000.3 100 100 2.3e-021
01180 220.0 005.0 -000.3 100 100 1.7e-021
01240 225.0 005.5 -000.4 100 100 1.5e-021
01300 214.0 006.5 -000.4 100 100 1.6e-021
01360 222.0 007.4 -000.3 100 100 2.2e-021
01420 224.0 008.5 -000.4 100 100 3.6e-021
01480 226.0 009.4 -000.7 100 100 6.5e-021
01540 225.0 009.9 -000.3 100 100 5.9e-021
01600 231.0 011.3 -000.5 100 100 1.3e-020
01660 227.0 010.6 -000.5 100 100 1.8e-020
01720 233.0 012.4 -000.5 100 100 2.1e-020
01780 236.0 012.2 -000.5 100 100 1.1e-020
01840 238.0 011.0 -000.3 100 100 4.0e-021
01900 235.0 011.3 -000.2 100 100 4.8e-021
01960 226.0 009.4 -000.3 100 100 4.2e-021
02020 230.0 009.2 -000.3 100 100 2.9e-021
02080 228.0 009.6 -000.3 100 100 4.3e-021
02140 225.0 009.1 0000.0 100 100 3.3e-021
02200 225.0 009.4 0000.0 100 100 3.1e-021
02260 220.0 008.7 0000.0 100 100 3.5e-021
02320 221.0 008.5 -000.1 100 100 4.7e-021
02380 219.0 008.5 -000.2 100 100 6.5e-021
02440 216.0 009.4 0000.0 100 100 5.3e-021
02500 208.0 009.0 0000.0 100 100 7.3e-021
02560 207.0 009.6 0000.1 100 100 5.6e-021
02620 204.0 009.1 0000.0 100 100 3.7e-021
02680 204.0 009.1 0000.0 100 100 8.8e-021
02740 204.0 009.2 0000.0 100 100 6.8e-021
02800 202.0 009.4 0000.0 100 100 7.0e-021
02860 204.0 009.1 0000.0 100 100 2.6e-021
02920 206.0 008.6 0000.0 100 100 1.6e-021
02980 207.0 008.9 0000.0 100 100 5.1e-021
03040 206.0 008.5 0000.0 100 100 5.2e-021
03100 215.0 009.6 0000.0 100 100 3.9e-021
03160 197.0 008.1 -000.6 100 100 2.1e-021
03220 209.0 008.4 0000.0 100 100 1.3e-021
03280 205.0 007.8 -000.3 100 100 1.9e-021
03340 215.0 008.4 0000.0 100 100 2.2e-021
03400 210.0 008.4 -000.3 100 100 2.0e-021
03460 225.0 006.9 -000.4 100 100 2.1e-021
03520 211.0 008.2 -000.2 100 100 3.0e-021
03580 218.0 008.9 -000.5 100 100 3.0e-021
03640 212.0 009.0 0000.0 100 100 5.4e-021
03700 215.0 009.3 0000.0 100 100 8.1e-021
03760 202.0 007.9 0000.1 100 100 4.4e-021
03820 189.0 008.5 0000.0 100 100 2.8e-021
03880 180.0 007.4 0000.0 100 100 6.3e-022
03940 207.0 004.8 0000.7 100 100 3.3e-021
04000 238.0 005.8 0000.0 100 100 4.6e-021
04060 250.0 003.1 0000.0 100 100 3.8e-021
04120 231.0 004.1 -000.2 100 100 6.0e-021
04180 228.0 003.6 -000.4 100 100 5.2e-021
04240 222.0 004.7 -000.4 100 100 5.5e-021
04300 245.0 007.4 -000.5 100 100 1.3e-020
04360 245.0 008.0 -001.0 100 100 2.3e-020
04420 247.0 008.7 -000.5 100 100 3.2e-020
04480 247.0 009.6 -000.1 100 100 1.3e-020
04540 245.0 009.3 0001.0 100 100 3.2e-021
04600 243.0 008.2 0000.7 100 100 9.4e-021
04660 251.0 007.8 0000.9 100 100 1.4e-020
04720 254.0 006.9 0000.5 100 100 1.1e-020
04780 247.0 009.6 0000.3 100 100 1.8e-020
04840 247.0 009.0 0000.4 100 100 1.9e-020
04900 244.0 010.0 0000.7 100 100 1.5e-020
04960 243.0 009.9 0000.4 100 100 2.0e-020
05020 248.0 010.0 -000.9 100 100 1.8e-020
05080 242.0 009.4 0000.0 100 100 1.3e-020
05140 243.0 009.5 0000.0 100 100 8.8e-021
05200 242.0 008.1 0000.0 100 100 5.6e-021
05260 ///// ///// 0000.0 000 000 1.3e-021
05320 ///// ///// 0000.0 000 000 3.3e-021
05380 ///// ///// 0000.0 000 000 2.6e-021
05440 ///// ///// 0000.0 000 000 4.6e-021
05500 ///// ///// -000.4 000 000 4.6e-021
05560 ///// ///// 0000.0 000 000 4.4e-021
05620 ///// ///// 0003.3 000 000 5.8e-021
05680 ///// ///// 0000.0 000 000 1.7e-021
05740 ///// ///// 0000.0 000 000 6.1e-021
05800 ///// ///// 0000.0 000 000 1.6e-021
05860 ///// ///// 0000.0 000 000 4.9e-021
05920 ///// ///// 0000.0 000 000 1.9e-021
05980 ///// ///// 0000.0 000 000 3.8e-021
NNNN
