WNDROBS 01.20
57793 0114.3600 027.7900 00130.0 LC 20130628023500
ROBS
00100 004.0 011.4 0001.3 100 100 4.2e-020
00160 011.0 007.3 0001.2 100 100 2.4e-019
00220 015.0 007.2 0002.2 100 100 2.2e-019
00280 015.0 007.1 0001.9 100 100 2.4e-019
00340 014.0 006.8 0001.8 100 100 2.6e-019
00400 008.0 007.2 0001.0 100 100 2.3e-019
00460 357.0 004.8 0001.0 100 100 2.9e-019
00520 344.0 006.0 0001.8 100 100 1.8e-019
00580 357.0 004.5 0001.1 100 100 1.4e-019
00640 016.0 002.5 0001.0 100 100 8.0e-020
00700 313.0 001.7 0001.6 100 100 7.7e-020
00760 285.0 001.5 0001.9 100 100 7.2e-020
00820 263.0 002.0 0002.2 100 100 5.5e-020
00880 184.0 005.3 0001.8 100 100 4.7e-020
00940 217.0 010.2 0001.9 100 100 9.1e-020
01000 209.0 009.0 0001.6 100 100 1.1e-019
01060 187.0 010.4 0001.2 100 100 2.8e-020
01120 188.0 011.6 0001.3 100 100 4.1e-020
01180 190.0 012.5 0000.4 100 100 5.0e-020
01240 194.0 012.8 0000.8 100 100 3.9e-020
01300 223.0 016.9 0000.3 100 100 4.3e-020
01360 225.0 016.8 0000.1 100 100 5.1e-020
01420 219.0 015.6 0000.2 100 100 6.8e-020
01480 223.0 016.3 -000.0 100 100 9.1e-020
01540 221.0 015.8 0000.1 100 100 6.7e-020
01600 219.0 015.2 -000.1 100 100 6.6e-020
01660 218.0 016.0 0002.8 100 100 6.0e-020
01720 219.0 015.6 0002.3 100 100 6.2e-020
01780 226.0 018.1 0002.6 100 100 3.9e-020
01840 226.0 011.7 0002.4 100 100 5.5e-020
01900 228.0 011.3 0002.3 100 100 6.1e-020
01960 232.0 011.8 0002.3 100 100 6.6e-020
02020 232.0 011.7 0002.3 100 100 8.0e-020
02080 237.0 013.6 0002.2 100 100 9.2e-020
02140 238.0 014.5 0002.1 100 100 1.0e-019
02200 240.0 015.2 0002.2 100 100 9.7e-020
02260 235.0 013.1 0002.2 100 100 6.3e-020
02320 241.0 016.3 0001.9 100 100 7.9e-020
02380 239.0 015.9 0005.1 100 100 1.4e-019
02440 238.0 015.4 0004.9 100 100 1.4e-019
02500 244.0 019.2 0004.9 100 100 1.5e-019
02560 239.0 016.4 0004.7 100 100 1.2e-019
02620 238.0 018.7 0004.4 100 100 1.3e-019
02680 236.0 019.6 0004.2 100 100 1.3e-019
02740 235.0 020.1 0004.1 100 100 1.1e-019
02800 234.0 019.2 0003.9 100 100 1.1e-019
02860 233.0 018.7 0003.7 100 100 1.2e-019
02920 230.0 018.4 0003.6 100 100 1.3e-019
02980 232.0 018.3 0003.2 100 100 1.5e-019
03040 233.0 018.2 0002.9 100 100 1.2e-019
03100 228.0 015.6 0002.6 100 100 6.2e-020
03160 226.0 015.7 0002.3 100 100 6.0e-020
03220 250.0 013.1 0002.2 100 100 4.5e-020
03280 247.0 013.3 0002.0 100 100 5.8e-020
03340 247.0 013.8 0001.8 100 100 5.9e-020
03400 250.0 013.1 0001.7 100 100 5.6e-020
03460 248.0 013.0 0001.6 100 100 4.7e-020
03520 247.0 012.6 0001.5 100 100 4.9e-020
03580 265.0 012.4 0001.4 100 100 3.9e-020
03640 249.0 012.4 0001.3 100 100 4.7e-020
03700 247.0 012.4 0001.3 100 100 4.1e-020
03760 246.0 012.0 0001.6 100 100 3.4e-020
03820 245.0 012.5 0002.1 100 100 4.0e-020
03880 245.0 012.1 0002.1 100 100 4.2e-020
03940 246.0 011.9 0002.0 100 100 3.6e-020
04000 247.0 013.0 0001.8 100 100 3.7e-020
04060 245.0 010.4 0001.4 100 100 2.8e-020
04120 ///// ///// 0001.3 000 000 2.3e-020
04180 ///// ///// 0001.2 000 000 1.7e-020
04240 ///// ///// 0001.0 000 000 1.2e-020
04300 ///// ///// 0001.0 000 000 2.0e-020
04360 ///// ///// 0000.6 000 000 1.8e-020
04420 222.0 006.3 0000.2 100 100 1.9e-020
04480 220.0 006.5 0000.5 100 100 9.1e-021
04540 236.0 009.9 0000.3 100 100 2.8e-020
04600 238.0 011.9 0000.2 100 100 2.7e-020
04660 220.0 008.0 0000.6 100 100 2.2e-020
04720 ///// ///// 0000.0 000 000 2.4e-020
04780 225.0 006.9 0000.0 100 100 7.2e-021
04840 ///// ///// 0000.0 000 000 1.0e-020
04900 ///// ///// 0000.0 000 000 5.5e-021
04960 ///// ///// 0000.3 000 000 3.8e-021
05020 ///// ///// 0000.0 000 000 7.3e-021
05080 ///// ///// 0000.0 000 000 1.0e-020
05140 ///// ///// 0000.0 000 000 1.2e-020
05200 ///// ///// 0000.0 000 000 3.9e-021
05260 ///// ///// 0000.0 000 000 8.7e-021
05320 ///// ///// 0000.0 000 000 1.4e-020
05380 ///// ///// 0000.0 000 000 1.2e-020
05440 ///// ///// 0000.0 000 000 1.1e-020
05500 ///// ///// 0000.0 000 000 7.7e-021
05560 ///// ///// 0000.0 000 000 4.6e-021
05620 ///// ///// 0000.0 000 000 1.2e-020
05680 ///// ///// 0000.0 000 000 9.7e-021
05740 ///// ///// 0000.0 000 000 1.1e-020
05800 ///// ///// 0000.0 000 000 1.1e-020
05860 ///// ///// 0000.0 000 000 9.8e-021
05920 ///// ///// 0000.0 000 000 1.2e-020
05980 ///// ///// 0004.1 000 000 9.5e-021
NNNN
