WNDROBS 01.20
57793 0114.3600 027.7900 00130.0 LC 20130629074000
ROBS
00100 114.0 002.6 0001.3 100 100 1.1e-021
00160 133.0 002.6 0000.2 100 100 3.0e-021
00220 130.0 004.0 0000.1 100 100 2.0e-021
00280 097.0 003.3 -000.0 100 100 3.8e-021
00340 116.0 004.1 0000.0 100 100 3.8e-021
00400 106.0 004.2 -000.1 100 100 3.8e-021
00460 104.0 005.5 0000.0 100 100 3.3e-021
00520 110.0 004.5 0000.0 100 100 5.7e-021
00580 126.0 004.6 0000.0 100 100 1.2e-020
00640 141.0 006.3 -000.2 100 100 5.6e-021
00700 137.0 008.2 0000.3 100 100 8.3e-021
00760 138.0 006.9 -000.3 100 100 2.0e-020
00820 143.0 006.6 -000.4 100 100 5.1e-020
00880 187.0 005.0 -000.2 100 100 9.3e-020
00940 197.0 004.3 0000.1 100 100 5.9e-020
01000 199.0 004.0 0000.5 100 100 5.7e-020
01060 198.0 004.6 0000.2 100 100 2.0e-020
01120 205.0 005.0 0000.4 100 100 5.2e-020
01180 225.0 005.1 -000.1 100 100 4.1e-020
01240 228.0 005.8 -000.2 100 100 1.4e-020
01300 231.0 006.3 -000.2 100 100 8.6e-021
01360 228.0 007.5 -000.1 100 100 7.0e-021
01420 230.0 008.1 -000.3 100 100 6.0e-021
01480 228.0 008.6 -000.2 100 100 6.9e-021
01540 229.0 008.8 -000.1 100 100 8.1e-021
01600 232.0 009.2 -000.2 100 100 1.1e-020
01660 231.0 010.0 -000.2 100 100 1.2e-020
01720 234.0 010.6 -000.2 100 100 8.0e-021
01780 235.0 011.3 -000.2 100 100 4.7e-021
01840 236.0 011.9 -000.4 100 100 6.4e-021
01900 234.0 012.4 -000.2 100 100 5.1e-021
01960 236.0 012.3 -000.1 100 100 5.4e-021
02020 239.0 012.2 -000.2 100 100 5.0e-021
02080 230.0 009.9 0000.0 100 100 3.0e-021
02140 229.0 010.0 0000.0 100 100 2.0e-021
02200 228.0 009.4 -000.1 100 100 3.1e-021
02260 231.0 011.9 -000.2 100 100 4.3e-021
02320 241.0 012.1 0000.0 100 100 4.0e-021
02380 243.0 013.4 -000.3 100 100 5.1e-021
02440 242.0 012.9 -000.1 100 100 8.3e-021
02500 245.0 013.3 -000.1 100 100 1.5e-020
02560 245.0 014.6 0000.0 100 100 5.3e-021
02620 245.0 013.1 0000.0 100 100 4.3e-021
02680 251.0 011.6 0000.0 100 100 4.1e-021
02740 246.0 012.9 -000.3 100 100 3.7e-021
02800 242.0 009.7 -000.2 100 100 2.5e-021
02860 227.0 008.5 0000.4 100 100 2.3e-021
02920 242.0 013.0 0001.3 100 100 2.6e-021
02980 244.0 014.7 0000.0 100 100 1.8e-021
03040 239.0 011.3 0000.0 100 100 2.0e-021
03100 242.0 012.8 0000.0 100 100 2.7e-021
03160 ///// ///// 0001.3 000 000 1.5e-021
03220 ///// ///// 0000.0 000 000 1.5e-021
03280 ///// ///// 0000.0 000 000 2.3e-021
03340 ///// ///// 0000.0 000 000 2.1e-021
03400 ///// ///// 0000.1 000 000 2.4e-021
03460 ///// ///// 0000.3 000 000 6.7e-022
03520 ///// ///// 0000.0 000 000 1.8e-021
03580 ///// ///// 0000.0 000 000 2.7e-022
03640 ///// ///// 0000.7 000 000 2.3e-021
03700 ///// ///// -000.2 000 000 2.7e-021
03760 ///// ///// 0000.0 000 000 1.9e-021
03820 ///// ///// 0000.0 000 000 1.5e-021
03880 ///// ///// 0000.0 000 000 7.7e-022
03940 ///// ///// 0000.0 000 000 2.2e-021
04000 ///// ///// 0000.0 000 000 3.0e-022
04060 ///// ///// 0000.0 000 000 6.1e-022
04120 ///// ///// -000.3 000 000 2.5e-021
04180 ///// ///// 0000.0 000 000 2.2e-021
04240 ///// ///// 0000.0 000 000 7.5e-022
04300 ///// ///// 0000.0 000 000 7.6e-022
04360 ///// ///// 0000.2 000 000 2.5e-021
04420 ///// ///// 0000.0 000 000 2.9e-021
04480 ///// ///// 0000.0 000 000 1.6e-021
04540 ///// ///// -000.1 000 000 2.8e-021
04600 ///// ///// 0000.0 000 000 1.3e-021
04660 ///// ///// 0000.0 000 000 1.1e-021
04720 ///// ///// 0000.0 000 000 2.0e-021
04780 ///// ///// 0000.0 000 000 2.5e-021
04840 ///// ///// 0000.0 000 000 3.0e-021
04900 ///// ///// -000.6 000 000 4.0e-021
04960 ///// ///// 0000.0 000 000 1.6e-021
05020 ///// ///// 0000.0 000 000 1.6e-021
05080 ///// ///// 0000.0 000 000 1.6e-021
05140 ///// ///// 0000.0 000 000 2.4e-021
05200 ///// ///// 0000.0 000 000 2.9e-021
05260 ///// ///// 0000.0 000 000 3.6e-021
05320 ///// ///// -000.4 000 000 4.8e-021
05380 ///// ///// 0000.0 000 000 2.6e-021
05440 ///// ///// 0000.0 000 000 3.5e-021
05500 ///// ///// 0000.4 000 000 5.1e-021
05560 ///// ///// 0000.0 000 000 5.4e-021
05620 ///// ///// 0000.0 000 000 1.6e-021
05680 ///// ///// 0000.0 000 000 2.9e-021
05740 ///// ///// 0000.0 000 000 4.4e-021
05800 ///// ///// 0000.0 000 000 2.8e-021
05860 ///// ///// 0000.0 000 000 1.8e-021
05920 ///// ///// 0000.0 000 000 2.3e-022
05980 ///// ///// 0000.0 000 000 1.0e-021
NNNN
