WNDROBS 01.20
57793 0114.3600 027.7900 00130.0 LC 20130628032500
ROBS
00100 357.0 005.3 0002.2 100 100 4.6e-019
00160 007.0 005.9 0002.4 100 100 1.0e-018
00220 359.0 005.8 0002.4 100 100 8.9e-019
00280 354.0 006.4 0002.3 100 100 8.7e-019
00340 352.0 006.9 0002.2 100 100 8.6e-019
00400 350.0 007.5 0002.0 100 100 6.4e-019
00460 347.0 007.4 0001.9 100 100 3.1e-019
00520 349.0 006.2 0001.6 100 100 1.5e-019
00580 341.0 004.2 0001.4 100 100 8.7e-020
00640 340.0 004.2 0000.9 100 100 3.7e-020
00700 326.0 003.3 0000.6 100 100 3.4e-020
00760 259.0 002.2 0000.3 100 100 9.8e-021
00820 250.0 002.8 0000.2 100 100 1.1e-020
00880 234.0 004.6 0000.7 100 100 6.6e-021
00940 228.0 004.4 0000.5 100 100 7.0e-021
01000 210.0 007.1 0000.9 100 100 1.9e-020
01060 239.0 005.4 0000.8 100 100 6.9e-021
01120 233.0 007.6 0000.9 100 100 1.2e-020
01180 235.0 009.1 0000.7 100 100 2.3e-020
01240 235.0 010.0 0000.6 100 100 3.6e-020
01300 233.0 011.0 0000.6 100 100 3.2e-020
01360 231.0 012.2 0000.7 100 100 3.3e-020
01420 232.0 012.5 0000.7 100 100 2.0e-020
01480 228.0 012.7 0000.6 100 100 1.4e-020
01540 230.0 014.1 0000.7 100 100 8.5e-021
01600 230.0 014.8 0000.2 100 100 4.0e-021
01660 234.0 014.8 0000.3 100 100 4.9e-021
01720 232.0 015.3 0000.7 100 100 4.5e-021
01780 228.0 015.6 0001.2 100 100 5.7e-021
01840 218.0 011.3 0001.1 100 100 6.8e-021
01900 238.0 008.5 0001.1 100 100 6.6e-021
01960 244.0 007.1 0000.9 100 100 8.3e-021
02020 221.0 007.7 0000.6 100 100 7.4e-021
02080 217.0 009.9 0000.3 100 100 1.0e-020
02140 182.0 009.8 0000.4 100 100 7.7e-021
02200 129.0 009.3 -000.2 100 100 5.5e-021
02260 130.0 009.4 -000.0 100 100 7.9e-021
02320 134.0 008.4 -000.1 100 100 9.3e-021
02380 135.0 008.4 -000.2 100 100 8.7e-021
02440 133.0 009.1 -000.4 100 100 1.0e-020
02500 125.0 010.0 -000.1 100 100 7.8e-021
02560 128.0 009.6 -000.1 100 100 1.1e-020
02620 139.0 009.7 -000.1 100 100 9.7e-021
02680 136.0 009.4 -000.3 100 100 7.2e-021
02740 126.0 009.1 -000.3 100 100 6.3e-021
02800 130.0 009.2 -000.2 100 100 5.7e-021
02860 128.0 009.0 0000.1 100 100 7.4e-021
02920 130.0 009.2 0000.1 100 100 9.8e-021
02980 ///// ///// 0000.0 000 000 4.6e-021
03040 197.0 006.8 0000.0 100 100 4.4e-021
03100 182.0 005.9 0000.7 100 100 6.4e-021
03160 176.0 008.1 -000.1 100 100 8.1e-021
03220 169.0 006.8 0000.0 100 100 1.1e-021
03280 193.0 002.5 0000.0 100 100 2.8e-021
03340 214.0 003.0 0000.1 100 100 3.3e-021
03400 216.0 003.4 0000.0 100 100 3.1e-021
03460 224.0 003.1 0000.0 100 100 4.3e-021
03520 218.0 006.2 -000.4 100 100 3.7e-021
03580 203.0 006.0 -000.9 100 100 3.7e-021
03640 192.0 004.9 -001.2 100 100 6.8e-021
03700 221.0 003.4 0000.0 100 100 2.3e-021
03760 239.0 005.3 0000.0 100 100 3.9e-021
03820 213.0 008.9 0000.0 100 100 5.0e-021
03880 201.0 007.1 0000.0 100 100 6.9e-021
03940 ///// ///// 0000.0 000 000 4.5e-021
04000 ///// ///// 0000.0 000 000 4.5e-021
04060 ///// ///// 0000.2 000 000 4.9e-021
04120 ///// ///// 0000.0 000 000 4.2e-021
04180 ///// ///// 0000.0 000 000 6.6e-021
04240 ///// ///// 0000.0 000 000 4.7e-021
04300 ///// ///// 0000.0 000 000 4.9e-021
04360 ///// ///// 0000.0 000 000 5.2e-021
04420 ///// ///// 0000.0 000 000 1.6e-021
04480 ///// ///// -000.4 000 000 2.4e-021
04540 ///// ///// 0000.0 000 000 1.2e-021
04600 ///// ///// 0000.0 000 000 2.9e-021
04660 ///// ///// 0000.0 000 000 4.7e-021
04720 268.0 010.5 0000.0 100 100 4.5e-021
04780 254.0 010.4 0000.0 100 100 3.0e-021
04840 262.0 005.4 0000.0 100 100 3.9e-021
04900 295.0 004.1 0000.0 100 100 3.0e-021
04960 ///// ///// 0000.0 000 000 1.2e-021
05020 ///// ///// 0000.6 000 000 4.1e-021
05080 156.0 013.1 0000.0 100 100 3.4e-021
05140 149.0 013.9 0000.0 100 100 3.8e-021
05200 164.0 017.0 0000.0 100 100 1.7e-021
05260 145.0 010.7 0000.4 100 100 1.7e-021
05320 168.0 015.9 0000.0 100 100 3.7e-021
05380 158.0 010.1 0000.0 100 100 4.2e-021
05440 ///// ///// 0000.0 000 000 5.2e-021
05500 207.0 011.6 0000.0 100 100 4.3e-021
05560 211.0 017.0 0000.0 100 100 2.3e-021
05620 ///// ///// 0000.0 000 000 4.8e-021
05680 231.0 006.5 0000.0 100 100 5.7e-021
05740 222.0 012.4 0000.0 100 100 2.3e-021
05800 ///// ///// 0000.0 000 000 4.2e-021
05860 ///// ///// 0000.0 000 000 6.5e-021
05920 232.0 018.9 0000.0 100 100 4.0e-021
05980 ///// ///// 0000.0 000 000 6.1e-021
NNNN
