WNDROBS 01.20
57793 0114.3600 027.7900 00130.0 LC 20130628065500
ROBS
00100 031.0 008.1 0007.0 100 100 1.5e-017
00160 020.0 009.1 0007.1 100 100 6.4e-016
00220 022.0 008.9 0007.3 100 100 7.7e-016
00280 021.0 009.3 0007.3 100 100 6.2e-016
00340 022.0 009.2 0007.3 100 100 5.8e-016
00400 017.0 009.3 0007.8 100 100 5.3e-016
00460 015.0 009.1 0008.0 100 100 5.2e-016
00520 014.0 009.2 0007.9 100 100 5.6e-016
00580 010.0 009.1 0007.9 100 100 6.2e-016
00640 015.0 008.5 0007.7 100 100 7.1e-016
00700 010.0 005.4 0008.1 100 100 4.9e-016
00760 010.0 007.9 0007.8 100 100 8.2e-016
00820 330.0 008.4 0007.4 100 100 8.2e-016
00880 322.0 008.4 0006.9 100 100 8.4e-016
00940 316.0 009.8 0006.9 100 100 7.4e-016
01000 310.0 010.9 0007.2 100 100 7.5e-016
01060 293.0 006.2 0009.0 100 100 2.2e-016
01120 290.0 005.8 0008.8 100 100 2.2e-016
01180 294.0 006.4 0008.6 100 100 2.2e-016
01240 305.0 007.2 0008.4 100 100 2.8e-016
01300 310.0 007.9 0008.6 100 100 2.9e-016
01360 317.0 008.3 0008.6 100 100 3.0e-016
01420 315.0 006.8 0008.4 100 100 3.2e-016
01480 308.0 005.9 0008.0 100 100 3.1e-016
01540 309.0 005.4 0007.5 100 100 2.5e-016
01600 313.0 006.4 0007.0 100 100 2.1e-016
01660 016.0 006.8 0006.9 100 100 2.0e-016
01720 018.0 007.6 0006.2 100 100 1.8e-016
01780 027.0 007.8 0006.1 100 100 1.8e-016
01840 003.0 009.2 0005.9 100 100 1.7e-016
01900 343.0 011.3 0005.8 100 100 1.6e-016
01960 342.0 011.0 0006.0 100 100 1.6e-016
02020 345.0 009.4 0005.5 100 100 1.4e-016
02080 348.0 008.1 0007.3 100 100 1.1e-016
02140 258.0 006.5 0006.2 100 100 1.4e-016
02200 255.0 005.5 0006.3 100 100 1.2e-016
02260 237.0 003.6 0006.5 100 100 1.1e-016
02320 227.0 004.1 0005.0 100 100 6.6e-017
02380 216.0 002.4 0006.2 100 100 9.1e-017
02440 212.0 003.0 0005.7 100 100 8.7e-017
02500 205.0 002.5 0006.0 100 100 8.7e-017
02560 165.0 003.8 0006.9 100 100 7.1e-017
02620 201.0 002.2 0006.7 100 100 7.8e-017
02680 224.0 003.3 0006.7 100 100 8.6e-017
02740 232.0 003.7 0006.0 100 100 9.0e-017
02800 233.0 003.4 0005.9 100 100 8.6e-017
02860 232.0 007.9 0004.9 100 100 6.9e-017
02920 238.0 008.2 0005.6 100 100 7.6e-017
02980 227.0 007.1 0005.6 100 100 6.8e-017
03040 243.0 005.7 0005.7 100 100 5.0e-017
03100 220.0 007.9 0005.1 100 100 5.4e-017
03160 212.0 005.1 0005.6 100 100 4.0e-017
03220 264.0 005.5 0006.3 100 100 4.4e-017
03280 241.0 007.2 0007.1 100 100 4.9e-017
03340 253.0 008.3 0007.2 100 100 5.0e-017
03400 276.0 007.9 0007.3 100 100 3.8e-017
03460 256.0 009.5 0007.8 100 100 4.5e-017
03520 266.0 011.9 0008.1 100 100 5.2e-017
03580 276.0 012.8 0008.3 100 100 5.2e-017
03640 264.0 014.4 0008.7 100 100 5.4e-017
03700 266.0 013.9 0009.1 100 100 5.1e-017
03760 251.0 014.5 0009.3 100 100 5.2e-017
03820 254.0 014.0 0009.4 100 100 5.3e-017
03880 244.0 013.8 0009.2 100 100 5.1e-017
03940 247.0 016.0 0009.1 100 100 5.3e-017
04000 246.0 015.7 0008.9 100 100 5.2e-017
04060 240.0 015.5 0008.8 100 100 4.8e-017
04120 237.0 016.9 0008.5 100 100 4.9e-017
04180 235.0 015.9 0008.2 100 100 4.8e-017
04240 218.0 016.9 0008.3 100 100 4.5e-017
04300 204.0 016.0 0007.8 100 100 4.5e-017
04360 198.0 017.0 0007.5 100 100 4.3e-017
04420 197.0 017.5 0007.1 100 100 2.1e-018
04480 190.0 018.4 0006.7 100 100 3.7e-017
04540 193.0 018.8 0006.6 100 100 2.2e-018
04600 204.0 022.1 0006.6 100 100 3.8e-017
04660 206.0 026.7 0006.0 100 100 4.7e-017
04720 206.0 026.9 0005.5 100 100 5.1e-017
04780 203.0 027.7 0005.6 100 100 1.4e-017
04840 198.0 026.8 0005.5 100 100 1.4e-017
04900 197.0 026.3 0005.3 100 100 1.2e-017
04960 202.0 026.2 0005.1 100 100 9.9e-018
05020 204.0 028.9 0005.2 100 100 7.7e-018
05080 209.0 030.7 0004.7 100 100 5.5e-018
05140 215.0 029.7 0004.3 100 100 5.3e-018
05200 215.0 029.7 0003.8 100 100 4.6e-018
05260 219.0 028.4 0003.9 100 100 4.2e-018
05320 222.0 027.5 0003.6 100 100 3.7e-018
05380 221.0 028.5 0004.4 100 100 3.2e-018
05440 221.0 027.9 0004.2 100 100 2.7e-018
05500 220.0 026.4 0003.9 100 100 2.5e-018
05560 221.0 025.9 0004.4 100 100 2.3e-018
05620 222.0 025.7 0004.5 100 100 2.2e-018
05680 224.0 024.7 0004.4 100 100 2.1e-018
05740 226.0 023.8 0004.5 100 100 2.0e-018
05800 224.0 023.6 0004.5 100 100 2.0e-018
05860 224.0 023.1 0003.8 100 100 1.9e-018
05920 223.0 022.8 0003.9 100 100 1.8e-018
05980 223.0 022.4 0003.8 100 100 1.6e-018
NNNN
