WNDROBS 01.20
57793 0114.3600 027.7900 00130.0 LC 20130628014500
ROBS
00100 001.0 003.2 -000.4 100 100 4.0e-021
00160 344.0 003.6 -000.3 100 100 4.2e-020
00220 341.0 004.2 -000.3 100 100 9.7e-020
00280 329.0 003.6 -000.3 100 100 3.4e-020
00340 332.0 003.1 -000.2 100 100 2.9e-020
00400 355.0 002.8 -000.2 100 100 3.4e-020
00460 009.0 002.8 0000.0 100 100 8.7e-020
00520 015.0 002.2 -000.2 100 100 4.1e-020
00580 019.0 001.6 -000.2 100 100 2.6e-020
00640 196.0 000.3 -000.3 100 100 1.1e-020
00700 205.0 001.9 -000.4 100 100 1.6e-020
00760 204.0 002.5 -001.2 100 100 5.5e-020
00820 150.0 003.3 -001.3 100 100 1.9e-019
00880 231.0 003.7 -001.4 100 100 1.8e-019
00940 225.0 004.8 -000.8 100 100 1.7e-019
01000 224.0 005.1 -000.4 100 100 1.1e-019
01060 214.0 005.5 -000.6 100 100 5.0e-020
01120 210.0 005.4 0000.2 100 100 3.1e-020
01180 210.0 005.8 -000.2 100 100 3.2e-020
01240 215.0 006.0 -000.3 100 100 5.6e-020
01300 213.0 007.1 -000.5 100 100 4.7e-020
01360 218.0 008.1 -000.6 100 100 1.6e-020
01420 221.0 009.7 -000.5 100 100 7.4e-021
01480 222.0 011.1 -000.3 100 100 5.9e-021
01540 221.0 012.3 -000.2 100 100 8.9e-021
01600 221.0 012.2 -000.5 100 100 8.5e-021
01660 221.0 012.4 -000.1 100 100 1.2e-020
01720 223.0 012.9 -000.1 100 100 6.8e-021
01780 228.0 014.3 0000.0 100 100 3.6e-021
01840 217.0 011.9 -000.1 100 100 3.2e-021
01900 230.0 014.7 0000.0 100 100 2.5e-021
01960 234.0 014.7 0000.2 100 100 3.1e-021
02020 235.0 014.1 0000.0 100 100 6.8e-021
02080 234.0 014.6 -000.0 100 100 9.2e-021
02140 233.0 014.9 -000.4 100 100 7.4e-021
02200 233.0 014.8 0000.0 100 100 7.1e-021
02260 231.0 014.5 0000.3 100 100 6.4e-021
02320 233.0 014.0 0000.0 100 100 8.4e-021
02380 230.0 013.6 0000.1 100 100 6.1e-021
02440 232.0 013.3 0000.1 100 100 5.8e-021
02500 231.0 013.4 0000.0 100 100 4.1e-021
02560 231.0 013.2 -000.0 100 100 6.7e-021
02620 229.0 013.2 0000.3 100 100 6.6e-021
02680 228.0 013.0 -000.2 100 100 7.5e-021
02740 232.0 013.2 0000.2 100 100 7.9e-021
02800 230.0 012.5 0000.0 100 100 1.3e-020
02860 231.0 012.4 -000.2 100 100 9.1e-021
02920 217.0 010.1 -001.0 100 100 7.5e-021
02980 218.0 010.3 0000.2 100 100 5.1e-021
03040 216.0 010.1 0000.1 100 100 3.4e-021
03100 211.0 009.2 -000.0 100 100 4.1e-021
03160 211.0 009.3 0000.3 100 100 4.1e-021
03220 225.0 010.7 -000.2 100 100 2.9e-021
03280 220.0 009.9 0000.2 100 100 4.0e-021
03340 230.0 012.3 0000.1 100 100 4.6e-021
03400 232.0 012.3 0001.4 100 100 3.5e-021
03460 235.0 012.5 0000.0 100 100 3.8e-021
03520 231.0 011.8 0000.0 100 100 3.6e-021
03580 231.0 011.9 0000.0 100 100 3.7e-021
03640 231.0 012.0 0000.0 100 100 1.6e-021
03700 237.0 011.4 0000.0 100 100 2.4e-021
03760 237.0 011.5 0000.0 100 100 1.4e-021
03820 ///// ///// 0000.0 000 000 2.0e-021
03880 ///// ///// 0000.0 000 000 2.4e-021
03940 ///// ///// 0000.0 000 000 8.0e-022
04000 ///// ///// 0000.0 000 000 1.5e-021
04060 ///// ///// -000.2 000 000 2.9e-021
04120 ///// ///// 0000.0 000 000 1.3e-021
04180 ///// ///// 0000.0 000 000 2.0e-021
04240 ///// ///// -002.1 000 000 4.7e-021
04300 ///// ///// 0000.0 000 000 2.5e-021
04360 ///// ///// -000.0 000 000 3.7e-021
04420 ///// ///// 0000.0 000 000 3.5e-021
04480 ///// ///// 0000.0 000 000 6.9e-022
04540 ///// ///// 0000.0 000 000 2.0e-021
04600 ///// ///// 0000.1 000 000 3.5e-021
04660 ///// ///// 0000.0 000 000 1.2e-021
04720 ///// ///// 0000.0 000 000 3.2e-021
04780 ///// ///// 0000.2 000 000 3.5e-021
04840 ///// ///// 0000.0 000 000 1.2e-021
04900 ///// ///// 0000.0 000 000 5.3e-022
04960 ///// ///// 0000.0 000 000 2.9e-021
05020 ///// ///// 0000.0 000 000 3.3e-021
05080 ///// ///// 0000.0 000 000 3.3e-021
05140 ///// ///// 0000.0 000 000 5.6e-022
05200 ///// ///// 0000.4 000 000 2.0e-021
05260 ///// ///// 0000.0 000 000 1.5e-021
05320 ///// ///// 0000.0 000 000 1.8e-021
05380 ///// ///// 0000.0 000 000 1.5e-021
05440 ///// ///// 0000.0 000 000 2.1e-021
05500 ///// ///// -000.9 000 000 3.5e-021
05560 ///// ///// 0000.0 000 000 4.6e-021
05620 ///// ///// -000.1 000 000 4.1e-021
05680 ///// ///// 0000.0 000 000 1.7e-021
05740 ///// ///// 0000.6 000 000 5.0e-021
05800 ///// ///// 0000.0 000 000 5.3e-021
05860 ///// ///// 0000.8 000 000 4.5e-021
05920 ///// ///// 0000.0 000 000 6.6e-021
05980 ///// ///// 0000.0 000 000 8.0e-022
NNNN
