WNDROBS 01.20
57793 0114.3600 027.7900 00130.0 LC 20130628023000
ROBS
00100 258.0 004.6 0001.4 100 100 1.3e-019
00160 258.0 005.1 0001.5 100 100 2.9e-019
00220 265.0 005.0 0001.7 100 100 3.9e-019
00280 275.0 004.5 0005.1 100 100 7.7e-019
00340 278.0 004.4 0004.7 100 100 1.0e-018
00400 278.0 005.1 0004.2 100 100 1.3e-018
00460 323.0 011.1 0003.7 100 100 1.1e-018
00520 328.0 009.0 0003.6 100 100 9.9e-019
00580 332.0 007.3 0003.9 100 100 8.6e-019
00640 029.0 007.1 0003.8 100 100 1.3e-018
00700 036.0 006.7 0003.3 100 100 1.4e-018
00760 042.0 006.1 0003.0 100 100 1.3e-018
00820 043.0 005.9 0002.6 100 100 1.1e-018
00880 025.0 005.9 0002.3 100 100 7.7e-019
00940 019.0 004.7 0001.7 100 100 5.8e-019
01000 190.0 000.7 0001.6 100 100 5.9e-019
01060 016.0 002.0 0001.9 100 100 1.9e-019
01120 341.0 002.0 0001.6 100 100 2.0e-019
01180 302.0 002.1 0001.4 100 100 2.0e-019
01240 267.0 002.8 0001.4 100 100 1.7e-019
01300 267.0 003.0 0001.2 100 100 1.6e-019
01360 258.0 004.0 0001.4 100 100 1.4e-019
01420 251.0 004.5 0001.3 100 100 1.6e-019
01480 251.0 005.3 0001.6 100 100 1.6e-019
01540 244.0 005.4 0001.8 100 100 1.5e-019
01600 242.0 005.3 0001.8 100 100 1.4e-019
01660 247.0 005.3 0001.7 100 100 1.4e-019
01720 245.0 005.2 0001.6 100 100 1.6e-019
01780 260.0 012.4 0001.5 100 100 1.5e-019
01840 262.0 005.4 0001.1 100 100 1.9e-019
01900 266.0 005.5 0000.9 100 100 1.8e-019
01960 269.0 005.8 0001.0 100 100 1.7e-019
02020 275.0 006.0 0000.8 100 100 1.4e-019
02080 276.0 006.1 0000.2 100 100 1.7e-019
02140 277.0 006.3 0000.3 100 100 1.3e-019
02200 270.0 006.1 -000.2 100 100 1.0e-019
02260 256.0 005.8 0000.0 100 100 9.0e-020
02320 247.0 005.8 0000.0 100 100 4.1e-020
02380 253.0 005.1 0002.5 100 100 5.0e-020
02440 246.0 005.7 0002.3 100 100 3.9e-020
02500 256.0 005.9 0002.3 100 100 4.7e-020
02560 251.0 003.8 0002.2 100 100 4.5e-020
02620 256.0 004.5 0001.2 100 100 6.2e-020
02680 259.0 004.2 0000.4 100 100 8.5e-020
02740 262.0 009.4 0000.4 100 100 1.2e-019
02800 260.0 008.6 0000.5 100 100 1.7e-019
02860 257.0 008.7 0000.7 100 100 2.0e-019
02920 254.0 008.9 0000.5 100 100 2.6e-019
02980 256.0 009.3 0000.4 100 100 2.9e-019
03040 255.0 009.3 0000.0 100 100 2.5e-019
03100 253.0 009.6 -000.3 100 100 1.9e-019
03160 259.0 010.7 -000.3 100 100 1.5e-019
03220 260.0 011.3 -000.1 100 100 1.4e-019
03280 260.0 011.8 -000.4 100 100 1.2e-019
03340 249.0 012.3 -000.3 100 100 7.4e-020
03400 246.0 012.1 -000.8 100 100 7.5e-020
03460 ///// ///// 0000.8 000 000 8.7e-020
03520 241.0 011.9 0000.0 100 100 8.5e-020
03580 241.0 011.7 -000.0 100 100 7.2e-020
03640 235.0 010.6 0000.0 100 100 7.2e-020
03700 228.0 011.0 0000.2 100 100 7.0e-020
03760 226.0 011.5 0000.2 100 100 6.2e-020
03820 228.0 012.6 0000.6 100 100 6.5e-020
03880 225.0 013.7 0000.4 100 100 5.9e-020
03940 223.0 013.9 0000.7 100 100 5.8e-020
04000 223.0 014.4 -000.2 100 100 4.5e-020
04060 215.0 013.0 0000.9 100 100 4.4e-020
04120 217.0 012.7 0000.4 100 100 4.4e-020
04180 223.0 012.2 0000.0 100 100 2.7e-020
04240 206.0 010.0 0000.8 100 100 3.0e-020
04300 203.0 009.8 0000.0 100 100 2.3e-020
04360 ///// ///// 0000.0 000 000 1.5e-020
04420 210.0 014.7 0000.0 100 100 1.7e-020
04480 205.0 020.0 -000.1 100 100 1.5e-020
04540 220.0 019.9 0000.0 100 100 1.7e-020
04600 220.0 016.4 0000.0 100 100 2.0e-020
04660 230.0 022.9 0000.0 100 100 2.2e-020
04720 220.0 027.2 0000.0 100 100 1.5e-020
04780 211.0 022.0 0000.0 100 100 8.6e-021
04840 ///// ///// 0000.0 000 000 1.1e-020
04900 ///// ///// -001.1 000 000 9.2e-021
04960 ///// ///// -001.2 000 000 3.4e-021
05020 ///// ///// 0000.0 000 000 5.4e-021
05080 ///// ///// 0000.0 000 000 1.1e-020
05140 ///// ///// -002.0 000 000 1.4e-020
05200 ///// ///// -004.2 000 000 2.1e-020
05260 228.0 033.8 0000.0 100 100 6.5e-021
05320 227.0 034.0 -001.2 100 100 1.8e-020
05380 225.0 033.3 -000.9 100 100 2.2e-020
05440 225.0 033.3 0000.0 100 100 2.1e-020
05500 ///// ///// 0000.0 000 000 1.3e-020
05560 225.0 032.2 0000.0 100 100 1.9e-020
05620 225.0 032.4 0000.0 100 100 2.2e-020
05680 226.0 031.5 0000.0 100 100 2.6e-020
05740 226.0 031.5 0000.0 100 100 2.7e-020
05800 229.0 032.7 0000.0 100 100 2.8e-020
05860 227.0 030.7 0000.0 100 100 2.7e-020
05920 233.0 033.7 0000.0 100 100 3.1e-020
05980 227.0 029.3 -004.6 100 100 8.9e-021
NNNN
