WNDROBS 01.20
57793 0114.3600 027.7900 00130.0 LC 20130629201000
ROBS
00100 130.0 006.1 -000.2 100 100 4.3e-021
00160 129.0 006.6 -000.2 100 100 1.0e-020
00220 141.0 005.4 -000.2 100 100 3.7e-021
00280 120.0 002.9 -000.2 100 100 8.6e-021
00340 133.0 002.4 -000.2 100 100 6.9e-021
00400 142.0 003.1 -000.1 100 100 9.4e-021
00460 146.0 004.4 -000.2 100 100 1.3e-020
00520 149.0 006.2 -000.2 100 100 3.5e-020
00580 159.0 006.7 -000.3 100 100 6.1e-020
00640 166.0 007.1 -000.3 100 100 6.4e-020
00700 185.0 007.6 -000.2 100 100 1.2e-019
00760 187.0 007.5 -000.1 100 100 8.6e-020
00820 191.0 006.0 0000.0 100 100 7.9e-020
00880 198.0 005.0 0000.2 100 100 1.1e-020
00940 187.0 005.5 0000.1 100 100 1.4e-020
01000 197.0 003.1 0000.2 100 100 1.4e-020
01060 205.0 002.9 -000.1 100 100 4.1e-021
01120 203.0 003.8 0000.0 100 100 4.5e-021
01180 206.0 004.5 0000.1 100 100 3.9e-021
01240 203.0 005.4 0000.0 100 100 2.6e-021
01300 207.0 006.5 -000.0 100 100 2.2e-021
01360 216.0 008.5 -000.2 100 100 2.4e-021
01420 215.0 007.3 -000.1 100 100 2.8e-021
01480 213.0 007.7 0000.0 100 100 2.0e-021
01540 219.0 008.7 -000.2 100 100 1.6e-021
01600 222.0 009.4 -000.2 100 100 1.7e-021
01660 219.0 010.3 -000.5 100 100 2.1e-021
01720 220.0 011.2 -000.3 100 100 2.7e-021
01780 225.0 012.6 -000.1 100 100 4.8e-021
01840 225.0 012.1 -000.1 100 100 3.1e-021
01900 226.0 011.8 -000.3 100 100 1.7e-021
01960 230.0 011.4 -000.2 100 100 2.0e-021
02020 226.0 011.0 -000.1 100 100 3.9e-021
02080 220.0 010.4 0000.0 100 100 2.4e-021
02140 222.0 009.8 0000.0 100 100 3.1e-021
02200 226.0 006.8 0000.0 100 100 2.1e-021
02260 217.0 009.1 0000.0 100 100 1.8e-021
02320 210.0 008.3 0000.0 100 100 1.1e-021
02380 212.0 008.5 0000.0 100 100 1.5e-021
02440 217.0 007.6 0000.1 100 100 1.7e-021
02500 217.0 007.7 0000.0 100 100 1.7e-021
02560 224.0 006.9 -000.1 100 100 1.7e-021
02620 211.0 008.4 0000.0 100 100 2.2e-021
02680 214.0 008.3 -000.1 100 100 3.1e-021
02740 208.0 009.6 -000.1 100 100 1.4e-021
02800 210.0 008.7 0000.0 100 100 2.8e-021
02860 212.0 008.9 -000.0 100 100 4.5e-021
02920 208.0 009.6 0000.0 100 100 3.9e-021
02980 211.0 008.8 0000.2 100 100 2.5e-021
03040 220.0 009.5 0000.2 100 100 4.3e-021
03100 220.0 008.8 -001.1 100 100 2.4e-021
03160 227.0 009.0 0001.3 100 100 3.0e-021
03220 227.0 007.9 0000.0 100 100 3.3e-021
03280 217.0 009.7 0000.0 100 100 4.8e-021
03340 224.0 008.6 0000.0 100 100 4.2e-021
03400 225.0 009.0 0000.1 100 100 5.5e-021
03460 211.0 011.6 0000.1 100 100 6.4e-021
03520 221.0 009.7 0000.3 100 100 7.0e-021
03580 218.0 010.6 0000.0 100 100 3.4e-021
03640 207.0 009.2 0000.0 100 100 6.1e-021
03700 208.0 009.1 0000.0 100 100 7.0e-021
03760 206.0 009.7 0000.6 100 100 5.4e-021
03820 206.0 009.8 -000.0 100 100 6.3e-021
03880 209.0 008.9 -000.0 100 100 8.6e-021
03940 221.0 009.4 0000.1 100 100 6.7e-021
04000 220.0 009.9 -000.1 100 100 6.7e-021
04060 223.0 010.1 0000.1 100 100 1.3e-020
04120 223.0 011.0 0000.1 100 100 1.3e-020
04180 218.0 009.8 -000.1 100 100 7.6e-021
04240 224.0 010.8 0000.3 100 100 1.0e-020
04300 223.0 011.1 0000.2 100 100 1.5e-020
04360 222.0 011.8 0000.3 100 100 1.4e-020
04420 223.0 011.5 0000.3 100 100 1.5e-020
04480 227.0 011.3 0000.2 100 100 1.3e-020
04540 227.0 011.1 0000.0 100 100 9.2e-021
04600 232.0 010.7 0000.0 100 100 2.0e-020
04660 233.0 011.1 0000.0 100 100 2.1e-020
04720 232.0 011.9 0000.0 100 100 6.3e-021
04780 ///// ///// 0000.0 000 000 3.8e-021
04840 ///// ///// -001.3 000 000 4.4e-021
04900 ///// ///// 0000.1 000 000 3.7e-021
04960 ///// ///// 0000.3 000 000 5.0e-021
05020 ///// ///// 0000.2 000 000 4.8e-021
05080 ///// ///// -000.1 000 000 3.9e-021
05140 ///// ///// 0000.1 000 000 4.1e-021
05200 ///// ///// 0000.1 000 000 7.5e-021
05260 220.0 005.3 0000.3 100 100 8.9e-021
05320 220.0 005.1 -000.0 100 100 6.7e-021
05380 223.0 005.7 -000.9 100 100 7.4e-021
05440 ///// ///// 0000.0 000 000 4.3e-021
05500 ///// ///// 0000.0 000 000 5.5e-021
05560 217.0 003.9 0000.0 100 100 6.8e-021
05620 211.0 004.4 0000.0 100 100 5.5e-021
05680 ///// ///// 0000.0 000 000 1.8e-021
05740 ///// ///// 0000.0 000 000 1.8e-021
05800 ///// ///// 0000.0 000 000 6.2e-021
05860 ///// ///// 0000.0 000 000 2.2e-021
05920 ///// ///// -001.3 000 000 1.5e-021
05980 ///// ///// 0000.0 000 000 3.9e-021
NNNN
