WNDROBS 01.20
57793 0114.3600 027.7900 00130.0 LC 20130629170000
ROBS
00100 120.0 005.3 0001.7 100 100 3.6e-021
00160 120.0 005.8 0000.9 100 100 9.7e-021
00220 111.0 005.8 0000.1 100 100 7.7e-021
00280 113.0 006.0 -000.0 100 100 5.4e-021
00340 114.0 006.3 0000.1 100 100 5.8e-021
00400 124.0 005.4 0000.0 100 100 1.0e-020
00460 149.0 005.7 -000.1 100 100 1.1e-020
00520 158.0 008.3 -000.1 100 100 2.5e-020
00580 166.0 009.2 0000.0 100 100 5.9e-020
00640 171.0 009.4 -000.0 100 100 9.3e-020
00700 174.0 009.9 -000.0 100 100 7.7e-020
00760 178.0 011.2 -000.1 100 100 8.4e-020
00820 179.0 012.0 -000.1 100 100 1.3e-019
00880 183.0 012.2 -000.2 100 100 1.1e-019
00940 193.0 010.8 -000.3 100 100 7.5e-020
01000 200.0 008.6 -000.4 100 100 1.1e-019
01060 190.0 008.3 -000.3 100 100 3.8e-020
01120 191.0 006.5 -000.3 100 100 2.7e-020
01180 189.0 004.3 -000.2 100 100 2.8e-020
01240 190.0 003.3 -000.3 100 100 2.8e-020
01300 200.0 003.6 -000.4 100 100 2.3e-020
01360 200.0 004.1 -000.5 100 100 1.3e-020
01420 197.0 005.3 -000.3 100 100 1.2e-020
01480 205.0 006.6 -000.2 100 100 1.0e-020
01540 208.0 008.2 -000.2 100 100 1.4e-020
01600 212.0 009.1 -000.1 100 100 1.8e-020
01660 214.0 010.0 -000.1 100 100 9.7e-021
01720 216.0 011.2 -000.2 100 100 5.5e-021
01780 222.0 010.9 -000.3 100 100 5.3e-021
01840 227.0 011.5 -000.2 100 100 6.3e-021
01900 228.0 011.6 -000.2 100 100 8.4e-021
01960 225.0 011.2 -000.2 100 100 5.9e-021
02020 229.0 011.8 -000.3 100 100 4.5e-021
02080 225.0 010.7 0000.1 100 100 3.7e-021
02140 224.0 010.7 -000.1 100 100 5.1e-021
02200 225.0 010.9 -000.1 100 100 5.9e-021
02260 225.0 011.2 0000.0 100 100 4.7e-021
02320 220.0 012.4 -000.3 100 100 4.2e-021
02380 230.0 010.7 -000.1 100 100 2.7e-021
02440 230.0 010.8 -000.2 100 100 2.3e-021
02500 230.0 010.5 -000.3 100 100 3.0e-021
02560 219.0 010.5 -000.5 100 100 9.2e-022
02620 226.0 009.5 -000.6 100 100 2.6e-021
02680 225.0 009.5 0000.0 100 100 1.5e-021
02740 219.0 008.6 0000.0 100 100 2.6e-021
02800 202.0 008.5 0000.1 100 100 1.9e-021
02860 196.0 009.6 0000.0 100 100 2.1e-021
02920 203.0 008.0 -000.5 100 100 2.2e-021
02980 206.0 009.9 -000.4 100 100 1.9e-021
03040 228.0 008.4 -000.3 100 100 3.0e-022
03100 241.0 008.0 -000.4 100 100 2.9e-021
03160 242.0 008.7 0000.0 100 100 2.2e-021
03220 243.0 008.7 -000.3 100 100 2.6e-021
03280 244.0 009.6 0000.0 100 100 3.6e-021
03340 242.0 008.2 0000.0 100 100 1.2e-021
03400 239.0 009.0 -000.2 100 100 3.7e-021
03460 242.0 009.0 -000.3 100 100 6.7e-021
03520 247.0 008.6 -000.1 100 100 4.6e-021
03580 242.0 008.4 -000.1 100 100 3.5e-021
03640 228.0 006.3 0000.0 100 100 1.3e-021
03700 232.0 007.4 0000.0 100 100 3.1e-021
03760 231.0 007.3 0000.8 100 100 2.7e-021
03820 222.0 008.3 0000.0 100 100 2.9e-021
03880 217.0 006.5 -000.3 100 100 3.3e-021
03940 211.0 006.7 0000.0 100 100 2.9e-021
04000 189.0 006.4 0000.3 100 100 6.1e-021
04060 199.0 007.1 0000.3 100 100 5.5e-021
04120 182.0 006.9 0000.0 100 100 6.3e-022
04180 200.0 009.7 0000.2 100 100 8.1e-021
04240 197.0 010.2 0000.0 100 100 5.0e-021
04300 214.0 007.3 0000.0 100 100 3.3e-021
04360 ///// ///// 0000.0 000 000 1.7e-021
04420 ///// ///// 0000.0 000 000 1.2e-021
04480 ///// ///// 0000.0 000 000 3.0e-021
04540 ///// ///// 0000.0 000 000 3.5e-022
04600 ///// ///// 0000.0 000 000 1.2e-021
04660 ///// ///// 0000.0 000 000 2.5e-021
04720 ///// ///// 0000.0 000 000 2.8e-021
04780 209.0 007.2 0000.0 100 100 3.6e-021
04840 206.0 010.0 -000.6 100 100 6.6e-021
04900 215.0 008.7 0000.0 100 100 3.9e-021
04960 214.0 007.1 0000.0 100 100 4.6e-021
05020 205.0 007.2 -000.1 100 100 4.6e-021
05080 197.0 007.1 0000.0 100 100 2.6e-021
05140 177.0 006.2 0000.0 100 100 2.5e-021
05200 ///// ///// 0000.0 000 000 4.8e-021
05260 ///// ///// 0000.0 000 000 1.5e-021
05320 ///// ///// 0000.0 000 000 2.0e-021
05380 ///// ///// 0000.0 000 000 3.4e-021
05440 ///// ///// 0000.0 000 000 1.7e-021
05500 ///// ///// 0000.0 000 000 1.8e-021
05560 ///// ///// 0000.5 000 000 4.8e-021
05620 ///// ///// 0000.0 000 000 1.5e-021
05680 ///// ///// 0000.0 000 000 2.0e-021
05740 ///// ///// 0000.0 000 000 3.0e-021
05800 ///// ///// 0000.0 000 000 2.4e-021
05860 ///// ///// 0000.8 000 000 6.2e-021
05920 ///// ///// -000.6 000 000 5.2e-021
05980 ///// ///// 0000.0 000 000 2.7e-021
NNNN
