WNDROBS 01.20
57793 0114.3600 027.7900 00130.0 LC 20130629191500
ROBS
00100 121.0 003.9 -000.2 100 100 4.6e-021
00160 121.0 004.3 -000.2 100 100 1.0e-020
00220 126.0 004.2 -000.2 100 100 1.5e-020
00280 132.0 004.2 -000.2 100 100 1.3e-020
00340 138.0 004.3 -000.2 100 100 1.9e-020
00400 145.0 004.3 -000.2 100 100 2.5e-020
00460 143.0 005.0 -000.3 100 100 5.4e-020
00520 146.0 006.8 -000.4 100 100 1.3e-019
00580 166.0 006.7 -000.3 100 100 2.1e-019
00640 175.0 007.0 -000.4 100 100 7.7e-020
00700 178.0 006.8 -000.4 100 100 7.9e-020
00760 183.0 006.3 -000.3 100 100 4.0e-020
00820 193.0 003.5 -000.3 100 100 3.0e-020
00880 201.0 002.5 -000.3 100 100 3.3e-020
00940 211.0 004.1 -000.2 100 100 2.2e-020
01000 211.0 004.1 -000.2 100 100 2.0e-020
01060 208.0 004.3 -000.1 100 100 6.8e-021
01120 217.0 004.8 0001.5 100 100 1.5e-021
01180 227.0 006.0 0000.5 100 100 8.9e-022
01240 216.0 005.6 0000.0 100 100 1.1e-021
01300 215.0 005.6 0000.0 100 100 1.8e-021
01360 202.0 005.7 -000.0 100 100 2.5e-021
01420 204.0 006.1 0000.1 100 100 2.7e-021
01480 215.0 007.4 0000.1 100 100 2.9e-021
01540 216.0 008.4 -000.1 100 100 4.1e-021
01600 216.0 009.5 -000.0 100 100 4.0e-021
01660 223.0 009.5 -000.1 100 100 3.8e-021
01720 220.0 010.2 -000.4 100 100 5.1e-021
01780 221.0 010.2 -000.4 100 100 4.3e-021
01840 223.0 010.3 -000.2 100 100 3.2e-021
01900 222.0 011.2 -000.6 100 100 3.9e-021
01960 220.0 011.2 -000.6 100 100 4.5e-021
02020 223.0 011.2 -000.5 100 100 2.7e-021
02080 219.0 010.6 -000.3 100 100 1.9e-021
02140 224.0 009.5 -000.4 100 100 2.0e-021
02200 222.0 009.6 -001.1 100 100 1.8e-021
02260 219.0 009.7 0001.0 100 100 1.7e-021
02320 216.0 011.2 -000.4 100 100 2.4e-021
02380 192.0 011.8 -000.7 100 100 1.5e-021
02440 192.0 012.1 0000.0 100 100 1.9e-021
02500 207.0 009.6 -000.0 100 100 2.9e-021
02560 217.0 008.8 0000.0 100 100 2.5e-021
02620 195.0 010.8 -000.3 100 100 1.3e-021
02680 187.0 012.9 0001.0 100 100 3.2e-021
02740 189.0 011.0 0000.0 100 100 2.2e-021
02800 ///// ///// 0000.2 000 000 2.6e-021
02860 190.0 010.4 0000.0 100 100 1.7e-021
02920 225.0 008.2 0000.0 100 100 3.0e-021
02980 232.0 009.0 0000.0 100 100 1.4e-021
03040 231.0 007.8 0000.2 100 100 2.0e-021
03100 225.0 006.6 0000.0 100 100 1.3e-021
03160 225.0 006.7 -000.6 100 100 2.0e-021
03220 202.0 005.3 -000.0 100 100 3.3e-021
03280 214.0 005.4 0000.0 100 100 2.8e-021
03340 224.0 008.6 0000.0 100 100 2.3e-021
03400 210.0 007.1 0000.3 100 100 2.8e-021
03460 216.0 005.6 -000.1 100 100 3.5e-021
03520 229.0 008.7 -000.2 100 100 4.5e-021
03580 222.0 008.8 0000.0 100 100 1.1e-020
03640 225.0 009.1 0000.3 100 100 1.0e-020
03700 211.0 007.3 0000.1 100 100 2.1e-020
03760 215.0 007.7 0000.0 100 100 2.0e-020
03820 210.0 006.7 0000.0 100 100 9.1e-021
03880 207.0 006.8 0000.0 100 100 4.9e-020
03940 206.0 006.7 0000.1 100 100 6.2e-020
04000 202.0 007.4 0000.1 100 100 2.4e-020
04060 206.0 008.6 0001.0 100 100 1.2e-020
04120 203.0 009.9 0000.2 100 100 2.7e-020
04180 203.0 011.1 0000.0 100 100 6.3e-021
04240 205.0 010.8 0000.0 100 100 1.5e-021
04300 ///// ///// 0000.0 000 000 2.8e-021
04360 ///// ///// -006.5 000 000 3.2e-021
04420 ///// ///// 0000.0 000 000 1.0e-021
04480 ///// ///// 0000.2 000 000 2.5e-021
04540 ///// ///// -000.3 000 000 3.0e-021
04600 ///// ///// 0000.6 000 000 2.8e-021
04660 ///// ///// 0000.0 000 000 2.2e-021
04720 ///// ///// 0000.0 000 000 1.2e-021
04780 ///// ///// 0000.0 000 000 8.0e-022
04840 ///// ///// 0000.0 000 000 2.3e-021
04900 ///// ///// -000.2 000 000 3.6e-021
04960 ///// ///// 0000.0 000 000 3.3e-021
05020 ///// ///// -000.1 000 000 3.9e-021
05080 ///// ///// 0000.6 000 000 2.2e-021
05140 ///// ///// 0000.1 000 000 3.4e-021
05200 ///// ///// -001.3 000 000 3.5e-021
05260 ///// ///// 0000.2 000 000 3.9e-021
05320 ///// ///// 0000.4 000 000 4.6e-021
05380 ///// ///// 0000.0 000 000 1.1e-021
05440 ///// ///// 0000.0 000 000 4.8e-021
05500 ///// ///// 0000.0 000 000 4.0e-021
05560 ///// ///// 0000.0 000 000 1.2e-021
05620 ///// ///// 0000.0 000 000 2.4e-021
05680 ///// ///// 0000.0 000 000 3.5e-021
05740 ///// ///// 0000.0 000 000 2.3e-021
05800 ///// ///// 0000.0 000 000 4.0e-021
05860 ///// ///// 0000.0 000 000 2.2e-021
05920 ///// ///// 0000.0 000 000 6.6e-021
05980 ///// ///// 0000.6 000 000 4.0e-021
NNNN
