WNDROBS 01.20
57793 0114.3600 027.7900 00130.0 LC 20130628022000
ROBS
00100 342.0 003.1 0000.1 100 100 3.8e-021
00160 331.0 003.0 0000.1 100 100 6.2e-020
00220 327.0 004.6 0000.1 100 100 1.3e-019
00280 330.0 005.3 0000.2 100 100 1.7e-019
00340 328.0 004.8 0000.1 100 100 1.5e-019
00400 326.0 004.8 0000.1 100 100 2.6e-019
00460 001.0 003.9 0001.1 100 100 1.5e-019
00520 020.0 003.7 0001.4 100 100 1.5e-019
00580 006.0 004.5 0000.8 100 100 1.1e-019
00640 200.0 004.6 0000.6 100 100 6.2e-020
00700 151.0 004.2 0000.5 100 100 3.7e-020
00760 178.0 002.1 0000.3 100 100 2.7e-020
00820 193.0 000.5 0000.1 100 100 3.1e-020
00880 200.0 001.1 0000.2 100 100 4.5e-020
00940 241.0 002.1 0000.1 100 100 2.8e-020
01000 176.0 002.2 -000.1 100 100 3.1e-020
01060 227.0 003.6 -000.2 100 100 1.5e-020
01120 237.0 004.3 -000.2 100 100 2.6e-020
01180 231.0 006.0 -000.3 100 100 3.6e-020
01240 228.0 008.5 -000.3 100 100 4.0e-020
01300 215.0 011.7 -000.5 100 100 2.8e-020
01360 216.0 011.9 -000.4 100 100 1.4e-020
01420 217.0 013.9 -000.3 100 100 7.7e-021
01480 222.0 013.8 0000.1 100 100 1.2e-020
01540 222.0 013.5 0000.1 100 100 1.3e-020
01600 225.0 013.4 0000.1 100 100 1.2e-020
01660 230.0 013.2 0000.1 100 100 1.2e-020
01720 230.0 014.5 -000.1 100 100 1.0e-020
01780 232.0 014.9 0000.1 100 100 9.7e-021
01840 230.0 015.0 0000.0 100 100 8.1e-021
01900 234.0 015.5 -000.0 100 100 7.4e-021
01960 230.0 014.6 0000.0 100 100 6.8e-021
02020 227.0 013.8 -000.1 100 100 7.6e-021
02080 227.0 013.6 -000.2 100 100 1.0e-020
02140 226.0 013.1 0000.2 100 100 1.0e-020
02200 228.0 012.8 0000.1 100 100 9.5e-021
02260 225.0 012.5 0000.1 100 100 1.0e-020
02320 226.0 012.3 -000.1 100 100 1.2e-020
02380 225.0 012.6 0000.0 100 100 1.1e-020
02440 226.0 012.0 0000.1 100 100 1.0e-020
02500 223.0 012.4 -000.0 100 100 6.5e-021
02560 221.0 013.0 0000.0 100 100 3.1e-021
02620 219.0 013.2 0000.0 100 100 4.0e-021
02680 223.0 012.5 -000.2 100 100 4.4e-021
02740 225.0 012.4 0000.1 100 100 5.2e-021
02800 224.0 012.7 0000.2 100 100 5.3e-021
02860 223.0 012.1 0000.1 100 100 8.4e-021
02920 225.0 012.2 0000.3 100 100 1.6e-020
02980 228.0 012.1 0000.3 100 100 1.9e-020
03040 225.0 011.5 0000.0 100 100 1.4e-020
03100 226.0 012.9 0000.4 100 100 1.1e-020
03160 228.0 013.4 0000.0 100 100 6.7e-021
03220 235.0 012.3 -000.1 100 100 7.3e-021
03280 232.0 012.1 -000.1 100 100 5.3e-021
03340 232.0 012.3 -000.1 100 100 8.5e-021
03400 236.0 014.3 -000.1 100 100 9.4e-021
03460 241.0 014.8 -000.3 100 100 1.1e-020
03520 236.0 012.8 0001.3 100 100 2.8e-021
03580 237.0 012.2 -000.2 100 100 7.6e-021
03640 238.0 012.2 -000.1 100 100 6.3e-021
03700 234.0 013.0 0000.0 100 100 5.5e-021
03760 237.0 012.7 0000.0 100 100 6.4e-021
03820 238.0 013.7 0000.1 100 100 5.6e-021
03880 235.0 013.9 0000.0 100 100 7.3e-021
03940 234.0 014.4 -000.2 100 100 7.7e-021
04000 236.0 015.0 -000.1 100 100 5.9e-021
04060 237.0 014.7 -000.3 100 100 1.0e-020
04120 239.0 017.3 -000.3 100 100 2.9e-021
04180 ///// ///// -000.3 000 000 4.8e-021
04240 259.0 017.7 -001.2 100 100 5.7e-021
04300 ///// ///// 0000.0 000 000 4.2e-021
04360 ///// ///// 0000.0 000 000 4.7e-021
04420 ///// ///// 0000.0 000 000 3.3e-021
04480 ///// ///// 0000.0 000 000 3.3e-021
04540 ///// ///// 0000.7 000 000 3.5e-021
04600 ///// ///// 0001.6 000 000 3.6e-021
04660 ///// ///// 0000.5 000 000 5.6e-021
04720 ///// ///// 0000.4 000 000 4.7e-021
04780 ///// ///// 0000.2 000 000 3.1e-021
04840 ///// ///// 0000.0 000 000 2.7e-021
04900 ///// ///// 0000.0 000 000 4.0e-021
04960 ///// ///// 0000.0 000 000 1.4e-021
05020 ///// ///// 0000.0 000 000 2.9e-021
05080 ///// ///// -000.2 000 000 3.9e-021
05140 ///// ///// -000.2 000 000 5.2e-021
05200 ///// ///// 0001.6 000 000 4.7e-021
05260 ///// ///// 0000.6 000 000 1.9e-021
05320 ///// ///// -000.1 000 000 6.4e-021
05380 ///// ///// 0000.8 000 000 4.0e-021
05440 ///// ///// -000.4 000 000 5.2e-021
05500 ///// ///// 0000.3 000 000 4.3e-021
05560 ///// ///// 0000.3 000 000 6.4e-021
05620 ///// ///// -000.0 000 000 2.5e-021
05680 ///// ///// 0000.0 000 000 5.6e-021
05740 ///// ///// 0000.2 000 000 4.8e-021
05800 ///// ///// 0000.0 000 000 5.2e-021
05860 ///// ///// -000.3 000 000 2.0e-021
05920 ///// ///// 0000.0 000 000 3.7e-021
05980 ///// ///// 0000.0 000 000 5.3e-021
NNNN
