WNDROBS 01.20
57793 0114.3600 027.7900 00130.0 LC 20130629053000
ROBS
00100 035.0 000.5 0001.9 100 100 4.0e-021
00160 022.0 000.8 0002.1 100 100 8.6e-021
00220 031.0 001.0 0002.4 100 100 1.4e-020
00280 039.0 000.5 0002.6 100 100 2.2e-020
00340 063.0 001.1 0002.3 100 100 2.6e-020
00400 048.0 002.0 0002.2 100 100 3.7e-020
00460 057.0 003.2 0002.6 100 100 2.3e-020
00520 123.0 001.6 0003.1 100 100 1.8e-020
00580 053.0 004.0 0002.7 100 100 2.4e-020
00640 044.0 002.8 0000.6 100 100 6.4e-020
00700 039.0 001.0 0000.6 100 100 9.8e-020
00760 023.0 002.0 0000.6 100 100 7.4e-020
00820 055.0 003.8 0000.4 100 100 9.1e-020
00880 076.0 003.2 0000.2 100 100 5.6e-020
00940 202.0 003.2 0000.3 100 100 3.5e-020
01000 243.0 008.9 0000.2 100 100 5.9e-020
01060 232.0 010.4 0003.9 100 100 2.3e-020
01120 227.0 011.6 0003.9 100 100 1.1e-020
01180 225.0 012.1 0004.0 100 100 9.0e-021
01240 225.0 011.1 0004.1 100 100 8.2e-021
01300 242.0 011.1 0004.1 100 100 4.3e-021
01360 256.0 005.6 0004.0 100 100 7.0e-021
01420 260.0 005.7 0004.1 100 100 5.3e-021
01480 263.0 011.6 0004.1 100 100 4.2e-021
01540 259.0 007.0 0003.9 100 100 8.1e-021
01600 255.0 007.7 0003.8 100 100 1.1e-020
01660 255.0 008.5 0003.6 100 100 1.2e-020
01720 255.0 008.7 0003.5 100 100 9.6e-021
01780 257.0 008.8 -000.1 100 100 5.7e-021
01840 259.0 009.1 0003.5 100 100 7.5e-021
01900 258.0 008.5 0003.5 100 100 6.5e-021
01960 262.0 008.9 0003.5 100 100 6.1e-021
02020 263.0 009.1 0003.5 100 100 6.4e-021
02080 263.0 008.9 0003.5 100 100 6.5e-021
02140 257.0 009.1 0003.5 100 100 7.2e-021
02200 259.0 009.0 0003.4 100 100 9.6e-021
02260 256.0 009.5 0003.3 100 100 9.1e-021
02320 254.0 010.2 0003.1 100 100 6.4e-021
02380 251.0 010.1 0002.9 100 100 5.3e-021
02440 249.0 010.2 0002.6 100 100 5.4e-021
02500 261.0 008.9 0002.4 100 100 1.4e-021
02560 261.0 008.8 0002.4 100 100 1.5e-021
02620 264.0 011.4 0002.2 100 100 8.5e-022
02680 262.0 010.7 0002.1 100 100 1.3e-021
02740 262.0 013.2 0002.0 100 100 1.1e-021
02800 263.0 012.9 0001.6 100 100 1.3e-021
02860 263.0 013.8 0001.6 100 100 1.4e-021
02920 263.0 014.4 0001.9 100 100 9.3e-022
02980 264.0 014.5 0000.2 100 100 7.7e-022
03040 267.0 015.0 0000.0 100 100 4.5e-022
03100 267.0 015.3 -000.3 100 100 1.1e-021
03160 258.0 015.4 -000.4 100 100 2.1e-021
03220 255.0 015.2 0000.0 100 100 2.7e-021
03280 257.0 013.3 0000.0 100 100 5.6e-021
03340 255.0 012.7 0000.0 100 100 4.5e-021
03400 259.0 013.8 0000.0 100 100 3.2e-021
03460 250.0 021.6 0000.0 100 100 1.0e-021
03520 233.0 016.1 0000.0 100 100 3.4e-021
03580 232.0 015.5 -000.2 100 100 3.6e-021
03640 229.0 015.5 0000.0 100 100 3.1e-021
03700 263.0 014.5 0000.0 100 100 3.4e-021
03760 263.0 013.9 0000.0 100 100 4.5e-021
03820 251.0 014.3 0000.0 100 100 3.5e-021
03880 240.0 018.6 0000.0 100 100 5.4e-021
03940 234.0 017.4 0000.0 100 100 5.2e-021
04000 241.0 018.4 -000.2 100 100 3.2e-021
04060 236.0 019.1 0000.0 100 100 3.5e-021
04120 235.0 023.8 -001.5 100 100 4.9e-021
04180 241.0 023.0 -000.5 100 100 6.8e-021
04240 ///// ///// -000.2 000 000 7.0e-021
04300 268.0 018.6 -000.4 100 100 6.8e-021
04360 ///// ///// -000.2 000 000 5.9e-021
04420 255.0 010.9 -000.4 100 100 1.1e-020
04480 283.0 011.3 -000.4 100 100 1.6e-020
04540 280.0 011.8 -000.7 100 100 1.4e-020
04600 282.0 010.0 0000.0 100 100 4.8e-021
04660 ///// ///// -000.6 000 000 9.2e-021
04720 239.0 006.7 0000.0 100 100 1.1e-020
04780 ///// ///// 0000.0 000 000 4.4e-021
04840 ///// ///// 0000.0 000 000 5.3e-021
04900 ///// ///// 0000.0 000 000 6.4e-021
04960 ///// ///// 0000.0 000 000 6.7e-021
05020 ///// ///// 0002.1 000 000 7.3e-021
05080 ///// ///// 0001.7 000 000 1.1e-020
05140 ///// ///// 0002.2 000 000 9.1e-021
05200 ///// ///// 0002.1 000 000 1.0e-020
05260 ///// ///// 0002.1 000 000 8.9e-021
05320 ///// ///// 0002.1 000 000 9.9e-021
05380 ///// ///// 0000.0 000 000 8.0e-021
05440 ///// ///// 0000.0 000 000 8.5e-021
05500 ///// ///// 0000.0 000 000 8.3e-021
05560 ///// ///// 0000.0 000 000 9.2e-021
05620 ///// ///// 0000.0 000 000 2.7e-021
05680 ///// ///// 0000.9 000 000 8.5e-021
05740 ///// ///// 0001.0 000 000 7.9e-021
05800 ///// ///// 0000.9 000 000 1.2e-020
05860 ///// ///// 0000.0 000 000 1.0e-020
05920 ///// ///// 0001.0 000 000 1.2e-020
05980 ///// ///// 0001.1 000 000 9.5e-021
NNNN
