WNDROBS 01.20
57793 0114.3600 027.7900 00130.0 LC 20130629094500
ROBS
00100 084.0 004.7 0001.8 100 100 3.5e-021
00160 216.0 002.2 0003.2 100 100 1.1e-019
00220 177.0 001.3 0003.7 100 100 1.2e-019
00280 132.0 002.6 0006.0 100 100 1.4e-019
00340 136.0 003.3 0003.2 100 100 1.4e-019
00400 150.0 003.1 0003.3 100 100 1.6e-019
00460 163.0 004.7 0003.1 100 100 1.5e-019
00520 162.0 005.8 0003.2 100 100 1.3e-019
00580 146.0 003.3 0003.6 100 100 1.3e-019
00640 161.0 003.3 0004.0 100 100 1.1e-019
00700 137.0 001.7 0003.5 100 100 9.8e-020
00760 144.0 002.6 0003.4 100 100 9.1e-020
00820 152.0 001.1 0003.9 100 100 7.6e-020
00880 150.0 001.0 0003.7 100 100 5.7e-020
00940 163.0 004.7 0003.1 100 100 6.2e-020
01000 175.0 005.8 0003.1 100 100 9.1e-020
01060 159.0 005.5 0003.2 100 100 3.8e-020
01120 150.0 004.1 0003.2 100 100 3.3e-020
01180 208.0 002.4 0003.1 100 100 3.4e-020
01240 203.0 002.7 0002.5 100 100 4.1e-020
01300 243.0 002.8 0002.9 100 100 3.7e-020
01360 235.0 002.1 0002.8 100 100 4.9e-020
01420 209.0 002.3 0001.8 100 100 3.3e-020
01480 229.0 002.0 0001.9 100 100 3.2e-020
01540 212.0 002.0 0001.0 100 100 4.0e-020
01600 213.0 001.8 0001.3 100 100 3.5e-020
01660 212.0 002.7 0001.4 100 100 2.5e-020
01720 214.0 002.9 0001.8 100 100 2.0e-020
01780 216.0 005.6 0001.2 100 100 1.8e-020
01840 216.0 005.6 0000.4 100 100 2.2e-020
01900 222.0 003.5 0000.4 100 100 1.5e-020
01960 170.0 004.5 0000.5 100 100 1.5e-020
02020 184.0 004.4 0001.2 100 100 1.1e-020
02080 181.0 006.4 0001.2 100 100 9.6e-021
02140 186.0 006.4 0000.0 100 100 9.2e-021
02200 192.0 004.9 -000.2 100 100 8.5e-021
02260 196.0 005.0 0000.2 100 100 8.4e-021
02320 195.0 004.7 0001.2 100 100 1.2e-020
02380 201.0 005.0 -000.4 100 100 1.2e-020
02440 192.0 006.3 -000.2 100 100 1.0e-020
02500 211.0 005.4 -000.3 100 100 7.0e-021
02560 202.0 004.9 0000.5 100 100 9.5e-021
02620 190.0 004.6 0000.2 100 100 1.2e-020
02680 189.0 004.7 0000.4 100 100 1.3e-020
02740 184.0 004.8 0000.0 100 100 3.0e-021
02800 187.0 001.8 0000.0 100 100 3.3e-021
02860 223.0 001.5 0000.0 100 100 6.0e-021
02920 224.0 001.6 0000.0 100 100 6.4e-021
02980 234.0 002.0 -000.3 100 100 6.4e-021
03040 238.0 002.6 0000.0 100 100 6.6e-021
03100 242.0 003.0 0000.0 100 100 2.2e-021
03160 ///// ///// 0000.0 000 000 2.5e-021
03220 226.0 014.0 -000.6 100 100 2.9e-021
03280 225.0 017.1 0001.4 100 100 3.0e-021
03340 227.0 017.5 0000.0 100 100 1.2e-021
03400 221.0 016.4 0000.0 100 100 2.0e-021
03460 223.0 016.5 0000.0 100 100 3.6e-021
03520 225.0 016.3 0001.4 100 100 3.8e-021
03580 226.0 016.6 0000.3 100 100 5.7e-021
03640 218.0 015.5 0000.0 100 100 4.5e-021
03700 218.0 013.6 0000.0 100 100 4.8e-021
03760 202.0 012.6 -000.4 100 100 7.1e-021
03820 214.0 015.0 -000.3 100 100 5.7e-021
03880 222.0 015.6 0000.0 100 100 2.9e-021
03940 214.0 014.1 0000.0 100 100 4.1e-021
04000 225.0 018.0 0000.0 100 100 4.5e-021
04060 ///// ///// 0000.0 000 000 4.8e-021
04120 225.0 020.1 0000.0 100 100 2.1e-021
04180 213.0 019.6 -006.6 100 100 6.1e-021
04240 214.0 023.8 0000.0 100 100 4.1e-021
04300 211.0 023.7 0006.4 100 100 8.6e-021
04360 213.0 024.2 0005.9 100 100 1.1e-020
04420 217.0 024.1 0000.0 100 100 6.4e-021
04480 224.0 023.3 0005.9 100 100 3.1e-021
04540 224.0 024.7 0004.9 100 100 9.9e-021
04600 238.0 031.8 0005.2 100 100 1.8e-020
04660 245.0 030.2 0003.9 100 100 2.2e-020
04720 246.0 029.9 0002.8 100 100 1.1e-020
04780 250.0 018.6 0001.9 100 100 1.6e-020
04840 236.0 021.2 0002.0 100 100 2.1e-020
04900 246.0 009.8 0001.8 100 100 2.5e-020
04960 252.0 019.2 0001.7 100 100 2.9e-020
05020 224.0 012.5 0001.6 100 100 4.9e-020
05080 225.0 013.6 0001.6 100 100 7.2e-020
05140 231.0 016.1 0001.6 100 100 8.6e-020
05200 218.0 012.3 0001.6 100 100 8.4e-020
05260 244.0 012.1 0001.6 100 100 7.9e-020
05320 245.0 012.5 0001.6 100 100 1.2e-019
05380 251.0 017.3 0001.6 100 100 1.3e-019
05440 238.0 019.5 0001.6 100 100 1.4e-019
05500 252.0 018.3 0001.6 100 100 1.6e-019
05560 253.0 018.3 0001.6 100 100 1.3e-019
05620 255.0 018.3 0001.6 100 100 1.3e-019
05680 256.0 018.4 0001.6 100 100 4.1e-020
05740 257.0 018.7 0001.5 100 100 3.6e-020
05800 252.0 012.1 0001.5 100 100 8.4e-020
05860 255.0 019.5 0001.6 100 100 6.4e-020
05920 253.0 019.8 0001.6 100 100 4.1e-020
05980 249.0 020.5 0001.3 100 100 4.6e-020
NNNN
