WNDROBS 01.20
57793 0114.3600 027.7900 00130.0 LC 20130629221000
ROBS
00100 082.0 003.6 -000.1 100 100 2.1e-021
00160 116.0 004.7 -000.1 100 100 4.6e-021
00220 141.0 006.4 -000.1 100 100 5.0e-021
00280 126.0 004.7 -000.2 100 100 1.3e-020
00340 142.0 004.0 -000.2 100 100 1.9e-020
00400 162.0 003.8 -000.2 100 100 2.3e-020
00460 158.0 004.4 -000.0 100 100 4.7e-020
00520 163.0 006.4 -000.1 100 100 4.7e-020
00580 181.0 007.3 -000.2 100 100 1.9e-019
00640 183.0 006.6 -000.3 100 100 2.4e-019
00700 194.0 005.1 -000.5 100 100 9.5e-020
00760 217.0 002.9 -001.5 100 100 4.4e-020
00820 224.0 003.2 -001.6 100 100 2.1e-020
00880 218.0 003.9 -000.6 100 100 7.4e-021
00940 240.0 002.3 -000.5 100 100 4.5e-021
01000 241.0 003.5 0000.1 100 100 9.7e-021
01060 237.0 003.6 -000.0 100 100 3.0e-021
01120 221.0 003.6 -000.1 100 100 3.8e-021
01180 216.0 004.3 -000.1 100 100 2.3e-021
01240 214.0 005.0 -000.2 100 100 4.4e-021
01300 214.0 005.8 -000.3 100 100 5.0e-021
01360 214.0 006.5 -000.1 100 100 4.5e-021
01420 221.0 008.6 0000.0 100 100 4.7e-021
01480 224.0 009.3 -000.1 100 100 4.6e-021
01540 222.0 009.9 -000.0 100 100 2.6e-021
01600 224.0 010.2 -000.6 100 100 2.3e-021
01660 226.0 010.3 -000.1 100 100 2.6e-021
01720 230.0 011.9 0000.1 100 100 2.5e-021
01780 235.0 012.5 -000.4 100 100 2.0e-021
01840 237.0 012.9 0000.0 100 100 1.8e-021
01900 229.0 011.6 -000.2 100 100 1.8e-021
01960 229.0 011.2 -000.0 100 100 2.0e-021
02020 228.0 011.4 -000.0 100 100 2.3e-021
02080 231.0 011.0 0000.2 100 100 3.8e-021
02140 229.0 010.6 0000.2 100 100 4.5e-021
02200 228.0 010.5 0000.2 100 100 6.2e-021
02260 227.0 010.2 0000.3 100 100 3.7e-021
02320 229.0 008.9 0000.1 100 100 2.3e-021
02380 223.0 009.8 0000.4 100 100 2.7e-021
02440 217.0 009.6 0000.3 100 100 2.7e-021
02500 217.0 009.9 0000.3 100 100 5.7e-021
02560 212.0 009.6 0000.3 100 100 6.8e-021
02620 210.0 009.3 0000.2 100 100 9.2e-021
02680 208.0 009.2 0000.2 100 100 5.6e-021
02740 212.0 009.8 0000.3 100 100 4.9e-021
02800 217.0 008.0 0000.0 100 100 2.0e-021
02860 216.0 008.7 0000.0 100 100 3.5e-021
02920 225.0 007.6 0000.0 100 100 3.3e-021
02980 225.0 007.6 0000.0 100 100 3.7e-021
03040 219.0 006.9 0000.0 100 100 2.1e-021
03100 217.0 006.8 -000.5 100 100 2.5e-021
03160 214.0 007.3 0000.2 100 100 1.7e-021
03220 216.0 007.3 0000.2 100 100 2.9e-021
03280 222.0 009.1 0000.0 100 100 3.5e-021
03340 216.0 008.3 -000.0 100 100 7.0e-021
03400 216.0 008.9 0000.0 100 100 4.3e-021
03460 213.0 008.9 0000.0 100 100 3.8e-021
03520 215.0 008.4 0000.2 100 100 4.4e-021
03580 215.0 008.5 0000.0 100 100 2.2e-021
03640 215.0 008.8 -000.2 100 100 5.1e-021
03700 214.0 008.3 0000.1 100 100 6.5e-021
03760 191.0 006.8 0000.0 100 100 2.8e-021
03820 192.0 006.8 0000.0 100 100 1.4e-021
03880 207.0 006.2 -000.3 100 100 4.1e-021
03940 211.0 006.7 0000.0 100 100 3.2e-021
04000 216.0 007.6 -000.1 100 100 4.5e-021
04060 215.0 006.1 -000.3 100 100 3.8e-021
04120 217.0 005.4 -000.2 100 100 1.1e-020
04180 236.0 006.6 -000.3 100 100 7.4e-021
04240 242.0 008.9 -000.4 100 100 2.5e-020
04300 228.0 007.0 -000.6 100 100 1.6e-020
04360 236.0 008.6 -001.2 100 100 1.7e-020
04420 238.0 009.3 -001.1 100 100 2.1e-020
04480 228.0 009.3 -001.9 100 100 1.8e-020
04540 224.0 008.0 -002.0 100 100 1.3e-020
04600 228.0 006.3 -000.9 100 100 1.3e-020
04660 214.0 005.7 0001.0 100 100 1.6e-020
04720 185.0 004.8 0000.7 100 100 3.1e-020
04780 229.0 009.7 0000.5 100 100 3.5e-020
04840 238.0 009.8 0000.3 100 100 3.8e-020
04900 233.0 009.6 0000.4 100 100 3.7e-020
04960 237.0 008.6 0000.5 100 100 4.9e-020
05020 236.0 008.3 0000.1 100 100 4.3e-020
05080 237.0 008.5 0000.0 100 100 1.6e-020
05140 250.0 007.7 0000.0 100 100 7.4e-021
05200 273.0 008.8 0000.0 100 100 1.2e-020
05260 ///// ///// 0000.0 000 000 1.1e-021
05320 ///// ///// 0000.0 000 000 4.3e-021
05380 ///// ///// 0000.0 000 000 3.8e-021
05440 ///// ///// 0000.0 000 000 2.1e-021
05500 ///// ///// -000.1 000 000 3.8e-021
05560 ///// ///// 0000.0 000 000 2.2e-021
05620 ///// ///// -000.2 000 000 4.6e-021
05680 ///// ///// 0000.0 000 000 3.6e-021
05740 ///// ///// 0000.0 000 000 1.7e-021
05800 ///// ///// 0000.0 000 000 2.1e-021
05860 ///// ///// -000.2 000 000 5.0e-021
05920 ///// ///// 0000.0 000 000 6.2e-021
05980 ///// ///// 0000.0 000 000 1.2e-021
NNNN
