WNDROBS 01.20
57793 0114.3600 027.7900 00130.0 LC 20130628065000
ROBS
00100 023.0 011.1 0007.8 100 100 1.3e-016
00160 020.0 009.8 0008.7 100 100 1.1e-015
00220 022.0 010.4 0008.4 100 100 1.3e-015
00280 019.0 010.8 0008.3 100 100 1.2e-015
00340 017.0 011.4 0008.2 100 100 1.3e-015
00400 018.0 011.5 0008.5 100 100 1.4e-015
00460 015.0 011.3 0008.7 100 100 1.6e-015
00520 014.0 010.6 0008.6 100 100 1.6e-015
00580 017.0 010.2 0008.6 100 100 1.4e-015
00640 015.0 010.3 0008.8 100 100 1.5e-015
00700 010.0 012.1 0009.0 100 100 1.8e-015
00760 010.0 012.7 0009.3 100 100 1.7e-015
00820 010.0 012.5 0009.5 100 100 1.6e-015
00880 005.0 012.5 0009.5 100 100 1.7e-015
00940 000.0 011.3 0009.5 100 100 1.4e-015
01000 005.0 009.9 0009.4 100 100 1.4e-015
01060 007.0 011.1 0009.7 100 100 6.7e-016
01120 006.0 010.7 0009.6 100 100 7.1e-016
01180 357.0 009.7 0009.5 100 100 7.3e-016
01240 359.0 009.1 0009.3 100 100 7.0e-016
01300 331.0 008.8 0009.1 100 100 6.8e-016
01360 293.0 008.3 0009.0 100 100 6.0e-016
01420 280.0 007.8 0008.8 100 100 5.1e-016
01480 271.0 007.2 0008.6 100 100 4.7e-016
01540 274.0 006.7 0008.3 100 100 4.0e-016
01600 272.0 006.2 0008.4 100 100 3.6e-016
01660 259.0 006.0 0008.2 100 100 3.2e-016
01720 254.0 005.6 0008.2 100 100 3.0e-016
01780 243.0 003.7 0008.3 100 100 2.7e-016
01840 237.0 002.3 0008.5 100 100 2.2e-016
01900 235.0 002.5 0008.3 100 100 2.1e-016
01960 232.0 002.8 0008.2 100 100 1.9e-016
02020 233.0 002.6 0008.4 100 100 2.0e-016
02080 311.0 002.9 0009.0 100 100 2.1e-016
02140 258.0 003.8 0009.0 100 100 1.7e-016
02200 255.0 004.2 0008.9 100 100 1.8e-016
02260 237.0 005.3 0008.5 100 100 1.9e-016
02320 227.0 006.0 0008.6 100 100 2.1e-016
02380 216.0 006.7 0008.5 100 100 2.0e-016
02440 212.0 006.6 0008.5 100 100 1.9e-016
02500 205.0 005.7 0008.8 100 100 1.9e-016
02560 239.0 004.7 0009.1 100 100 1.6e-016
02620 201.0 004.9 0009.3 100 100 1.6e-016
02680 224.0 005.9 0009.6 100 100 1.7e-016
02740 232.0 007.2 0009.5 100 100 1.6e-016
02800 233.0 009.2 0009.4 100 100 1.6e-016
02860 231.0 009.6 0009.4 100 100 1.6e-016
02920 223.0 011.2 0009.2 100 100 1.4e-016
02980 233.0 010.2 0009.1 100 100 1.4e-016
03040 227.0 011.2 0009.0 100 100 1.2e-016
03100 231.0 010.3 0000.0 100 100 4.4e-018
03160 231.0 009.4 0008.0 100 100 7.7e-017
03220 237.0 009.2 0009.1 100 100 7.9e-017
03280 241.0 011.2 0009.3 100 100 6.8e-017
03340 242.0 012.1 0009.3 100 100 5.3e-017
03400 244.0 014.1 0009.4 100 100 5.8e-017
03460 243.0 015.6 0009.4 100 100 5.2e-017
03520 243.0 017.9 0009.6 100 100 5.0e-017
03580 239.0 012.3 0009.6 100 100 5.0e-017
03640 242.0 012.9 0009.5 100 100 4.8e-017
03700 250.0 014.8 0009.4 100 100 4.9e-017
03760 249.0 015.8 0009.3 100 100 4.6e-017
03820 241.0 016.6 0009.4 100 100 4.5e-017
03880 234.0 017.1 0009.4 100 100 3.6e-017
03940 223.0 017.8 0009.4 100 100 2.6e-018
04000 218.0 018.1 0009.4 100 100 3.0e-017
04060 224.0 020.0 0009.3 100 100 2.5e-018
04120 223.0 020.4 0009.1 100 100 3.3e-017
04180 225.0 016.4 0008.8 100 100 3.1e-018
04240 223.0 019.1 0008.3 100 100 4.3e-017
04300 220.0 020.7 0007.5 100 100 3.6e-018
04360 217.0 019.9 0006.8 100 100 5.3e-017
04420 216.0 021.4 0005.8 100 100 1.1e-016
04480 214.0 022.9 0005.1 100 100 1.5e-016
04540 212.0 022.1 0004.6 100 100 1.8e-016
04600 211.0 021.1 0003.0 100 100 2.2e-016
04660 213.0 022.1 0002.3 100 100 2.2e-016
04720 217.0 022.4 0003.1 100 100 1.7e-016
04780 219.0 023.5 0003.0 100 100 4.2e-017
04840 219.0 023.0 0002.9 100 100 3.5e-017
04900 219.0 022.8 0002.9 100 100 2.6e-017
04960 218.0 022.5 0002.6 100 100 1.7e-017
05020 219.0 023.1 0002.5 100 100 1.1e-017
05080 219.0 023.4 0002.4 100 100 8.1e-018
05140 218.0 023.6 0002.4 100 100 6.4e-018
05200 220.0 024.2 0002.3 100 100 5.4e-018
05260 220.0 024.5 0002.3 100 100 4.7e-018
05320 222.0 024.9 0002.2 100 100 3.9e-018
05380 223.0 024.9 0002.2 100 100 3.5e-018
05440 225.0 024.7 0002.2 100 100 3.2e-018
05500 227.0 024.8 0002.1 100 100 2.7e-018
05560 228.0 024.5 0002.2 100 100 2.4e-018
05620 231.0 025.1 0002.2 100 100 2.3e-018
05680 230.0 023.0 0002.1 100 100 2.1e-018
05740 232.0 023.3 0002.2 100 100 2.0e-018
05800 232.0 022.8 0002.2 100 100 1.9e-018
05860 233.0 022.0 0002.2 100 100 1.8e-018
05920 233.0 021.4 0002.2 100 100 1.8e-018
05980 231.0 020.6 0002.3 100 100 1.6e-018
NNNN
