WNDROBS 01.20
57793 0114.3600 027.7900 00130.0 LC 20130628060500
ROBS
00100 011.0 004.0 0004.5 100 100 4.6e-019
00160 012.0 004.1 0004.6 100 100 4.3e-018
00220 017.0 003.4 0004.7 100 100 5.0e-018
00280 035.0 004.3 0006.3 100 100 4.6e-018
00340 053.0 006.1 0004.7 100 100 5.9e-018
00400 050.0 005.8 0006.2 100 100 3.7e-018
00460 058.0 005.5 0005.7 100 100 4.0e-018
00520 055.0 005.5 0005.4 100 100 4.2e-018
00580 047.0 005.2 0005.1 100 100 5.2e-018
00640 046.0 004.8 0004.8 100 100 5.1e-018
00700 135.0 004.2 0004.7 100 100 5.0e-018
00760 104.0 003.1 0004.6 100 100 4.1e-018
00820 209.0 002.7 0004.6 100 100 4.7e-018
00880 216.0 002.2 0004.6 100 100 5.0e-018
00940 225.0 002.2 0004.4 100 100 5.1e-018
01000 173.0 002.1 0004.3 100 100 5.3e-018
01060 224.0 001.4 0004.9 100 100 7.1e-019
01120 200.0 003.0 0004.7 100 100 9.3e-019
01180 203.0 004.4 0004.6 100 100 1.0e-018
01240 207.0 005.2 0004.5 100 100 1.0e-018
01300 215.0 006.1 0004.2 100 100 1.0e-018
01360 225.0 006.4 0004.3 100 100 9.8e-019
01420 228.0 007.1 0004.1 100 100 9.4e-019
01480 233.0 007.7 0003.8 100 100 9.0e-019
01540 247.0 013.3 0003.5 100 100 8.5e-019
01600 250.0 013.8 0003.4 100 100 8.6e-019
01660 250.0 014.2 0003.2 100 100 8.6e-019
01720 252.0 014.3 0003.0 100 100 8.4e-019
01780 254.0 014.5 0003.0 100 100 7.8e-019
01840 253.0 014.7 0003.1 100 100 7.8e-019
01900 239.0 015.8 0003.1 100 100 7.4e-019
01960 239.0 015.8 0003.2 100 100 7.2e-019
02020 241.0 015.7 0003.4 100 100 7.7e-019
02080 245.0 014.4 0003.4 100 100 6.6e-019
02140 237.0 014.4 0005.0 100 100 8.0e-019
02200 237.0 014.9 0004.9 100 100 8.4e-019
02260 236.0 015.4 0005.0 100 100 9.0e-019
02320 251.0 013.7 0005.1 100 100 7.1e-019
02380 242.0 014.2 0005.2 100 100 9.2e-019
02440 239.0 014.8 0005.3 100 100 9.9e-019
02500 233.0 015.7 0005.2 100 100 1.2e-018
02560 234.0 015.1 0005.2 100 100 1.2e-018
02620 232.0 014.7 0005.1 100 100 1.4e-018
02680 225.0 012.9 0005.2 100 100 1.0e-018
02740 232.0 014.7 0005.3 100 100 1.7e-018
02800 235.0 013.2 0005.3 100 100 1.6e-018
02860 232.0 014.2 0005.3 100 100 2.0e-018
02920 231.0 012.7 0005.4 100 100 2.2e-018
02980 228.0 013.3 0005.2 100 100 2.4e-018
03040 227.0 012.9 0005.2 100 100 2.6e-018
03100 226.0 013.1 0005.5 100 100 2.8e-018
03160 223.0 013.1 0005.5 100 100 2.9e-018
03220 229.0 012.5 0005.6 100 100 2.7e-018
03280 223.0 013.2 0006.0 100 100 3.0e-018
03340 239.0 014.7 0005.9 100 100 3.2e-018
03400 239.0 014.6 0006.0 100 100 3.8e-018
03460 244.0 012.9 0006.1 100 100 3.8e-018
03520 235.0 013.3 0006.3 100 100 4.9e-018
03580 238.0 012.4 0006.3 100 100 5.4e-018
03640 245.0 013.3 0006.4 100 100 5.9e-018
03700 246.0 013.7 0006.6 100 100 5.8e-018
03760 247.0 014.3 0006.8 100 100 6.0e-018
03820 250.0 013.9 0006.7 100 100 6.6e-018
03880 253.0 014.8 0006.7 100 100 6.4e-018
03940 254.0 015.5 0007.0 100 100 6.5e-018
04000 254.0 015.6 0006.9 100 100 6.7e-018
04060 256.0 016.8 0006.7 100 100 7.1e-018
04120 246.0 019.3 0006.1 100 100 6.7e-018
04180 250.0 020.3 0006.4 100 100 7.5e-018
04240 252.0 018.7 0006.4 100 100 7.0e-018
04300 252.0 020.6 0006.2 100 100 7.8e-018
04360 256.0 018.1 0006.2 100 100 6.1e-018
04420 255.0 021.0 0006.2 100 100 6.2e-018
04480 255.0 021.3 0006.0 100 100 5.2e-019
04540 256.0 021.1 0006.2 100 100 6.2e-018
04600 257.0 022.4 0006.3 100 100 6.5e-018
04660 255.0 022.7 0006.2 100 100 6.5e-018
04720 255.0 022.8 0005.7 100 100 7.3e-018
04780 252.0 022.7 0004.2 100 100 2.1e-018
04840 255.0 023.1 0004.0 100 100 2.1e-018
04900 244.0 023.3 0004.0 100 100 2.1e-018
04960 234.0 019.1 0003.9 100 100 3.0e-018
05020 236.0 020.4 0003.9 100 100 3.8e-019
05080 233.0 020.1 0003.6 100 100 5.0e-018
05140 235.0 020.1 0003.4 100 100 5.1e-018
05200 234.0 020.0 0003.0 100 100 4.7e-018
05260 235.0 019.7 0002.6 100 100 4.4e-018
05320 233.0 019.6 0002.2 100 100 4.5e-018
05380 234.0 019.8 0001.9 100 100 4.7e-018
05440 234.0 019.8 0001.8 100 100 4.2e-018
05500 234.0 019.8 0001.7 100 100 3.3e-018
05560 234.0 018.6 0001.5 100 100 2.4e-018
05620 235.0 017.5 0001.5 100 100 2.0e-018
05680 235.0 017.1 0001.5 100 100 1.8e-018
05740 234.0 016.9 0001.4 100 100 1.5e-018
05800 233.0 016.9 0001.3 100 100 1.3e-018
05860 231.0 016.9 0001.3 100 100 1.2e-018
05920 230.0 017.1 0001.3 100 100 1.0e-018
05980 228.0 017.2 0001.3 100 100 8.5e-019
NNNN
