WNDROBS 01.20
57793 0114.3600 027.7900 00130.0 LC 20130629050000
ROBS
00100 070.0 002.6 0000.0 100 100 1.8e-021
00160 069.0 002.6 -000.3 100 100 5.7e-021
00220 085.0 002.1 0000.0 100 100 1.1e-020
00280 103.0 002.1 0000.0 100 100 7.9e-021
00340 103.0 002.9 0000.1 100 100 4.7e-021
00400 104.0 003.2 0000.0 100 100 3.0e-021
00460 106.0 003.7 0000.2 100 100 2.0e-021
00520 170.0 002.2 0000.4 100 100 3.0e-021
00580 176.0 004.5 0000.5 100 100 1.3e-020
00640 183.0 004.3 0000.2 100 100 9.4e-020
00700 179.0 003.1 0000.1 100 100 9.5e-020
00760 189.0 002.6 0000.0 100 100 3.8e-020
00820 210.0 003.2 -000.0 100 100 2.0e-020
00880 234.0 005.2 0000.2 100 100 2.3e-020
00940 239.0 006.7 0000.1 100 100 3.7e-020
01000 243.0 008.7 0000.3 100 100 2.9e-020
01060 235.0 006.6 -000.1 100 100 1.2e-020
01120 233.0 007.9 -000.0 100 100 7.0e-021
01180 232.0 008.9 -000.1 100 100 4.5e-021
01240 233.0 009.9 -000.1 100 100 5.5e-021
01300 233.0 010.5 -000.1 100 100 8.0e-021
01360 233.0 011.3 -000.1 100 100 1.3e-020
01420 233.0 012.2 0000.0 100 100 1.9e-020
01480 231.0 012.2 -000.0 100 100 1.9e-020
01540 230.0 013.0 0000.1 100 100 3.2e-020
01600 232.0 013.7 0000.1 100 100 2.8e-020
01660 232.0 014.2 0000.3 100 100 2.9e-020
01720 236.0 015.1 0000.5 100 100 1.7e-020
01780 241.0 017.0 -000.2 100 100 5.0e-021
01840 240.0 015.3 -000.1 100 100 1.8e-021
01900 250.0 013.3 -000.0 100 100 1.7e-021
01960 244.0 013.4 -000.0 100 100 2.1e-021
02020 246.0 013.4 0000.2 100 100 6.7e-021
02080 246.0 014.8 0000.5 100 100 8.3e-021
02140 244.0 016.0 0000.3 100 100 2.3e-021
02200 250.0 015.1 0000.0 100 100 2.1e-021
02260 248.0 015.8 0000.1 100 100 3.4e-021
02320 246.0 016.0 0000.0 100 100 1.7e-021
02380 246.0 017.0 0001.1 100 100 2.4e-021
02440 240.0 016.5 0000.0 100 100 1.2e-021
02500 241.0 016.2 0000.0 100 100 2.4e-021
02560 249.0 015.3 0000.0 100 100 2.1e-021
02620 242.0 014.5 0000.0 100 100 1.5e-021
02680 242.0 014.6 0000.1 100 100 4.4e-021
02740 242.0 014.6 0000.0 100 100 5.1e-021
02800 243.0 014.7 0000.0 100 100 8.1e-021
02860 246.0 014.7 -000.0 100 100 5.6e-021
02920 247.0 014.4 -000.1 100 100 5.3e-021
02980 246.0 014.5 -000.0 100 100 6.1e-021
03040 245.0 014.5 0000.0 100 100 3.9e-021
03100 247.0 014.6 0000.0 100 100 2.3e-021
03160 239.0 014.7 0000.0 100 100 3.9e-021
03220 252.0 013.6 0000.0 100 100 2.9e-021
03280 218.0 020.1 0000.0 100 100 1.5e-021
03340 213.0 018.8 0000.0 100 100 1.3e-021
03400 216.0 019.2 0000.0 100 100 4.4e-021
03460 214.0 018.7 0000.0 100 100 1.9e-021
03520 214.0 019.1 0000.0 100 100 2.2e-021
03580 216.0 019.6 0000.0 100 100 2.9e-021
03640 ///// ///// 0000.0 000 000 4.1e-021
03700 ///// ///// 0000.0 000 000 6.2e-021
03760 ///// ///// 0000.0 000 000 4.8e-021
03820 ///// ///// 0000.0 000 000 1.5e-021
03880 ///// ///// 0000.1 000 000 6.8e-021
03940 ///// ///// 0000.6 000 000 1.8e-021
04000 ///// ///// 0000.0 000 000 4.9e-021
04060 ///// ///// 0000.0 000 000 4.7e-021
04120 ///// ///// 0000.0 000 000 1.6e-021
04180 ///// ///// 0000.0 000 000 4.6e-021
04240 ///// ///// 0000.0 000 000 1.8e-021
04300 ///// ///// -000.2 000 000 6.0e-021
04360 ///// ///// 0000.0 000 000 1.4e-021
04420 ///// ///// -000.9 000 000 1.3e-021
04480 ///// ///// 0000.0 000 000 4.8e-021
04540 ///// ///// 0000.0 000 000 1.6e-021
04600 ///// ///// 0000.0 000 000 5.5e-021
04660 ///// ///// 0000.0 000 000 6.1e-021
04720 ///// ///// 0000.0 000 000 7.9e-021
04780 ///// ///// 0000.0 000 000 1.2e-021
04840 ///// ///// 0000.0 000 000 1.5e-021
04900 ///// ///// 0000.0 000 000 1.9e-021
04960 ///// ///// 0000.4 000 000 3.5e-021
05020 ///// ///// 0000.0 000 000 4.4e-021
05080 ///// ///// 0000.0 000 000 8.9e-022
05140 ///// ///// -001.3 000 000 1.4e-021
05200 ///// ///// 0000.0 000 000 2.6e-021
05260 ///// ///// 0000.0 000 000 4.8e-021
05320 ///// ///// -000.9 000 000 3.8e-021
05380 ///// ///// -001.4 000 000 5.9e-021
05440 ///// ///// 0000.0 000 000 2.2e-021
05500 ///// ///// 0001.0 000 000 1.7e-021
05560 ///// ///// -000.6 000 000 2.6e-021
05620 ///// ///// 0000.0 000 000 3.0e-021
05680 ///// ///// -000.2 000 000 5.5e-021
05740 ///// ///// 0000.0 000 000 5.0e-021
05800 ///// ///// 0000.0 000 000 2.2e-021
05860 ///// ///// -000.2 000 000 8.1e-021
05920 ///// ///// 0000.0 000 000 6.0e-021
05980 ///// ///// 0000.0 000 000 3.9e-021
NNNN
