WNDROBS 01.20
57793 0114.3600 027.7900 00130.0 LC 20130628043000
ROBS
00100 064.0 007.5 0002.1 100 100 1.4e-019
00160 072.0 008.0 0002.4 100 100 1.5e-018
00220 068.0 006.3 0002.3 100 100 9.3e-019
00280 078.0 007.2 0002.3 100 100 9.8e-019
00340 084.0 006.1 0002.0 100 100 8.4e-019
00400 042.0 005.1 0001.9 100 100 6.2e-019
00460 030.0 004.4 0002.3 100 100 6.2e-019
00520 025.0 004.2 0002.3 100 100 6.7e-019
00580 019.0 004.2 0002.1 100 100 6.3e-019
00640 270.0 003.4 0001.8 100 100 4.5e-019
00700 255.0 003.2 0001.7 100 100 4.2e-019
00760 247.0 004.4 0001.7 100 100 2.9e-019
00820 252.0 004.3 0001.7 100 100 2.7e-019
00880 253.0 002.3 0001.5 100 100 2.4e-019
00940 240.0 001.5 0001.3 100 100 1.4e-019
01000 230.0 003.5 0000.6 100 100 1.7e-019
01060 245.0 003.5 0001.2 100 100 1.9e-020
01120 254.0 005.4 0001.1 100 100 1.6e-020
01180 251.0 005.8 0001.1 100 100 1.4e-020
01240 239.0 007.3 0000.5 100 100 2.2e-020
01300 190.0 009.9 0000.4 100 100 1.1e-020
01360 201.0 006.5 0000.8 100 100 8.0e-021
01420 180.0 006.1 0000.7 100 100 6.7e-021
01480 195.0 006.5 0000.6 100 100 9.5e-021
01540 182.0 006.4 0000.4 100 100 1.1e-020
01600 195.0 007.5 0000.4 100 100 7.7e-021
01660 212.0 007.7 0000.7 100 100 7.9e-021
01720 219.0 008.3 0000.7 100 100 1.2e-020
01780 217.0 009.4 0000.8 100 100 2.0e-020
01840 221.0 009.0 0000.9 100 100 1.7e-020
01900 213.0 008.0 0001.0 100 100 2.2e-020
01960 233.0 002.5 0000.9 100 100 3.6e-020
02020 224.0 002.8 0000.5 100 100 5.5e-020
02080 225.0 003.5 0000.5 100 100 7.2e-020
02140 231.0 002.4 0000.6 100 100 6.8e-020
02200 233.0 002.4 0000.8 100 100 9.0e-020
02260 248.0 001.0 0000.7 100 100 1.3e-019
02320 256.0 000.7 0000.6 100 100 1.4e-019
02380 249.0 000.8 0002.3 100 100 1.5e-019
02440 253.0 001.9 0001.2 100 100 1.6e-019
02500 252.0 001.6 0003.9 100 100 8.2e-020
02560 241.0 001.8 0003.0 100 100 1.1e-019
02620 250.0 001.6 0002.6 100 100 1.3e-019
02680 247.0 002.1 0002.5 100 100 1.2e-019
02740 248.0 002.2 0002.8 100 100 1.2e-019
02800 241.0 002.5 0002.8 100 100 1.1e-019
02860 244.0 002.6 0003.0 100 100 1.1e-019
02920 250.0 001.8 0002.9 100 100 7.9e-020
02980 269.0 001.3 0003.1 100 100 6.9e-020
03040 275.0 001.9 0002.7 100 100 8.8e-020
03100 278.0 001.8 0003.2 100 100 8.2e-020
03160 250.0 002.8 0001.9 100 100 1.2e-019
03220 227.0 002.8 0002.7 100 100 1.9e-019
03280 228.0 004.0 0002.3 100 100 2.2e-019
03340 230.0 003.6 0002.0 100 100 3.1e-019
03400 231.0 003.7 0002.5 100 100 2.9e-019
03460 230.0 003.2 0002.5 100 100 2.4e-019
03520 229.0 004.7 0002.5 100 100 2.3e-019
03580 270.0 003.0 0002.3 100 100 2.0e-019
03640 233.0 003.5 0002.3 100 100 2.5e-019
03700 229.0 003.4 0002.2 100 100 2.0e-019
03760 233.0 002.8 0002.1 100 100 2.1e-019
03820 275.0 009.7 0002.1 100 100 2.1e-019
03880 270.0 012.4 0002.1 100 100 1.8e-019
03940 ///// ///// 0002.1 000 000 2.0e-019
04000 ///// ///// 0002.1 000 000 1.7e-019
04060 ///// ///// 0002.1 000 000 1.8e-019
04120 ///// ///// 0001.9 000 000 1.9e-019
04180 ///// ///// 0001.9 000 000 2.1e-019
04240 ///// ///// 0001.6 000 000 1.6e-019
04300 ///// ///// 0001.5 000 000 1.5e-019
04360 ///// ///// 0001.4 000 000 1.0e-019
04420 ///// ///// 0001.2 000 000 1.2e-019
04480 ///// ///// 0001.1 000 000 1.1e-019
04540 ///// ///// 0001.3 000 000 1.0e-019
04600 ///// ///// 0000.1 000 000 1.2e-019
04660 ///// ///// 0000.6 000 000 1.0e-019
04720 ///// ///// 0000.4 000 000 8.4e-020
04780 ///// ///// 0000.2 000 000 5.0e-020
04840 257.0 009.2 0000.0 100 100 6.2e-020
04900 262.0 008.7 0000.0 100 100 5.1e-020
04960 262.0 008.8 -000.1 100 100 7.7e-020
05020 256.0 009.4 -000.7 100 100 6.0e-020
05080 255.0 009.6 0000.0 100 100 4.9e-020
05140 253.0 009.7 0000.2 100 100 5.6e-020
05200 254.0 009.7 0000.0 100 100 6.0e-020
05260 263.0 010.0 -000.2 100 100 6.0e-020
05320 264.0 011.6 0000.0 100 100 5.8e-020
05380 261.0 011.5 -000.6 100 100 5.7e-020
05440 270.0 011.5 0000.0 100 100 5.5e-020
05500 272.0 011.6 0000.1 100 100 6.2e-020
05560 282.0 012.1 0000.0 100 100 5.1e-020
05620 267.0 013.2 0000.0 100 100 1.6e-020
05680 255.0 015.3 0000.0 100 100 4.1e-020
05740 249.0 019.5 0000.8 100 100 2.3e-020
05800 234.0 014.6 0000.8 100 100 3.7e-020
05860 231.0 011.4 0000.6 100 100 5.8e-020
05920 240.0 011.9 0000.0 100 100 6.1e-020
05980 242.0 013.0 0000.0 100 100 5.1e-020
NNNN
