WNDROBS 01.20
57793 0114.3600 027.7900 00130.0 LC 20130628054000
ROBS
00100 078.0 003.5 0003.6 100 100 6.9e-019
00160 075.0 003.9 0004.0 100 100 3.0e-018
00220 053.0 004.1 0003.8 100 100 3.0e-018
00280 040.0 001.9 0004.3 100 100 2.9e-018
00340 037.0 001.1 0004.5 100 100 3.4e-018
00400 016.0 001.0 0004.6 100 100 3.4e-018
00460 042.0 001.5 0004.8 100 100 3.3e-018
00520 066.0 001.5 0004.9 100 100 3.7e-018
00580 076.0 001.5 0005.1 100 100 3.4e-018
00640 093.0 001.6 0005.1 100 100 2.8e-018
00700 117.0 002.7 0005.2 100 100 2.6e-018
00760 135.0 002.9 0005.3 100 100 2.3e-018
00820 175.0 001.9 0005.2 100 100 2.1e-018
00880 218.0 002.7 0005.2 100 100 1.9e-018
00940 226.0 004.0 0005.0 100 100 1.8e-018
01000 233.0 005.3 0004.7 100 100 1.5e-018
01060 196.0 004.6 0005.4 100 100 3.8e-019
01120 224.0 006.7 0005.3 100 100 6.2e-019
01180 225.0 007.6 0005.0 100 100 5.9e-019
01240 229.0 008.5 0004.9 100 100 5.4e-019
01300 229.0 009.2 0004.8 100 100 4.8e-019
01360 229.0 010.2 0004.7 100 100 4.7e-019
01420 228.0 011.0 0004.6 100 100 4.6e-019
01480 229.0 011.9 0004.5 100 100 4.4e-019
01540 229.0 012.7 0004.5 100 100 4.3e-019
01600 232.0 013.1 0004.5 100 100 4.4e-019
01660 234.0 013.1 0004.5 100 100 4.2e-019
01720 234.0 013.2 0004.4 100 100 4.2e-019
01780 235.0 013.2 0004.4 100 100 3.9e-019
01840 235.0 013.4 0004.2 100 100 3.7e-019
01900 235.0 013.3 0004.2 100 100 3.4e-019
01960 235.0 013.1 0004.2 100 100 3.3e-019
02020 235.0 012.7 0004.2 100 100 3.2e-019
02080 236.0 011.9 0004.2 100 100 3.1e-019
02140 235.0 011.8 0004.4 100 100 3.0e-019
02200 235.0 011.7 0004.2 100 100 3.0e-019
02260 235.0 011.7 0004.2 100 100 3.0e-019
02320 234.0 011.9 0004.2 100 100 2.9e-019
02380 236.0 011.8 0004.2 100 100 3.0e-019
02440 236.0 012.1 0004.2 100 100 2.8e-019
02500 236.0 012.2 0004.2 100 100 2.8e-019
02560 234.0 012.1 0004.2 100 100 2.7e-019
02620 233.0 012.2 0004.3 100 100 2.6e-019
02680 232.0 011.9 0004.2 100 100 2.6e-019
02740 244.0 010.2 0004.2 100 100 1.2e-019
02800 232.0 011.3 0004.2 100 100 2.2e-019
02860 232.0 011.0 0004.1 100 100 2.1e-019
02920 232.0 010.7 0004.1 100 100 2.0e-019
02980 233.0 010.8 0004.2 100 100 1.9e-019
03040 232.0 010.9 0004.1 100 100 1.7e-019
03100 229.0 010.9 0004.1 100 100 1.9e-019
03160 227.0 010.7 0004.1 100 100 1.7e-019
03220 225.0 009.5 0004.1 100 100 1.6e-019
03280 228.0 008.8 0004.1 100 100 1.5e-019
03340 228.0 008.0 0004.2 100 100 1.4e-019
03400 230.0 007.6 0004.2 100 100 1.6e-019
03460 232.0 008.1 0004.3 100 100 1.4e-019
03520 236.0 007.4 0004.2 100 100 1.5e-019
03580 240.0 007.7 0004.3 100 100 1.6e-019
03640 245.0 008.3 0004.3 100 100 1.6e-019
03700 249.0 008.5 0004.4 100 100 1.7e-019
03760 250.0 008.8 0004.4 100 100 1.7e-019
03820 247.0 009.3 0004.4 100 100 1.6e-019
03880 246.0 009.8 0004.4 100 100 1.5e-019
03940 245.0 010.9 0004.4 100 100 1.5e-019
04000 245.0 011.2 0004.5 100 100 1.4e-019
04060 246.0 012.1 0004.6 100 100 1.6e-019
04120 241.0 011.0 0004.5 100 100 1.5e-019
04180 246.0 012.2 0004.4 100 100 1.4e-019
04240 242.0 011.1 0004.5 100 100 1.4e-019
04300 245.0 013.0 0004.4 100 100 1.7e-019
04360 248.0 014.0 0004.6 100 100 1.4e-019
04420 247.0 013.9 0004.5 100 100 1.5e-019
04480 246.0 013.1 0004.5 100 100 1.4e-019
04540 249.0 015.5 0004.3 100 100 1.7e-019
04600 250.0 017.3 0004.3 100 100 1.5e-019
04660 247.0 018.0 0004.3 100 100 1.1e-019
04720 247.0 017.8 0004.1 100 100 1.2e-019
04780 245.0 017.4 0001.4 100 100 4.5e-020
04840 243.0 018.0 0001.4 100 100 4.8e-020
04900 237.0 019.5 0001.3 100 100 8.4e-020
04960 228.0 017.9 0001.3 100 100 1.1e-019
05020 227.0 018.8 0001.4 100 100 1.5e-019
05080 225.0 017.1 0001.3 100 100 1.4e-019
05140 232.0 017.5 0001.2 100 100 1.5e-019
05200 232.0 018.5 0001.2 100 100 1.6e-019
05260 231.0 018.9 0001.2 100 100 1.6e-019
05320 228.0 019.5 0001.2 100 100 1.6e-019
05380 223.0 020.3 0001.3 100 100 9.8e-020
05440 222.0 019.9 0001.4 100 100 8.7e-020
05500 217.0 017.9 0001.5 100 100 6.8e-020
05560 221.0 018.7 0001.6 100 100 6.1e-020
05620 224.0 019.5 0001.5 100 100 5.7e-020
05680 226.0 019.4 0001.7 100 100 6.4e-020
05740 228.0 018.9 0001.6 100 100 7.4e-020
05800 231.0 018.1 0001.8 100 100 7.3e-020
05860 227.0 018.7 0001.7 100 100 6.5e-020
05920 225.0 019.3 0001.7 100 100 8.0e-020
05980 225.0 019.4 0001.7 100 100 7.6e-020
NNNN
