WNDROBS 01.20
57793 0114.3600 027.7900 00130.0 LC 20130629032000
ROBS
00100 050.0 001.7 0002.3 100 100 7.1e-022
00160 112.0 001.7 0002.6 100 100 2.9e-021
00220 117.0 001.4 0002.5 100 100 2.9e-021
00280 149.0 002.5 -000.1 100 100 5.7e-021
00340 137.0 001.8 -000.0 100 100 5.8e-021
00400 121.0 002.4 -000.2 100 100 7.1e-021
00460 128.0 003.1 -000.2 100 100 1.5e-020
00520 122.0 005.8 -000.1 100 100 2.3e-020
00580 180.0 003.6 -000.2 100 100 2.4e-020
00640 214.0 004.2 -000.1 100 100 1.9e-020
00700 228.0 007.1 -000.3 100 100 2.4e-020
00760 229.0 008.6 -000.1 100 100 5.3e-020
00820 231.0 010.0 -000.0 100 100 1.9e-020
00880 231.0 010.8 0000.0 100 100 3.2e-021
00940 228.0 010.7 0000.0 100 100 3.8e-021
01000 223.0 012.0 0000.0 100 100 4.5e-021
01060 222.0 011.3 -000.1 100 100 1.1e-021
01120 230.0 011.8 -000.1 100 100 2.3e-021
01180 232.0 012.1 -000.0 100 100 9.0e-021
01240 232.0 013.1 0000.0 100 100 1.5e-020
01300 233.0 013.8 0000.0 100 100 1.8e-020
01360 234.0 015.2 0000.1 100 100 1.7e-020
01420 237.0 016.4 0000.2 100 100 2.1e-020
01480 238.0 017.4 0000.4 100 100 3.5e-020
01540 240.0 018.6 0000.4 100 100 2.2e-020
01600 241.0 019.6 0000.5 100 100 3.4e-021
01660 244.0 017.7 0000.4 100 100 1.6e-021
01720 242.0 017.8 0000.3 100 100 1.8e-021
01780 247.0 018.0 0000.3 100 100 2.6e-021
01840 240.0 017.7 0000.0 100 100 1.8e-021
01900 253.0 016.1 0000.3 100 100 1.5e-021
01960 250.0 013.9 0000.0 100 100 1.5e-021
02020 249.0 014.1 0000.0 100 100 1.5e-021
02080 249.0 014.2 0000.0 100 100 1.3e-021
02140 247.0 014.8 -000.5 100 100 1.8e-021
02200 245.0 014.4 0000.0 100 100 1.8e-021
02260 243.0 015.4 0000.0 100 100 2.0e-021
02320 241.0 014.8 -000.1 100 100 2.5e-021
02380 244.0 014.5 -001.1 100 100 2.1e-021
02440 244.0 014.7 -000.5 100 100 2.4e-021
02500 261.0 014.0 -000.3 100 100 1.7e-021
02560 249.0 014.8 0000.0 100 100 1.3e-021
02620 253.0 014.2 0000.3 100 100 2.1e-021
02680 257.0 013.2 0000.1 100 100 1.9e-021
02740 257.0 012.4 0000.0 100 100 1.5e-021
02800 258.0 015.1 0000.0 100 100 1.8e-021
02860 255.0 011.3 -000.7 100 100 1.5e-021
02920 247.0 008.8 0000.0 100 100 7.8e-022
02980 237.0 005.4 0000.0 100 100 4.3e-022
03040 234.0 005.6 0000.0 100 100 1.3e-021
03100 249.0 009.2 0000.0 100 100 5.2e-022
03160 ///// ///// 0000.0 000 000 1.6e-021
03220 224.0 006.1 0000.0 100 100 1.8e-021
03280 224.0 006.2 0000.0 100 100 2.0e-021
03340 ///// ///// 0000.0 000 000 2.3e-021
03400 ///// ///// 0000.0 000 000 9.3e-022
03460 ///// ///// 0000.0 000 000 7.8e-022
03520 ///// ///// 0000.0 000 000 1.6e-021
03580 ///// ///// 0000.0 000 000 8.1e-022
03640 ///// ///// 0000.0 000 000 3.2e-021
03700 ///// ///// 0000.0 000 000 1.7e-021
03760 ///// ///// 0000.0 000 000 1.2e-021
03820 ///// ///// -000.7 000 000 2.5e-021
03880 ///// ///// 0000.0 000 000 1.0e-021
03940 ///// ///// 0000.0 000 000 2.0e-021
04000 ///// ///// 0000.0 000 000 1.2e-021
04060 ///// ///// 0000.0 000 000 2.8e-021
04120 ///// ///// 0000.0 000 000 8.6e-022
04180 ///// ///// 0000.0 000 000 1.3e-021
04240 ///// ///// 0000.0 000 000 7.4e-022
04300 ///// ///// 0000.0 000 000 1.7e-021
04360 ///// ///// 0000.0 000 000 2.6e-021
04420 ///// ///// -000.2 000 000 4.9e-021
04480 ///// ///// -000.4 000 000 5.0e-021
04540 ///// ///// 0000.0 000 000 3.7e-021
04600 ///// ///// -000.8 000 000 8.5e-021
04660 ///// ///// 0000.3 000 000 9.6e-021
04720 ///// ///// -000.7 000 000 2.4e-021
04780 ///// ///// 0000.0 000 000 4.0e-021
04840 ///// ///// 0000.0 000 000 9.1e-022
04900 ///// ///// 0000.0 000 000 1.5e-021
04960 ///// ///// -001.2 000 000 4.2e-021
05020 ///// ///// 0000.0 000 000 2.0e-021
05080 ///// ///// 0000.0 000 000 3.2e-021
05140 ///// ///// -001.0 000 000 3.9e-021
05200 ///// ///// 0000.0 000 000 3.3e-021
05260 ///// ///// 0000.0 000 000 2.3e-021
05320 ///// ///// 0000.0 000 000 1.4e-021
05380 ///// ///// 0000.0 000 000 3.3e-021
05440 ///// ///// 0000.0 000 000 1.4e-021
05500 ///// ///// 0000.0 000 000 2.5e-021
05560 ///// ///// 0000.0 000 000 2.1e-021
05620 ///// ///// 0000.4 000 000 5.3e-021
05680 ///// ///// -001.6 000 000 5.2e-021
05740 ///// ///// 0000.0 000 000 1.7e-021
05800 ///// ///// 0000.0 000 000 4.7e-021
05860 ///// ///// 0000.0 000 000 2.0e-021
05920 ///// ///// 0000.0 000 000 2.0e-021
05980 ///// ///// 0000.0 000 000 1.8e-021
NNNN
