WNDROBS 01.20
57793 0114.3600 027.7900 00130.0 LC 20130629133000
ROBS
00100 105.0 006.1 0001.6 100 100 3.1e-021
00160 105.0 006.6 -000.3 100 100 1.3e-020
00220 109.0 006.2 0000.1 100 100 1.4e-020
00280 111.0 006.4 -000.0 100 100 1.1e-020
00340 128.0 004.4 0000.0 100 100 1.7e-020
00400 129.0 004.8 0000.2 100 100 2.5e-020
00460 147.0 007.2 0000.1 100 100 6.7e-020
00520 154.0 008.4 -000.2 100 100 2.1e-020
00580 155.0 010.0 0000.0 100 100 4.0e-021
00640 158.0 009.9 0000.5 100 100 2.8e-021
00700 155.0 011.5 0000.2 100 100 4.4e-021
00760 170.0 011.5 -000.0 100 100 6.2e-021
00820 169.0 011.7 0000.0 100 100 1.5e-020
00880 172.0 013.4 -000.0 100 100 2.5e-020
00940 171.0 011.6 -000.2 100 100 1.2e-019
01000 176.0 011.1 -000.2 100 100 8.4e-020
01060 176.0 010.7 -000.3 100 100 3.2e-020
01120 185.0 008.9 -000.3 100 100 2.6e-020
01180 186.0 007.7 -000.0 100 100 4.4e-020
01240 194.0 008.2 0000.1 100 100 4.5e-020
01300 201.0 007.8 -000.1 100 100 6.5e-020
01360 203.0 007.6 -000.2 100 100 2.8e-020
01420 205.0 007.2 -000.4 100 100 1.4e-020
01480 198.0 005.6 -000.4 100 100 1.8e-020
01540 203.0 005.9 -000.3 100 100 2.5e-020
01600 208.0 005.9 -000.1 100 100 2.5e-020
01660 205.0 005.8 0000.1 100 100 1.5e-020
01720 213.0 006.2 0000.1 100 100 1.3e-020
01780 213.0 006.9 -000.3 100 100 1.6e-020
01840 211.0 007.2 -000.4 100 100 1.9e-020
01900 219.0 008.3 -000.4 100 100 2.0e-020
01960 228.0 009.0 -000.2 100 100 1.6e-020
02020 231.0 008.9 -000.5 100 100 1.2e-020
02080 228.0 009.6 -000.4 100 100 9.0e-021
02140 232.0 009.3 -000.4 100 100 6.2e-021
02200 229.0 010.0 -000.1 100 100 3.8e-021
02260 222.0 011.3 -000.2 100 100 3.9e-021
02320 226.0 011.4 -000.1 100 100 3.1e-021
02380 224.0 010.8 -000.1 100 100 2.3e-021
02440 225.0 011.3 -000.3 100 100 2.5e-021
02500 223.0 010.5 -000.2 100 100 3.7e-021
02560 223.0 010.2 0000.6 100 100 3.3e-021
02620 227.0 011.1 0000.0 100 100 1.7e-021
02680 237.0 010.7 0000.0 100 100 1.8e-021
02740 237.0 010.7 -000.1 100 100 1.8e-021
02800 239.0 011.2 0000.0 100 100 2.0e-021
02860 237.0 010.7 0000.0 100 100 2.2e-021
02920 236.0 010.5 -000.2 100 100 2.1e-021
02980 257.0 008.7 0000.0 100 100 1.8e-021
03040 266.0 008.9 0000.0 100 100 2.7e-021
03100 261.0 009.0 0000.0 100 100 9.2e-022
03160 261.0 009.3 0000.0 100 100 2.3e-021
03220 256.0 009.0 -000.2 100 100 3.6e-021
03280 239.0 010.0 0000.1 100 100 5.3e-021
03340 233.0 011.0 0000.0 100 100 3.9e-021
03400 243.0 009.6 0000.2 100 100 4.9e-021
03460 245.0 009.5 0000.0 100 100 3.8e-021
03520 236.0 009.7 0000.0 100 100 3.6e-021
03580 241.0 009.6 0000.0 100 100 4.3e-021
03640 240.0 009.2 -001.1 100 100 4.7e-021
03700 270.0 008.0 0000.0 100 100 2.7e-021
03760 270.0 008.1 0000.0 100 100 4.1e-021
03820 271.0 008.2 0000.0 100 100 3.7e-021
03880 271.0 008.3 0000.0 100 100 3.1e-021
03940 270.0 008.5 -000.8 100 100 3.3e-021
04000 ///// ///// -000.9 000 000 2.3e-021
04060 ///// ///// 0000.0 000 000 2.0e-021
04120 ///// ///// 0000.0 000 000 1.2e-021
04180 ///// ///// 0000.0 000 000 1.3e-021
04240 ///// ///// 0000.0 000 000 2.0e-021
04300 ///// ///// 0000.0 000 000 2.5e-021
04360 ///// ///// -001.1 000 000 2.6e-021
04420 ///// ///// -000.1 000 000 2.7e-021
04480 ///// ///// 0000.0 000 000 6.8e-022
04540 ///// ///// 0000.0 000 000 2.3e-021
04600 ///// ///// -000.2 000 000 4.0e-021
04660 ///// ///// -000.2 000 000 4.9e-021
04720 ///// ///// 0000.0 000 000 4.6e-021
04780 ///// ///// 0000.0 000 000 1.2e-021
04840 ///// ///// 0000.0 000 000 8.6e-022
04900 ///// ///// -000.2 000 000 4.1e-021
04960 ///// ///// -000.2 000 000 4.4e-021
05020 ///// ///// 0000.0 000 000 4.1e-021
05080 ///// ///// -000.1 000 000 3.7e-021
05140 ///// ///// 0000.0 000 000 3.6e-021
05200 ///// ///// -000.4 000 000 2.0e-021
05260 ///// ///// -000.5 000 000 3.7e-021
05320 ///// ///// 0000.4 000 000 4.7e-021
05380 ///// ///// -000.0 000 000 3.6e-021
05440 ///// ///// 0000.0 000 000 1.9e-021
05500 ///// ///// 0000.4 000 000 1.6e-021
05560 ///// ///// 0000.0 000 000 3.1e-021
05620 ///// ///// -001.2 000 000 4.8e-021
05680 ///// ///// 0000.4 000 000 3.6e-021
05740 ///// ///// 0000.0 000 000 4.7e-021
05800 ///// ///// 0000.0 000 000 3.4e-021
05860 ///// ///// 0000.0 000 000 1.5e-021
05920 ///// ///// 0000.0 000 000 2.3e-021
05980 ///// ///// 0000.0 000 000 5.4e-021
NNNN
