WNDROBS 01.20
57793 0114.3600 027.7900 00130.0 LC 20130629130000
ROBS
00100 075.0 005.7 -000.3 100 100 1.3e-020
00160 076.0 006.4 -000.3 100 100 5.5e-020
00220 081.0 006.2 -000.2 100 100 4.4e-020
00280 085.0 005.3 -000.1 100 100 2.2e-020
00340 112.0 005.1 0000.0 100 100 1.4e-020
00400 108.0 006.2 -000.2 100 100 2.9e-020
00460 129.0 007.0 -000.2 100 100 3.8e-020
00520 143.0 008.0 -000.2 100 100 1.1e-019
00580 154.0 008.4 -000.1 100 100 8.1e-021
00640 167.0 010.4 -000.2 100 100 4.8e-021
00700 167.0 011.8 -000.7 100 100 7.7e-021
00760 170.0 012.4 -000.4 100 100 1.2e-020
00820 173.0 012.8 -000.6 100 100 1.6e-020
00880 175.0 014.6 -000.3 100 100 2.2e-020
00940 177.0 013.6 -000.4 100 100 3.2e-020
01000 179.0 012.9 -000.2 100 100 3.3e-020
01060 178.0 012.5 -000.2 100 100 9.4e-021
01120 177.0 009.7 0000.1 100 100 4.0e-021
01180 174.0 010.3 -000.0 100 100 1.2e-020
01240 179.0 008.8 -000.2 100 100 1.4e-020
01300 183.0 008.2 -000.0 100 100 3.8e-020
01360 188.0 007.8 0000.2 100 100 2.9e-020
01420 191.0 006.8 -001.6 100 100 1.4e-020
01480 193.0 006.7 -000.2 100 100 2.4e-020
01540 199.0 005.7 -000.0 100 100 1.6e-020
01600 197.0 006.0 -000.2 100 100 1.3e-020
01660 202.0 005.5 -000.1 100 100 1.4e-020
01720 203.0 006.5 -000.2 100 100 1.6e-020
01780 216.0 006.2 -000.0 100 100 1.1e-020
01840 223.0 007.2 -000.2 100 100 8.0e-021
01900 223.0 006.9 -000.1 100 100 1.1e-020
01960 230.0 008.0 -000.3 100 100 1.3e-020
02020 230.0 008.5 -000.3 100 100 1.6e-020
02080 227.0 008.7 -000.4 100 100 2.3e-020
02140 227.0 009.6 -000.4 100 100 3.1e-020
02200 224.0 010.5 -000.5 100 100 2.3e-020
02260 223.0 011.2 -000.7 100 100 7.5e-021
02320 221.0 011.3 -000.2 100 100 4.8e-021
02380 224.0 010.7 -000.2 100 100 2.9e-021
02440 223.0 010.2 -000.3 100 100 4.7e-021
02500 222.0 009.7 0001.8 100 100 6.0e-021
02560 228.0 011.0 -000.2 100 100 7.0e-021
02620 230.0 010.6 -000.1 100 100 8.2e-021
02680 234.0 010.7 0000.0 100 100 3.8e-021
02740 235.0 010.3 0000.0 100 100 4.5e-021
02800 233.0 011.4 0000.0 100 100 4.3e-021
02860 233.0 011.5 0001.0 100 100 4.3e-021
02920 234.0 011.4 0000.0 100 100 3.1e-021
02980 233.0 011.7 0000.0 100 100 1.2e-021
03040 244.0 010.7 0000.0 100 100 3.5e-021
03100 244.0 010.8 0000.0 100 100 5.8e-021
03160 243.0 009.8 0000.0 100 100 4.5e-021
03220 247.0 010.3 0000.0 100 100 4.4e-021
03280 253.0 010.4 0000.0 100 100 1.5e-021
03340 242.0 010.5 0000.0 100 100 1.3e-021
03400 241.0 011.0 0000.0 100 100 2.8e-021
03460 242.0 011.1 0000.0 100 100 3.7e-021
03520 234.0 005.8 0000.0 100 100 2.3e-021
03580 248.0 007.4 0000.0 100 100 3.2e-022
03640 268.0 005.1 0000.0 100 100 2.3e-021
03700 269.0 003.3 -000.9 100 100 8.0e-022
03760 ///// ///// -000.0 000 000 2.3e-021
03820 ///// ///// 0000.0 000 000 1.8e-021
03880 ///// ///// 0000.1 000 000 2.4e-021
03940 265.0 002.6 0000.0 100 100 2.5e-021
04000 268.0 004.4 0000.0 100 100 2.3e-021
04060 333.0 004.8 0000.2 100 100 2.4e-021
04120 ///// ///// 0000.0 000 000 6.9e-022
04180 327.0 004.6 0000.0 100 100 2.4e-021
04240 ///// ///// 0000.0 000 000 8.7e-022
04300 ///// ///// 0000.0 000 000 2.8e-021
04360 ///// ///// 0000.0 000 000 3.1e-021
04420 ///// ///// 0000.0 000 000 4.4e-021
04480 ///// ///// 0000.0 000 000 2.6e-021
04540 ///// ///// 0000.0 000 000 1.2e-021
04600 ///// ///// -000.6 000 000 1.6e-021
04660 ///// ///// -000.5 000 000 3.7e-021
04720 ///// ///// -000.2 000 000 1.4e-021
04780 ///// ///// 0000.0 000 000 3.1e-021
04840 ///// ///// 0000.0 000 000 3.8e-021
04900 ///// ///// 0000.0 000 000 3.6e-021
04960 ///// ///// 0000.0 000 000 3.3e-021
05020 ///// ///// 0000.0 000 000 3.7e-021
05080 ///// ///// 0000.0 000 000 4.4e-021
05140 ///// ///// 0000.0 000 000 4.0e-021
05200 ///// ///// 0000.0 000 000 3.0e-021
05260 ///// ///// -000.4 000 000 5.4e-021
05320 ///// ///// 0000.0 000 000 4.1e-021
05380 ///// ///// -001.1 000 000 4.4e-021
05440 ///// ///// 0000.2 000 000 1.6e-021
05500 ///// ///// 0000.0 000 000 3.8e-021
05560 ///// ///// 0000.0 000 000 2.5e-021
05620 ///// ///// -000.4 000 000 4.0e-021
05680 ///// ///// 0000.0 000 000 4.0e-021
05740 ///// ///// 0003.1 000 000 5.3e-021
05800 ///// ///// 0000.0 000 000 4.1e-021
05860 ///// ///// 0000.0 000 000 3.9e-021
05920 ///// ///// 0000.0 000 000 4.4e-022
05980 ///// ///// 0000.0 000 000 5.8e-021
NNNN
