WNDROBS 01.20
57793 0114.3600 027.7900 00130.0 LC 20130629062000
ROBS
00100 163.0 006.9 -000.5 100 100 1.5e-021
00160 153.0 004.4 -000.4 100 100 2.3e-021
00220 154.0 004.4 -000.3 100 100 1.5e-021
00280 086.0 003.3 -000.2 100 100 1.4e-021
00340 097.0 003.2 -000.2 100 100 1.5e-021
00400 096.0 003.6 -000.5 100 100 2.5e-021
00460 096.0 003.6 -000.6 100 100 4.6e-021
00520 103.0 003.2 -000.5 100 100 8.7e-021
00580 136.0 003.3 -000.4 100 100 1.8e-020
00640 165.0 005.8 -000.2 100 100 1.1e-019
00700 167.0 005.7 -000.0 100 100 6.9e-020
00760 175.0 004.0 0000.2 100 100 2.2e-020
00820 178.0 004.0 0000.2 100 100 3.3e-020
00880 205.0 003.4 0000.2 100 100 4.8e-020
00940 227.0 004.1 0001.5 100 100 1.3e-020
01000 224.0 006.0 0000.5 100 100 5.8e-021
01060 222.0 005.2 0000.1 100 100 1.5e-021
01120 225.0 006.9 0000.1 100 100 4.7e-021
01180 225.0 007.9 -000.0 100 100 5.0e-021
01240 223.0 008.7 -000.2 100 100 5.8e-021
01300 226.0 008.9 -000.3 100 100 6.5e-021
01360 224.0 009.6 -000.0 100 100 7.5e-021
01420 225.0 009.9 -000.0 100 100 6.0e-021
01480 231.0 010.0 0000.0 100 100 3.7e-021
01540 230.0 010.3 0000.0 100 100 4.9e-021
01600 230.0 010.9 -000.0 100 100 5.0e-021
01660 230.0 011.0 -000.1 100 100 8.4e-021
01720 231.0 011.2 -000.2 100 100 6.7e-021
01780 232.0 011.4 -000.4 100 100 2.1e-021
01840 233.0 012.7 0000.0 100 100 1.5e-021
01900 232.0 012.7 -000.2 100 100 1.9e-021
01960 233.0 012.6 -000.3 100 100 2.2e-021
02020 238.0 011.0 -000.4 100 100 2.9e-021
02080 240.0 011.8 -000.4 100 100 2.5e-021
02140 244.0 012.7 0000.0 100 100 3.4e-021
02200 246.0 013.0 0000.0 100 100 2.3e-021
02260 247.0 012.7 -000.2 100 100 3.6e-021
02320 248.0 012.5 -000.2 100 100 4.6e-021
02380 251.0 011.9 0000.0 100 100 3.9e-021
02440 250.0 011.5 0000.0 100 100 4.3e-021
02500 ///// ///// 0000.0 000 000 1.9e-021
02560 246.0 008.8 0000.0 100 100 1.1e-021
02620 248.0 009.7 0000.0 100 100 2.2e-021
02680 245.0 008.6 0000.0 100 100 2.3e-021
02740 245.0 008.5 -000.2 100 100 3.3e-021
02800 253.0 014.1 0000.0 100 100 2.6e-021
02860 266.0 013.9 0000.0 100 100 1.7e-021
02920 272.0 014.1 -000.5 100 100 1.8e-021
02980 ///// ///// 0000.0 000 000 1.3e-021
03040 ///// ///// 0000.0 000 000 1.4e-021
03100 ///// ///// 0000.0 000 000 1.2e-021
03160 ///// ///// 0000.0 000 000 5.1e-022
03220 ///// ///// -000.0 000 000 1.5e-021
03280 ///// ///// 0000.0 000 000 1.3e-021
03340 ///// ///// 0000.0 000 000 1.7e-021
03400 ///// ///// 0000.0 000 000 1.9e-021
03460 ///// ///// 0000.0 000 000 1.6e-021
03520 ///// ///// 0000.0 000 000 1.6e-021
03580 ///// ///// 0000.0 000 000 1.7e-021
03640 ///// ///// 0000.0 000 000 2.4e-021
03700 ///// ///// -000.0 000 000 1.3e-021
03760 ///// ///// -002.0 000 000 2.1e-021
03820 ///// ///// 0000.0 000 000 1.6e-021
03880 ///// ///// 0000.0 000 000 3.9e-021
03940 ///// ///// 0000.0 000 000 2.4e-021
04000 ///// ///// 0000.0 000 000 2.3e-021
04060 ///// ///// 0001.1 000 000 4.3e-021
04120 ///// ///// 0000.0 000 000 1.1e-021
04180 ///// ///// 0000.2 000 000 3.8e-021
04240 255.0 012.7 -000.1 100 100 4.0e-021
04300 253.0 012.7 0000.0 100 100 4.6e-021
04360 242.0 013.1 0000.0 100 100 6.2e-021
04420 ///// ///// 0000.0 000 000 3.6e-021
04480 ///// ///// 0000.0 000 000 2.6e-021
04540 ///// ///// 0000.0 000 000 2.6e-021
04600 ///// ///// 0000.0 000 000 3.6e-021
04660 ///// ///// 0000.0 000 000 2.7e-021
04720 ///// ///// 0000.0 000 000 3.1e-021
04780 ///// ///// 0000.0 000 000 2.0e-021
04840 ///// ///// 0000.0 000 000 4.1e-021
04900 ///// ///// 0000.0 000 000 3.3e-021
04960 ///// ///// 0000.0 000 000 3.3e-021
05020 ///// ///// 0000.0 000 000 2.8e-021
05080 ///// ///// 0000.0 000 000 8.6e-022
05140 ///// ///// 0000.0 000 000 1.4e-021
05200 ///// ///// 0000.0 000 000 2.9e-021
05260 ///// ///// 0000.0 000 000 3.6e-021
05320 ///// ///// 0000.0 000 000 1.5e-021
05380 ///// ///// 0003.3 000 000 5.4e-021
05440 ///// ///// 0000.0 000 000 4.0e-021
05500 ///// ///// 0000.0 000 000 1.3e-021
05560 ///// ///// 0000.0 000 000 2.1e-021
05620 ///// ///// 0000.0 000 000 2.5e-021
05680 ///// ///// 0000.0 000 000 1.9e-021
05740 ///// ///// 0000.0 000 000 4.6e-021
05800 ///// ///// 0000.0 000 000 7.3e-021
05860 ///// ///// 0000.0 000 000 4.0e-021
05920 ///// ///// 0000.0 000 000 2.5e-021
05980 ///// ///// 0000.0 000 000 6.1e-021
NNNN
