WNDROBS 01.20
57793 0114.3600 027.7900 00130.0 LC 20130629063500
ROBS
00100 157.0 003.2 0000.2 100 100 3.9e-021
00160 157.0 003.1 0000.2 100 100 9.3e-021
00220 154.0 003.0 0000.3 100 100 2.0e-021
00280 129.0 003.6 0000.1 100 100 5.0e-021
00340 142.0 004.5 0000.6 100 100 4.9e-021
00400 125.0 004.6 0000.7 100 100 7.3e-021
00460 126.0 004.5 0001.2 100 100 8.0e-021
00520 136.0 004.6 0001.2 100 100 1.4e-020
00580 163.0 007.6 0001.1 100 100 3.5e-020
00640 171.0 007.8 0001.3 100 100 3.2e-020
00700 166.0 007.4 0001.2 100 100 9.6e-021
00760 175.0 006.6 0001.3 100 100 7.8e-021
00820 183.0 007.0 0000.7 100 100 1.0e-020
00880 248.0 007.3 0001.0 100 100 1.1e-020
00940 246.0 007.9 0000.9 100 100 7.9e-021
01000 247.0 009.5 -000.2 100 100 1.9e-020
01060 230.0 005.0 -000.3 100 100 7.3e-021
01120 232.0 005.9 -000.3 100 100 1.2e-020
01180 236.0 006.6 -000.1 100 100 4.8e-021
01240 232.0 006.6 -000.3 100 100 3.9e-021
01300 231.0 007.5 -000.2 100 100 5.1e-021
01360 233.0 009.0 -000.4 100 100 3.9e-021
01420 240.0 010.5 -000.2 100 100 3.0e-021
01480 243.0 010.7 -000.2 100 100 4.7e-021
01540 237.0 008.8 -000.1 100 100 6.7e-021
01600 238.0 010.0 -000.1 100 100 1.1e-020
01660 238.0 010.8 0000.1 100 100 1.5e-020
01720 236.0 011.5 -000.0 100 100 1.2e-020
01780 235.0 011.5 0000.1 100 100 1.2e-020
01840 268.0 010.0 0000.1 100 100 7.4e-021
01900 266.0 010.6 -000.1 100 100 4.2e-021
01960 269.0 011.0 -000.2 100 100 9.0e-022
02020 271.0 011.2 -000.1 100 100 3.3e-021
02080 272.0 011.3 -000.4 100 100 2.9e-021
02140 268.0 013.3 -000.2 100 100 3.7e-021
02200 265.0 012.3 0000.4 100 100 7.8e-021
02260 261.0 013.4 -000.1 100 100 7.8e-021
02320 260.0 015.4 0000.4 100 100 5.9e-021
02380 249.0 014.9 -000.0 100 100 4.1e-021
02440 265.0 015.9 -000.1 100 100 3.6e-021
02500 248.0 015.5 0000.0 100 100 2.4e-021
02560 252.0 015.4 0000.0 100 100 2.8e-021
02620 270.0 015.1 0000.0 100 100 3.4e-021
02680 252.0 015.7 0000.0 100 100 2.4e-021
02740 254.0 013.2 -000.3 100 100 9.9e-022
02800 ///// ///// -000.2 000 000 7.6e-022
02860 247.0 015.0 -001.3 100 100 2.3e-021
02920 244.0 013.0 0000.0 100 100 1.8e-021
02980 245.0 014.2 0000.0 100 100 3.4e-021
03040 236.0 013.9 0000.0 100 100 2.0e-021
03100 232.0 012.8 0000.0 100 100 2.4e-021
03160 193.0 007.3 -000.0 100 100 1.9e-021
03220 199.0 007.4 0000.0 100 100 1.0e-021
03280 194.0 007.2 0000.0 100 100 1.5e-021
03340 176.0 007.0 0001.8 100 100 1.0e-021
03400 176.0 007.0 0000.0 100 100 1.6e-021
03460 ///// ///// 0000.0 000 000 5.7e-022
03520 ///// ///// 0000.1 000 000 6.7e-022
03580 ///// ///// 0002.6 000 000 3.0e-021
03640 ///// ///// -000.2 000 000 9.4e-022
03700 ///// ///// -000.7 000 000 8.2e-022
03760 ///// ///// 0000.0 000 000 7.4e-022
03820 ///// ///// 0000.0 000 000 1.8e-021
03880 ///// ///// 0000.0 000 000 6.3e-022
03940 ///// ///// 0000.0 000 000 2.5e-021
04000 ///// ///// 0000.0 000 000 9.2e-022
04060 ///// ///// 0000.0 000 000 7.6e-022
04120 ///// ///// 0000.7 000 000 3.0e-021
04180 ///// ///// 0000.0 000 000 9.2e-022
04240 ///// ///// 0000.2 000 000 2.9e-021
04300 ///// ///// 0000.3 000 000 4.2e-021
04360 ///// ///// -000.6 000 000 3.2e-021
04420 ///// ///// 0000.0 000 000 3.7e-021
04480 ///// ///// 0000.0 000 000 1.2e-021
04540 ///// ///// -001.0 000 000 3.0e-021
04600 ///// ///// 0000.1 000 000 4.1e-021
04660 ///// ///// 0000.0 000 000 1.4e-021
04720 ///// ///// -000.1 000 000 9.4e-022
04780 ///// ///// 0000.0 000 000 2.0e-021
04840 ///// ///// 0000.0 000 000 2.0e-021
04900 ///// ///// 0000.0 000 000 1.4e-021
04960 ///// ///// 0000.0 000 000 1.3e-021
05020 ///// ///// 0000.0 000 000 1.7e-021
05080 ///// ///// -001.1 000 000 3.1e-021
05140 ///// ///// 0000.0 000 000 2.1e-021
05200 ///// ///// 0000.0 000 000 5.9e-022
05260 ///// ///// 0000.0 000 000 5.3e-021
05320 ///// ///// 0000.0 000 000 4.2e-022
05380 ///// ///// 0000.0 000 000 4.9e-021
05440 ///// ///// 0000.0 000 000 6.7e-022
05500 ///// ///// 0000.0 000 000 2.5e-021
05560 ///// ///// 0000.0 000 000 4.1e-021
05620 ///// ///// 0000.0 000 000 1.3e-021
05680 ///// ///// 0000.1 000 000 2.2e-021
05740 ///// ///// 0000.0 000 000 1.7e-021
05800 ///// ///// 0000.0 000 000 2.0e-021
05860 ///// ///// 0000.0 000 000 1.7e-021
05920 ///// ///// 0000.0 000 000 4.4e-021
05980 ///// ///// 0000.0 000 000 2.8e-021
NNNN
