WNDROBS 01.20
57793 0114.3600 027.7900 00130.0 LC 20130629043500
ROBS
00100 045.0 003.8 0000.0 100 100 1.5e-021
00160 067.0 003.4 0000.2 100 100 2.7e-021
00220 079.0 003.5 0000.3 100 100 3.0e-021
00280 101.0 003.3 0000.3 100 100 4.6e-021
00340 092.0 002.5 0000.3 100 100 6.7e-021
00400 091.0 002.9 -000.0 100 100 5.7e-021
00460 150.0 003.4 0000.1 100 100 2.4e-021
00520 161.0 002.7 0000.1 100 100 5.2e-021
00580 169.0 003.8 0000.2 100 100 2.4e-020
00640 165.0 002.5 0000.2 100 100 2.7e-020
00700 190.0 001.7 0000.2 100 100 7.5e-021
00760 229.0 002.7 0000.2 100 100 4.7e-021
00820 236.0 006.6 0000.2 100 100 1.8e-020
00880 231.0 008.0 0000.2 100 100 3.7e-020
00940 229.0 010.8 0000.0 100 100 2.1e-020
01000 226.0 011.1 0000.0 100 100 1.4e-020
01060 227.0 010.7 -000.1 100 100 4.9e-021
01120 229.0 010.7 0000.1 100 100 4.0e-021
01180 227.0 011.2 -000.0 100 100 7.0e-021
01240 227.0 011.7 -000.2 100 100 1.2e-020
01300 230.0 012.7 -000.1 100 100 1.5e-020
01360 228.0 013.4 -000.1 100 100 1.9e-020
01420 228.0 013.9 -000.1 100 100 2.1e-020
01480 232.0 014.2 -000.1 100 100 2.5e-020
01540 234.0 014.7 -000.1 100 100 2.8e-020
01600 235.0 016.1 -000.1 100 100 1.7e-020
01660 237.0 017.3 0000.0 100 100 4.9e-021
01720 240.0 016.3 0000.1 100 100 1.6e-021
01780 242.0 012.5 -000.1 100 100 1.1e-021
01840 240.0 012.8 0000.3 100 100 1.5e-021
01900 240.0 013.0 0000.2 100 100 2.0e-021
01960 239.0 014.1 0000.1 100 100 3.9e-021
02020 242.0 014.6 0000.0 100 100 8.4e-021
02080 242.0 015.7 0000.4 100 100 9.7e-021
02140 241.0 016.9 0000.6 100 100 5.8e-021
02200 245.0 017.8 -000.1 100 100 3.7e-021
02260 245.0 017.1 0000.0 100 100 4.2e-021
02320 242.0 015.6 0000.0 100 100 1.7e-021
02380 245.0 018.0 0000.8 100 100 6.7e-021
02440 242.0 015.5 0000.4 100 100 6.1e-021
02500 247.0 015.0 0000.0 100 100 2.3e-021
02560 245.0 016.4 0000.0 100 100 1.9e-021
02620 244.0 015.2 0000.0 100 100 2.9e-021
02680 244.0 015.3 0000.0 100 100 3.6e-021
02740 261.0 014.7 -001.1 100 100 2.2e-021
02800 272.0 015.2 0000.0 100 100 2.1e-021
02860 260.0 015.5 0000.0 100 100 2.1e-021
02920 261.0 014.2 0000.0 100 100 1.5e-021
02980 250.0 013.6 0000.0 100 100 1.7e-021
03040 253.0 011.3 0000.0 100 100 8.4e-022
03100 257.0 012.3 0000.0 100 100 1.9e-021
03160 254.0 015.7 0000.0 100 100 3.4e-022
03220 258.0 016.5 -001.0 100 100 1.7e-021
03280 254.0 009.7 0000.0 100 100 1.1e-021
03340 252.0 008.8 0000.0 100 100 2.1e-021
03400 240.0 007.4 0000.0 100 100 2.9e-021
03460 221.0 008.3 0000.0 100 100 4.4e-021
03520 232.0 011.0 0000.0 100 100 3.7e-021
03580 208.0 009.7 0000.0 100 100 1.3e-021
03640 ///// ///// 0000.0 000 000 7.6e-022
03700 ///// ///// 0000.0 000 000 2.6e-021
03760 ///// ///// 0000.0 000 000 1.5e-021
03820 ///// ///// 0000.0 000 000 1.0e-021
03880 ///// ///// 0000.0 000 000 3.1e-021
03940 ///// ///// 0000.0 000 000 2.6e-021
04000 ///// ///// 0001.0 000 000 1.3e-021
04060 ///// ///// 0000.0 000 000 4.8e-022
04120 ///// ///// 0000.0 000 000 9.8e-022
04180 ///// ///// 0000.3 000 000 2.3e-021
04240 ///// ///// 0000.0 000 000 2.1e-021
04300 ///// ///// 0000.0 000 000 1.1e-021
04360 ///// ///// 0000.0 000 000 4.1e-022
04420 ///// ///// 0000.0 000 000 2.6e-021
04480 ///// ///// 0000.0 000 000 1.2e-021
04540 ///// ///// 0000.0 000 000 2.6e-021
04600 ///// ///// 0000.0 000 000 1.2e-021
04660 ///// ///// -000.4 000 000 3.5e-021
04720 ///// ///// 0000.0 000 000 3.1e-021
04780 ///// ///// -000.9 000 000 1.2e-021
04840 ///// ///// 0000.0 000 000 2.3e-021
04900 ///// ///// 0000.0 000 000 3.9e-022
04960 ///// ///// -000.4 000 000 1.3e-021
05020 ///// ///// -000.0 000 000 2.9e-021
05080 ///// ///// 0000.0 000 000 3.3e-021
05140 ///// ///// 0000.0 000 000 3.2e-021
05200 ///// ///// 0000.0 000 000 2.3e-021
05260 ///// ///// -002.3 000 000 4.8e-021
05320 ///// ///// 0000.0 000 000 4.3e-021
05380 ///// ///// 0000.0 000 000 1.5e-021
05440 ///// ///// -000.3 000 000 3.0e-021
05500 ///// ///// -001.1 000 000 5.3e-021
05560 ///// ///// 0000.0 000 000 3.3e-021
05620 ///// ///// 0000.0 000 000 1.2e-021
05680 ///// ///// 0000.0 000 000 5.9e-022
05740 ///// ///// 0001.4 000 000 4.7e-021
05800 ///// ///// 0000.8 000 000 4.2e-021
05860 ///// ///// 0000.0 000 000 1.3e-021
05920 ///// ///// 0000.0 000 000 1.3e-021
05980 ///// ///// 0000.0 000 000 2.2e-021
NNNN
