WNDROBS 01.20
57793 0114.3600 027.7900 00130.0 LC 20130628035000
ROBS
00100 297.0 005.3 0003.1 100 100 2.1e-020
00160 294.0 005.8 0003.5 100 100 4.6e-020
00220 301.0 005.6 0003.9 100 100 7.4e-020
00280 312.0 005.8 0001.7 100 100 6.0e-020
00340 318.0 006.2 0001.9 100 100 3.3e-020
00400 346.0 004.6 0003.1 100 100 3.3e-020
00460 347.0 005.4 0002.8 100 100 6.3e-020
00520 346.0 005.2 0002.7 100 100 7.6e-020
00580 333.0 009.1 0002.6 100 100 9.0e-020
00640 332.0 007.6 0003.8 100 100 1.3e-019
00700 298.0 007.2 0003.7 100 100 1.2e-019
00760 243.0 005.7 0003.7 100 100 1.7e-019
00820 240.0 010.1 0003.8 100 100 2.1e-019
00880 242.0 011.5 0003.0 100 100 2.2e-019
00940 252.0 014.3 0004.0 100 100 2.9e-019
01000 246.0 014.5 0004.1 100 100 5.1e-019
01060 226.0 019.9 0003.0 100 100 7.7e-020
01120 227.0 020.5 0003.1 100 100 1.0e-019
01180 226.0 021.5 0003.3 100 100 9.8e-020
01240 225.0 022.1 0003.4 100 100 9.7e-020
01300 226.0 023.3 0004.0 100 100 1.1e-019
01360 224.0 023.4 0004.0 100 100 1.3e-019
01420 224.0 024.2 0004.0 100 100 1.4e-019
01480 224.0 024.2 0003.9 100 100 1.2e-019
01540 224.0 024.2 0003.9 100 100 9.7e-020
01600 228.0 022.8 0003.8 100 100 6.8e-020
01660 224.0 023.9 0003.9 100 100 8.3e-020
01720 224.0 023.3 0003.8 100 100 6.8e-020
01780 224.0 022.9 0003.9 100 100 7.0e-020
01840 224.0 022.8 0004.2 100 100 7.3e-020
01900 224.0 022.4 0004.2 100 100 6.8e-020
01960 224.0 021.8 0004.5 100 100 6.7e-020
02020 224.0 021.5 0004.5 100 100 6.9e-020
02080 226.0 021.4 0004.2 100 100 7.5e-020
02140 225.0 021.0 0004.0 100 100 8.2e-020
02200 226.0 020.9 0003.8 100 100 9.7e-020
02260 225.0 021.2 0003.7 100 100 8.1e-020
02320 226.0 020.4 0003.6 100 100 8.3e-020
02380 227.0 020.6 0003.6 100 100 9.2e-020
02440 227.0 020.5 0003.5 100 100 1.0e-019
02500 226.0 020.6 0003.4 100 100 6.9e-020
02560 226.0 020.2 0003.3 100 100 5.2e-020
02620 225.0 020.6 0003.1 100 100 4.7e-020
02680 231.0 018.4 0003.2 100 100 6.2e-020
02740 230.0 018.7 0003.0 100 100 6.4e-020
02800 230.0 019.7 0002.9 100 100 6.2e-020
02860 226.0 022.9 0002.9 100 100 6.8e-020
02920 224.0 022.4 0003.0 100 100 8.7e-020
02980 225.0 021.8 0003.1 100 100 8.3e-020
03040 ///// ///// 0004.7 000 000 9.5e-020
03100 221.0 020.6 0004.6 100 100 7.6e-020
03160 219.0 022.0 0004.8 100 100 1.1e-019
03220 208.0 021.5 0004.4 100 100 1.0e-019
03280 218.0 023.3 0004.4 100 100 1.5e-019
03340 208.0 021.6 0004.5 100 100 1.2e-019
03400 211.0 020.7 0004.3 100 100 1.5e-019
03460 211.0 021.5 0004.2 100 100 1.7e-019
03520 215.0 020.0 0004.0 100 100 2.0e-019
03580 213.0 021.4 0004.1 100 100 1.9e-019
03640 221.0 018.4 0004.1 100 100 2.4e-019
03700 226.0 019.8 0004.1 100 100 3.2e-019
03760 230.0 023.6 0004.0 100 100 2.8e-019
03820 224.0 021.3 0003.8 100 100 2.7e-019
03880 228.0 023.6 0004.1 100 100 3.1e-019
03940 226.0 024.2 0004.0 100 100 3.3e-019
04000 223.0 025.3 0003.9 100 100 4.0e-019
04060 221.0 025.6 0003.7 100 100 4.0e-019
04120 222.0 025.4 0004.0 100 100 4.0e-019
04180 228.0 028.1 0003.9 100 100 3.5e-019
04240 227.0 028.4 0003.8 100 100 1.2e-019
04300 227.0 029.4 0003.7 100 100 3.2e-019
04360 227.0 029.9 0003.2 100 100 3.6e-019
04420 228.0 031.2 0003.6 100 100 3.7e-019
04480 228.0 032.4 0003.4 100 100 3.4e-019
04540 228.0 033.0 0003.5 100 100 3.1e-019
04600 228.0 033.3 0003.5 100 100 2.8e-019
04660 226.0 033.0 0003.4 100 100 3.0e-019
04720 226.0 034.1 0003.3 100 100 2.5e-019
04780 231.0 032.8 0001.6 100 100 1.1e-019
04840 233.0 031.2 0001.3 100 100 1.3e-019
04900 223.0 035.3 0001.4 100 100 1.3e-019
04960 221.0 032.5 0001.2 100 100 1.5e-019
05020 220.0 032.1 0001.4 100 100 1.3e-019
05080 219.0 031.7 0001.2 100 100 1.5e-019
05140 219.0 031.2 0001.3 100 100 1.6e-019
05200 219.0 030.8 0001.0 100 100 1.2e-019
05260 221.0 030.1 0000.9 100 100 8.1e-020
05320 221.0 028.7 0000.9 100 100 7.1e-020
05380 ///// ///// 0000.8 000 000 6.3e-020
05440 219.0 026.8 0000.0 100 100 1.7e-020
05500 ///// ///// 0000.0 000 000 1.4e-020
05560 ///// ///// 0000.8 000 000 1.7e-020
05620 ///// ///// 0000.0 000 000 8.5e-021
05680 ///// ///// 0000.0 000 000 1.2e-020
05740 ///// ///// 0000.0 000 000 1.3e-020
05800 ///// ///// 0000.0 000 000 6.9e-021
05860 ///// ///// 0000.0 000 000 7.1e-021
05920 ///// ///// 0000.0 000 000 1.7e-021
05980 ///// ///// -000.0 000 000 5.7e-021
NNNN
