WNDROBS 01.20
57793 0114.3600 027.7900 00130.0 LC 20130629141500
ROBS
00100 111.0 004.3 0000.1 100 100 1.1e-020
00160 111.0 004.8 -000.4 100 100 2.4e-020
00220 109.0 005.9 0000.1 100 100 3.5e-020
00280 105.0 006.8 0000.0 100 100 1.4e-020
00340 108.0 006.0 -000.3 100 100 1.1e-020
00400 123.0 005.3 -000.1 100 100 2.1e-020
00460 140.0 006.0 -000.2 100 100 6.7e-020
00520 150.0 007.6 -000.2 100 100 7.6e-020
00580 160.0 008.7 -000.2 100 100 9.4e-021
00640 164.0 010.0 0000.2 100 100 5.9e-021
00700 157.0 011.3 0000.1 100 100 4.3e-021
00760 169.0 010.7 0000.1 100 100 4.8e-021
00820 171.0 013.8 -000.0 100 100 8.4e-021
00880 173.0 013.4 -000.3 100 100 1.4e-020
00940 173.0 013.7 -000.3 100 100 6.2e-020
01000 173.0 012.9 -000.2 100 100 6.1e-020
01060 173.0 011.9 -000.3 100 100 4.0e-020
01120 174.0 010.8 -000.7 100 100 4.6e-020
01180 177.0 009.6 -000.7 100 100 4.5e-020
01240 184.0 008.7 -000.4 100 100 3.5e-020
01300 189.0 008.1 -000.2 100 100 3.9e-020
01360 192.0 007.4 -000.0 100 100 3.2e-020
01420 193.0 007.2 -000.0 100 100 2.5e-020
01480 199.0 006.7 -000.2 100 100 3.0e-020
01540 199.0 005.3 -000.4 100 100 5.6e-020
01600 199.0 005.1 -000.0 100 100 2.2e-020
01660 200.0 006.6 -000.1 100 100 1.5e-020
01720 205.0 007.6 -000.2 100 100 1.5e-020
01780 213.0 008.2 -000.3 100 100 1.4e-020
01840 217.0 008.5 -000.3 100 100 1.7e-020
01900 217.0 008.8 -000.3 100 100 1.8e-020
01960 221.0 008.9 -000.3 100 100 1.5e-020
02020 221.0 009.2 -000.3 100 100 1.0e-020
02080 217.0 009.9 -000.4 100 100 9.6e-021
02140 220.0 009.9 -000.3 100 100 7.9e-021
02200 215.0 009.7 -000.2 100 100 1.1e-020
02260 216.0 008.8 -000.3 100 100 1.1e-020
02320 217.0 009.9 -000.2 100 100 8.1e-021
02380 223.0 010.5 -000.2 100 100 5.2e-021
02440 221.0 009.2 -000.2 100 100 7.3e-021
02500 227.0 009.4 -000.3 100 100 1.5e-020
02560 222.0 008.9 -000.1 100 100 1.9e-020
02620 224.0 009.2 -000.2 100 100 1.7e-020
02680 230.0 009.6 -000.2 100 100 6.2e-021
02740 240.0 010.3 0001.2 100 100 3.3e-021
02800 242.0 010.0 0000.0 100 100 8.0e-022
02860 242.0 009.9 0000.1 100 100 2.5e-021
02920 243.0 009.9 0000.0 100 100 2.1e-021
02980 245.0 009.9 -000.0 100 100 3.3e-021
03040 246.0 009.9 -000.1 100 100 4.6e-021
03100 247.0 010.1 -000.1 100 100 5.3e-021
03160 248.0 009.1 -000.2 100 100 5.3e-021
03220 248.0 008.1 -000.2 100 100 6.1e-021
03280 247.0 008.5 -000.3 100 100 5.6e-021
03340 249.0 009.0 -000.2 100 100 5.2e-021
03400 247.0 009.5 -000.0 100 100 9.9e-021
03460 246.0 009.9 -000.1 100 100 1.5e-020
03520 243.0 010.1 0000.0 100 100 1.9e-020
03580 241.0 010.7 0000.0 100 100 5.8e-021
03640 242.0 010.7 0000.0 100 100 4.3e-021
03700 240.0 010.2 0000.0 100 100 8.4e-021
03760 240.0 010.3 0000.2 100 100 1.2e-020
03820 240.0 010.4 0000.0 100 100 5.1e-021
03880 236.0 010.9 0000.0 100 100 6.9e-021
03940 216.0 012.2 0000.1 100 100 8.5e-021
04000 216.0 009.8 0000.1 100 100 5.7e-021
04060 219.0 009.4 -000.0 100 100 5.1e-021
04120 221.0 011.0 0000.0 100 100 7.5e-021
04180 ///// ///// 0000.0 000 000 3.6e-021
04240 ///// ///// 0000.0 000 000 9.5e-022
04300 ///// ///// -000.1 000 000 2.6e-021
04360 ///// ///// 0000.0 000 000 1.6e-021
04420 ///// ///// 0000.0 000 000 1.9e-021
04480 ///// ///// 0000.0 000 000 2.7e-021
04540 ///// ///// 0000.0 000 000 2.1e-021
04600 ///// ///// 0000.0 000 000 4.2e-021
04660 ///// ///// -000.3 000 000 4.3e-021
04720 ///// ///// -000.1 000 000 2.6e-021
04780 ///// ///// -000.3 000 000 2.4e-021
04840 ///// ///// 0000.0 000 000 3.3e-021
04900 ///// ///// 0000.0 000 000 1.3e-021
04960 ///// ///// 0000.0 000 000 1.3e-021
05020 ///// ///// -000.2 000 000 4.5e-021
05080 ///// ///// 0000.0 000 000 2.9e-021
05140 ///// ///// 0000.0 000 000 3.2e-021
05200 ///// ///// 0000.5 000 000 1.5e-021
05260 ///// ///// 0000.0 000 000 4.2e-021
05320 ///// ///// 0000.0 000 000 2.3e-021
05380 ///// ///// 0000.0 000 000 1.4e-021
05440 ///// ///// 0000.0 000 000 3.4e-021
05500 ///// ///// 0000.8 000 000 1.4e-021
05560 ///// ///// 0000.0 000 000 2.2e-021
05620 ///// ///// 0000.0 000 000 3.3e-021
05680 ///// ///// 0000.3 000 000 6.2e-021
05740 ///// ///// 0000.0 000 000 9.3e-022
05800 ///// ///// 0000.0 000 000 1.4e-021
05860 ///// ///// 0000.0 000 000 2.9e-021
05920 ///// ///// -000.3 000 000 1.9e-021
05980 ///// ///// 0000.4 000 000 3.4e-021
NNNN
