WNDROBS 01.20
57793 0114.3600 027.7900 00130.0 LC 20130628070000
ROBS
00100 025.0 012.4 0007.4 100 100 3.3e-016
00160 019.0 013.1 0008.2 100 100 1.6e-015
00220 021.0 013.7 0008.2 100 100 1.7e-015
00280 023.0 013.6 0008.3 100 100 1.5e-015
00340 023.0 013.4 0008.3 100 100 1.3e-015
00400 023.0 012.3 0008.3 100 100 1.2e-015
00460 022.0 012.8 0008.2 100 100 1.0e-015
00520 025.0 011.1 0007.6 100 100 9.1e-016
00580 022.0 009.8 0008.2 100 100 8.3e-016
00640 354.0 007.6 0008.1 100 100 6.6e-016
00700 336.0 006.3 0007.6 100 100 7.1e-016
00760 319.0 006.6 0008.1 100 100 7.4e-016
00820 306.0 006.1 0008.3 100 100 7.6e-016
00880 295.0 005.7 0008.0 100 100 7.8e-016
00940 288.0 006.0 0007.7 100 100 8.8e-016
01000 285.0 006.7 0007.8 100 100 9.9e-016
01060 293.0 007.1 0008.0 100 100 3.3e-016
01120 284.0 006.8 0008.2 100 100 3.9e-016
01180 283.0 006.6 0008.3 100 100 4.1e-016
01240 291.0 006.7 0008.4 100 100 3.8e-016
01300 292.0 006.3 0008.3 100 100 3.5e-016
01360 293.0 006.4 0008.3 100 100 3.7e-016
01420 288.0 007.5 0008.5 100 100 3.9e-016
01480 283.0 007.9 0008.7 100 100 4.3e-016
01540 281.0 008.4 0008.8 100 100 4.6e-016
01600 281.0 008.7 0008.9 100 100 4.5e-016
01660 278.0 009.9 0008.9 100 100 5.0e-016
01720 273.0 010.9 0009.0 100 100 5.0e-016
01780 275.0 009.9 0009.0 100 100 4.2e-016
01840 276.0 011.4 0009.1 100 100 4.3e-016
01900 277.0 011.4 0009.2 100 100 3.9e-016
01960 279.0 011.2 0009.2 100 100 3.6e-016
02020 279.0 010.6 0009.0 100 100 3.7e-016
02080 279.0 010.1 0009.0 100 100 3.6e-016
02140 279.0 009.8 0009.1 100 100 4.1e-016
02200 280.0 008.8 0009.1 100 100 3.8e-016
02260 276.0 007.8 0009.4 100 100 3.8e-016
02320 276.0 007.4 0009.5 100 100 3.8e-016
02380 274.0 007.6 0009.5 100 100 4.0e-016
02440 253.0 007.6 0009.4 100 100 3.7e-016
02500 247.0 008.0 0009.1 100 100 3.2e-016
02560 250.0 008.7 0009.1 100 100 3.1e-016
02620 253.0 007.7 0009.2 100 100 2.8e-016
02680 257.0 006.1 0009.4 100 100 2.6e-016
02740 248.0 005.5 0009.1 100 100 2.2e-016
02800 223.0 006.1 0008.7 100 100 1.7e-016
02860 192.0 006.6 0007.9 100 100 1.6e-016
02920 189.0 007.4 0007.4 100 100 1.1e-016
02980 203.0 008.5 0006.5 100 100 1.3e-016
03040 190.0 009.3 0006.2 100 100 9.2e-017
03100 208.0 009.4 0006.1 100 100 9.6e-017
03160 222.0 011.2 0005.5 100 100 1.1e-016
03220 215.0 009.9 0005.8 100 100 9.2e-017
03280 220.0 013.6 0005.3 100 100 1.2e-016
03340 220.0 013.3 0004.4 100 100 1.2e-016
03400 216.0 014.1 0004.6 100 100 1.2e-016
03460 218.0 015.9 0004.3 100 100 1.1e-016
03520 223.0 014.7 0002.6 100 100 1.4e-016
03580 228.0 014.6 0003.5 100 100 1.6e-016
03640 237.0 014.1 0003.8 100 100 1.9e-016
03700 235.0 013.9 0002.7 100 100 2.3e-016
03760 235.0 012.9 0002.8 100 100 2.5e-016
03820 234.0 011.7 0003.0 100 100 2.6e-016
03880 236.0 014.5 0003.5 100 100 2.6e-016
03940 216.0 009.0 0003.7 100 100 2.7e-016
04000 214.0 007.0 0003.6 100 100 2.3e-016
04060 207.0 012.1 0003.6 100 100 2.3e-016
04120 210.0 009.9 0002.8 100 100 2.1e-016
04180 205.0 012.5 0002.7 100 100 1.5e-016
04240 213.0 011.8 0001.6 100 100 1.3e-016
04300 203.0 018.3 0002.8 100 100 1.2e-016
04360 210.0 015.4 0002.0 100 100 1.2e-016
04420 210.0 016.4 0008.3 100 100 1.2e-016
04480 195.0 023.2 0007.7 100 100 1.3e-016
04540 199.0 025.4 0007.2 100 100 1.1e-016
04600 203.0 025.4 0006.7 100 100 9.2e-017
04660 205.0 025.7 0006.1 100 100 7.8e-017
04720 200.0 025.9 0005.8 100 100 7.0e-017
04780 200.0 025.6 0006.1 100 100 1.9e-017
04840 193.0 023.1 0005.6 100 100 1.8e-017
04900 193.0 022.6 0005.4 100 100 1.5e-017
04960 191.0 021.7 0004.7 100 100 1.6e-017
05020 190.0 023.3 0004.3 100 100 1.3e-017
05080 199.0 021.7 0003.1 100 100 1.3e-017
05140 194.0 021.4 0002.6 100 100 1.2e-017
05200 205.0 021.0 0002.2 100 100 1.1e-017
05260 204.0 019.1 0002.1 100 100 9.3e-018
05320 207.0 022.5 0002.1 100 100 7.3e-018
05380 210.0 020.3 0001.9 100 100 5.6e-018
05440 216.0 018.3 0002.1 100 100 5.2e-018
05500 217.0 018.1 0002.0 100 100 4.2e-018
05560 225.0 017.8 0002.3 100 100 2.5e-018
05620 232.0 018.6 0002.1 100 100 3.7e-018
05680 226.0 019.0 0002.2 100 100 3.6e-018
05740 229.0 018.4 0002.4 100 100 3.3e-018
05800 223.0 021.8 0002.4 100 100 2.9e-018
05860 216.0 022.5 0002.3 100 100 2.9e-018
05920 214.0 022.2 0002.5 100 100 2.8e-018
05980 213.0 023.7 0002.4 100 100 2.8e-018
NNNN
