WNDROBS 01.20
57793 0114.3600 027.7900 00130.0 LC 20130629152500
ROBS
00100 134.0 004.9 0000.4 100 100 1.7e-020
00160 134.0 005.4 0000.5 100 100 4.8e-020
00220 124.0 006.0 -000.2 100 100 3.7e-020
00280 128.0 006.2 0000.0 100 100 2.7e-020
00340 135.0 006.0 0000.2 100 100 7.5e-020
00400 135.0 006.7 0000.3 100 100 1.4e-019
00460 144.0 008.5 0000.4 100 100 1.2e-019
00520 150.0 009.5 0000.4 100 100 1.2e-020
00580 156.0 010.4 0000.3 100 100 1.0e-020
00640 161.0 010.7 0000.3 100 100 2.7e-020
00700 166.0 010.8 0000.3 100 100 2.5e-020
00760 170.0 011.7 0000.4 100 100 1.9e-020
00820 168.0 012.2 0000.5 100 100 3.0e-020
00880 171.0 013.4 0000.6 100 100 9.4e-020
00940 175.0 013.6 0000.4 100 100 1.1e-019
01000 176.0 011.9 0000.1 100 100 1.3e-019
01060 187.0 011.2 0000.2 100 100 6.5e-020
01120 185.0 010.4 -000.1 100 100 6.1e-020
01180 191.0 009.8 0000.1 100 100 3.3e-020
01240 191.0 008.9 0000.3 100 100 3.1e-020
01300 189.0 008.4 0000.6 100 100 4.6e-020
01360 194.0 008.4 0000.6 100 100 5.5e-020
01420 200.0 007.4 0000.4 100 100 4.3e-020
01480 204.0 007.1 0000.3 100 100 2.7e-020
01540 202.0 007.5 0000.3 100 100 3.6e-020
01600 205.0 007.5 0000.4 100 100 3.5e-020
01660 206.0 008.0 0000.4 100 100 2.9e-020
01720 208.0 008.9 0000.3 100 100 1.3e-020
01780 211.0 009.1 0000.1 100 100 1.3e-020
01840 215.0 009.6 -000.0 100 100 1.2e-020
01900 217.0 009.9 -000.1 100 100 1.1e-020
01960 219.0 009.9 0000.0 100 100 1.2e-020
02020 222.0 010.5 -000.2 100 100 2.0e-020
02080 225.0 010.7 -000.1 100 100 1.7e-020
02140 227.0 011.0 -000.0 100 100 1.2e-020
02200 227.0 011.0 -000.1 100 100 9.4e-021
02260 228.0 010.1 -000.0 100 100 4.4e-021
02320 229.0 009.6 -000.1 100 100 4.3e-021
02380 222.0 010.0 0000.0 100 100 3.7e-021
02440 220.0 009.9 0000.1 100 100 5.6e-021
02500 222.0 009.7 0000.0 100 100 4.2e-021
02560 219.0 008.9 -000.1 100 100 4.7e-021
02620 219.0 008.6 0000.0 100 100 2.6e-021
02680 219.0 008.7 0000.0 100 100 4.4e-021
02740 218.0 008.5 -000.2 100 100 4.6e-021
02800 219.0 008.5 -000.2 100 100 7.0e-021
02860 220.0 008.8 0000.1 100 100 4.9e-021
02920 222.0 008.6 -000.3 100 100 6.5e-021
02980 226.0 009.2 -000.7 100 100 8.3e-021
03040 230.0 009.1 -000.3 100 100 7.0e-021
03100 229.0 009.4 -000.3 100 100 1.2e-020
03160 234.0 010.7 -000.3 100 100 8.0e-021
03220 232.0 009.8 0000.0 100 100 4.1e-021
03280 226.0 008.5 0000.0 100 100 4.5e-021
03340 226.0 008.6 0000.0 100 100 4.2e-021
03400 225.0 008.7 0000.0 100 100 4.5e-021
03460 226.0 008.7 0000.0 100 100 4.3e-021
03520 211.0 007.1 0000.0 100 100 3.4e-021
03580 219.0 005.7 0000.0 100 100 1.7e-021
03640 242.0 003.8 -000.1 100 100 2.7e-021
03700 ///// ///// -000.1 000 000 2.2e-021
03760 188.0 005.2 0000.0 100 100 2.0e-021
03820 184.0 005.2 0000.0 100 100 8.6e-022
03880 187.0 005.3 0000.0 100 100 1.1e-021
03940 219.0 005.6 0000.0 100 100 8.8e-022
04000 209.0 007.2 0000.0 100 100 2.2e-021
04060 ///// ///// 0000.0 000 000 4.6e-022
04120 ///// ///// 0000.0 000 000 3.7e-021
04180 189.0 007.6 0000.9 100 100 4.2e-021
04240 199.0 008.2 -000.3 100 100 7.8e-021
04300 200.0 005.9 0000.3 100 100 4.6e-021
04360 197.0 007.7 -000.0 100 100 4.3e-021
04420 184.0 008.1 -000.2 100 100 6.4e-021
04480 203.0 008.8 0000.0 100 100 8.6e-021
04540 196.0 008.2 0000.2 100 100 2.8e-021
04600 202.0 007.0 -000.0 100 100 5.9e-021
04660 ///// ///// 0000.2 000 000 5.1e-021
04720 225.0 008.0 0000.2 100 100 5.6e-021
04780 ///// ///// 0000.0 000 000 1.4e-021
04840 208.0 007.3 0000.0 100 100 1.5e-021
04900 ///// ///// 0000.0 000 000 2.0e-021
04960 ///// ///// 0000.2 000 000 3.2e-021
05020 ///// ///// 0001.0 000 000 3.8e-021
05080 ///// ///// 0000.0 000 000 3.7e-021
05140 ///// ///// 0000.0 000 000 2.6e-021
05200 ///// ///// 0000.0 000 000 1.1e-021
05260 ///// ///// 0000.0 000 000 3.3e-021
05320 ///// ///// 0000.0 000 000 2.7e-021
05380 ///// ///// 0000.0 000 000 1.5e-021
05440 ///// ///// 0000.0 000 000 2.6e-021
05500 ///// ///// -000.1 000 000 3.1e-021
05560 ///// ///// -000.2 000 000 4.6e-021
05620 ///// ///// 0000.0 000 000 3.5e-021
05680 ///// ///// 0000.0 000 000 5.5e-022
05740 ///// ///// 0000.0 000 000 3.5e-021
05800 ///// ///// 0000.0 000 000 2.0e-021
05860 ///// ///// 0000.0 000 000 1.9e-021
05920 ///// ///// 0000.1 000 000 4.5e-021
05980 ///// ///// -000.8 000 000 4.5e-021
NNNN
