WNDROBS 01.20
57793 0114.3600 027.7900 00130.0 LC 20130629022500
ROBS
00100 018.0 003.6 0002.6 100 100 2.3e-021
00160 034.0 003.9 0006.0 100 100 1.2e-020
00220 021.0 003.7 0005.9 100 100 2.5e-020
00280 033.0 003.4 0005.9 100 100 3.8e-020
00340 030.0 004.0 0005.9 100 100 4.1e-020
00400 103.0 003.6 0007.1 100 100 3.9e-020
00460 111.0 001.9 0006.1 100 100 5.2e-020
00520 166.0 005.0 0006.2 100 100 7.7e-020
00580 170.0 006.3 0005.7 100 100 9.1e-020
00640 170.0 004.6 0006.3 100 100 1.1e-019
00700 187.0 008.0 0006.3 100 100 1.3e-019
00760 230.0 007.9 0006.1 100 100 1.2e-019
00820 226.0 008.7 0006.0 100 100 1.4e-019
00880 223.0 010.1 0005.9 100 100 1.7e-019
00940 219.0 011.3 0005.9 100 100 1.6e-019
01000 225.0 012.5 0005.7 100 100 2.0e-019
01060 228.0 012.7 0000.0 100 100 5.3e-022
01120 229.0 012.0 -000.2 100 100 1.3e-021
01180 229.0 012.1 -000.1 100 100 3.2e-021
01240 229.0 012.9 -000.1 100 100 6.5e-021
01300 231.0 014.3 0000.0 100 100 9.9e-021
01360 236.0 015.6 -000.0 100 100 1.3e-020
01420 235.0 016.3 0000.1 100 100 2.5e-021
01480 239.0 017.2 0000.1 100 100 2.1e-021
01540 241.0 018.1 -000.3 100 100 2.8e-021
01600 240.0 019.7 -000.0 100 100 2.9e-021
01660 239.0 021.1 -000.0 100 100 3.8e-021
01720 238.0 020.5 0000.1 100 100 6.3e-021
01780 241.0 018.9 0000.1 100 100 9.7e-021
01840 237.0 018.0 -000.1 100 100 7.6e-021
01900 250.0 026.7 -000.2 100 100 7.0e-021
01960 250.0 024.2 -000.0 100 100 8.1e-021
02020 250.0 023.9 -000.1 100 100 1.2e-020
02080 255.0 024.0 -000.1 100 100 1.3e-020
02140 250.0 022.5 -000.2 100 100 1.1e-020
02200 251.0 023.2 0001.3 100 100 8.8e-021
02260 249.0 023.7 -000.5 100 100 1.3e-020
02320 249.0 021.6 -000.1 100 100 7.4e-021
02380 252.0 022.9 -000.1 100 100 1.0e-020
02440 252.0 022.9 -001.4 100 100 1.0e-020
02500 259.0 021.5 -000.8 100 100 9.1e-021
02560 261.0 011.5 -000.2 100 100 2.6e-020
02620 279.0 009.7 0000.0 100 100 1.4e-020
02680 277.0 011.3 0000.0 100 100 1.2e-020
02740 275.0 012.9 0000.0 100 100 5.0e-020
02800 277.0 013.2 0000.0 100 100 5.2e-020
02860 273.0 012.9 0000.0 100 100 2.2e-020
02920 299.0 002.9 0000.0 100 100 2.0e-020
02980 200.0 004.2 0005.3 100 100 1.0e-019
03040 ///// ///// 0003.9 000 000 2.0e-019
03100 200.0 009.8 0005.2 100 100 2.0e-019
03160 266.0 010.0 0004.3 100 100 2.3e-019
03220 ///// ///// 0004.5 000 000 3.4e-019
03280 200.0 009.8 0005.0 100 100 3.4e-019
03340 266.0 009.0 0005.3 100 100 3.9e-019
03400 ///// ///// 0005.4 000 000 4.9e-019
03460 273.0 008.5 0006.0 100 100 7.3e-019
03520 ///// ///// 0006.0 000 000 6.4e-019
03580 ///// ///// 0006.2 000 000 5.2e-019
03640 ///// ///// 0004.9 000 000 5.4e-019
03700 ///// ///// 0006.0 000 000 5.4e-019
03760 ///// ///// 0006.1 000 000 4.9e-019
03820 ///// ///// 0005.8 000 000 5.1e-019
03880 ///// ///// 0005.6 000 000 1.7e-019
03940 ///// ///// 0005.6 000 000 5.2e-019
04000 ///// ///// 0006.6 000 000 4.3e-019
04060 ///// ///// 0005.5 000 000 4.8e-019
04120 ///// ///// 0006.5 000 000 4.6e-019
04180 ///// ///// 0006.8 000 000 5.2e-019
04240 ///// ///// 0006.6 000 000 4.4e-019
04300 ///// ///// 0006.8 000 000 5.1e-019
04360 ///// ///// 0006.7 000 000 6.4e-019
04420 ///// ///// 0006.8 000 000 6.8e-019
04480 ///// ///// 0006.6 000 000 8.7e-019
04540 ///// ///// 0006.2 000 000 8.1e-019
04600 ///// ///// 0005.9 000 000 1.3e-018
04660 ///// ///// 0005.8 000 000 1.5e-018
04720 ///// ///// 0005.7 000 000 1.6e-018
04780 ///// ///// 0005.4 000 000 4.5e-019
04840 ///// ///// 0005.3 000 000 4.7e-019
04900 ///// ///// 0005.2 000 000 3.5e-019
04960 ///// ///// 0005.0 000 000 4.7e-019
05020 ///// ///// 0004.9 000 000 4.0e-019
05080 ///// ///// 0004.3 000 000 4.0e-019
05140 ///// ///// 0004.1 000 000 4.0e-019
05200 ///// ///// 0003.9 000 000 3.9e-019
05260 ///// ///// 0003.5 000 000 3.1e-019
05320 ///// ///// 0003.6 000 000 3.1e-019
05380 ///// ///// 0004.0 000 000 2.8e-019
05440 ///// ///// 0004.1 000 000 2.9e-019
05500 ///// ///// 0003.8 000 000 2.5e-019
05560 ///// ///// 0004.2 000 000 2.3e-019
05620 ///// ///// 0003.7 000 000 2.9e-019
05680 ///// ///// 0003.8 000 000 2.8e-019
05740 ///// ///// 0003.3 000 000 2.7e-019
05800 ///// ///// 0003.0 000 000 3.3e-019
05860 ///// ///// 0002.7 000 000 2.9e-019
05920 ///// ///// 0002.4 000 000 2.8e-019
05980 ///// ///// 0002.5 000 000 3.0e-019
NNNN
