WNDROBS 01.20
57793 0114.3600 027.7900 00130.0 LC 20130629215000
ROBS
00100 104.0 004.0 0002.1 100 100 3.6e-021
00160 104.0 004.4 0001.3 100 100 9.2e-021
00220 088.0 004.2 -000.1 100 100 7.2e-021
00280 100.0 004.0 -000.1 100 100 1.0e-020
00340 119.0 003.1 0000.0 100 100 1.6e-020
00400 141.0 003.1 0000.0 100 100 1.1e-020
00460 147.0 004.0 0000.2 100 100 2.0e-020
00520 154.0 005.8 0000.2 100 100 4.3e-020
00580 163.0 006.7 0000.2 100 100 2.4e-020
00640 169.0 006.8 0000.1 100 100 7.8e-020
00700 169.0 006.4 -000.0 100 100 1.0e-019
00760 186.0 004.9 -000.1 100 100 4.2e-020
00820 185.0 003.6 0000.0 100 100 2.6e-020
00880 207.0 002.9 0000.0 100 100 1.6e-020
00940 248.0 008.4 0000.1 100 100 1.1e-020
01000 199.0 003.8 0000.3 100 100 8.2e-021
01060 208.0 001.9 -000.1 100 100 1.3e-021
01120 241.0 004.1 -000.2 100 100 1.6e-021
01180 242.0 005.0 -000.2 100 100 1.7e-021
01240 215.0 004.2 -000.3 100 100 2.6e-021
01300 213.0 005.5 -000.4 100 100 4.1e-021
01360 217.0 005.9 -000.3 100 100 3.3e-021
01420 220.0 007.1 -000.2 100 100 2.4e-021
01480 218.0 008.0 -000.1 100 100 2.9e-021
01540 214.0 008.2 -000.1 100 100 2.6e-021
01600 216.0 009.5 -000.2 100 100 3.0e-021
01660 220.0 010.7 -000.1 100 100 4.5e-021
01720 223.0 011.6 -000.9 100 100 3.4e-021
01780 224.0 011.5 0000.3 100 100 2.6e-021
01840 224.0 011.5 0000.2 100 100 2.2e-021
01900 229.0 012.4 0000.0 100 100 3.5e-021
01960 227.0 012.9 0000.1 100 100 4.1e-021
02020 227.0 012.2 0000.1 100 100 6.3e-021
02080 227.0 012.3 0000.1 100 100 8.0e-021
02140 225.0 011.6 0000.1 100 100 5.3e-021
02200 218.0 011.4 0000.1 100 100 6.0e-021
02260 213.0 010.6 -000.1 100 100 3.0e-021
02320 207.0 010.6 -000.0 100 100 2.9e-021
02380 208.0 010.3 -000.1 100 100 3.1e-021
02440 203.0 009.4 0000.0 100 100 2.3e-021
02500 203.0 009.6 0000.0 100 100 1.1e-021
02560 198.0 009.2 -000.2 100 100 2.5e-021
02620 201.0 009.6 -000.6 100 100 3.0e-021
02680 198.0 007.8 0000.0 100 100 7.4e-022
02740 206.0 008.4 -000.2 100 100 3.3e-021
02800 202.0 008.1 -000.2 100 100 3.9e-021
02860 225.0 005.8 0000.0 100 100 3.6e-021
02920 223.0 005.6 -000.1 100 100 5.0e-021
02980 224.0 005.3 0000.0 100 100 4.2e-021
03040 204.0 008.0 -000.1 100 100 4.8e-021
03100 204.0 008.0 -000.3 100 100 7.3e-021
03160 198.0 007.9 -000.2 100 100 5.9e-021
03220 200.0 007.6 -000.2 100 100 5.2e-021
03280 208.0 008.7 0000.0 100 100 8.7e-021
03340 212.0 008.7 0000.0 100 100 8.2e-021
03400 209.0 008.8 0000.0 100 100 1.8e-021
03460 214.0 008.9 -000.1 100 100 6.7e-021
03520 213.0 009.3 0000.0 100 100 2.2e-021
03580 212.0 009.3 0000.0 100 100 5.3e-021
03640 212.0 009.4 0000.0 100 100 6.2e-021
03700 212.0 009.5 0000.2 100 100 7.2e-021
03760 268.0 006.3 0000.5 100 100 2.4e-021
03820 234.0 007.6 0000.5 100 100 5.0e-021
03880 235.0 006.5 0000.5 100 100 4.0e-021
03940 237.0 007.6 0000.5 100 100 4.8e-021
04000 235.0 008.8 0000.4 100 100 7.5e-021
04060 236.0 008.7 0000.3 100 100 1.4e-020
04120 233.0 009.5 0000.3 100 100 1.9e-020
04180 232.0 009.9 0000.4 100 100 2.4e-020
04240 236.0 010.1 0000.5 100 100 3.5e-020
04300 233.0 011.8 0000.6 100 100 3.7e-020
04360 236.0 011.1 0000.6 100 100 3.0e-020
04420 239.0 011.3 0000.6 100 100 3.6e-020
04480 235.0 011.6 0000.4 100 100 4.5e-020
04540 241.0 011.1 0000.3 100 100 6.3e-020
04600 242.0 011.8 0000.1 100 100 8.8e-020
04660 241.0 011.7 0000.1 100 100 1.3e-019
04720 241.0 011.5 0000.3 100 100 1.3e-019
04780 240.0 010.7 0000.0 100 100 1.9e-020
04840 240.0 010.5 -000.3 100 100 2.9e-020
04900 239.0 010.4 0000.0 100 100 8.9e-021
04960 260.0 009.4 0000.0 100 100 9.7e-021
05020 235.0 010.2 0000.0 100 100 1.3e-020
05080 223.0 009.2 0000.0 100 100 8.9e-021
05140 ///// ///// 0000.0 000 000 8.6e-021
05200 ///// ///// 0000.0 000 000 5.0e-021
05260 ///// ///// 0000.4 000 000 5.2e-021
05320 ///// ///// 0000.0 000 000 4.4e-021
05380 ///// ///// 0000.0 000 000 4.1e-021
05440 ///// ///// 0000.0 000 000 6.0e-021
05500 ///// ///// 0000.0 000 000 5.0e-021
05560 ///// ///// 0000.0 000 000 2.5e-021
05620 ///// ///// 0000.0 000 000 4.8e-021
05680 ///// ///// 0000.0 000 000 1.4e-021
05740 ///// ///// 0001.2 000 000 5.6e-021
05800 ///// ///// 0001.4 000 000 4.4e-021
05860 ///// ///// 0000.0 000 000 3.0e-021
05920 ///// ///// 0000.0 000 000 5.6e-021
05980 ///// ///// 0000.0 000 000 4.3e-021
NNNN
