WNDROBS 01.20
57793 0114.3600 027.7900 00130.0 LC 20130628055500
ROBS
00100 028.0 003.4 0003.3 100 100 3.5e-020
00160 043.0 004.7 0003.6 100 100 7.7e-020
00220 085.0 003.0 0004.0 100 100 1.3e-019
00280 147.0 004.8 0004.5 100 100 1.7e-019
00340 042.0 004.0 0005.0 100 100 1.6e-019
00400 048.0 004.3 0005.1 100 100 1.4e-019
00460 052.0 005.6 0005.1 100 100 1.2e-019
00520 061.0 002.8 0005.2 100 100 1.1e-019
00580 075.0 003.0 0005.0 100 100 1.4e-019
00640 080.0 003.4 0005.0 100 100 1.6e-019
00700 150.0 004.7 0004.9 100 100 1.7e-019
00760 159.0 007.2 0004.7 100 100 2.1e-019
00820 260.0 008.3 0004.8 100 100 1.9e-019
00880 257.0 008.4 0004.7 100 100 3.0e-019
00940 257.0 008.9 0004.9 100 100 4.4e-019
01000 254.0 008.8 0004.9 100 100 5.8e-019
01060 254.0 010.2 0004.8 100 100 1.0e-019
01120 248.0 007.8 0004.8 100 100 1.5e-019
01180 230.0 006.2 0004.8 100 100 1.9e-019
01240 228.0 007.1 0005.0 100 100 2.1e-019
01300 232.0 007.6 0005.2 100 100 2.5e-019
01360 231.0 008.0 0005.1 100 100 2.7e-019
01420 231.0 008.5 0005.1 100 100 2.6e-019
01480 232.0 009.3 0005.1 100 100 2.7e-019
01540 232.0 010.0 0005.1 100 100 2.6e-019
01600 231.0 010.3 0005.0 100 100 2.5e-019
01660 232.0 010.2 0004.9 100 100 2.5e-019
01720 230.0 009.9 0004.8 100 100 2.3e-019
01780 229.0 010.2 0004.8 100 100 2.1e-019
01840 229.0 010.5 0004.6 100 100 2.2e-019
01900 228.0 010.6 0004.6 100 100 2.4e-019
01960 227.0 010.7 0002.4 100 100 1.7e-019
02020 228.0 010.3 0004.8 100 100 1.9e-019
02080 229.0 010.3 0004.0 100 100 2.6e-019
02140 232.0 010.6 0004.0 100 100 2.7e-019
02200 233.0 010.8 0004.1 100 100 2.7e-019
02260 235.0 011.2 0004.0 100 100 2.9e-019
02320 235.0 010.9 0003.9 100 100 2.9e-019
02380 234.0 011.7 0003.9 100 100 2.7e-019
02440 235.0 012.0 0003.7 100 100 2.9e-019
02500 236.0 011.9 0003.7 100 100 2.8e-019
02560 235.0 012.2 0003.6 100 100 2.8e-019
02620 234.0 012.0 0003.5 100 100 2.8e-019
02680 234.0 011.8 0003.4 100 100 2.5e-019
02740 232.0 012.5 0003.4 100 100 2.6e-019
02800 230.0 012.6 0003.4 100 100 2.6e-019
02860 228.0 013.1 0003.4 100 100 2.6e-019
02920 233.0 012.6 0003.4 100 100 2.2e-019
02980 228.0 013.6 0003.3 100 100 2.4e-019
03040 228.0 013.5 0003.5 100 100 2.2e-019
03100 229.0 013.4 0003.4 100 100 2.2e-019
03160 229.0 013.3 0003.5 100 100 1.9e-019
03220 229.0 012.8 0003.5 100 100 1.8e-019
03280 246.0 010.6 0003.5 100 100 1.2e-019
03340 251.0 009.6 0003.6 100 100 1.0e-019
03400 247.0 009.4 0003.6 100 100 9.6e-020
03460 229.0 011.1 0003.6 100 100 1.6e-019
03520 231.0 011.9 0003.6 100 100 1.6e-019
03580 232.0 011.7 0003.7 100 100 1.4e-019
03640 233.0 012.6 0003.7 100 100 1.5e-019
03700 239.0 016.3 0003.6 100 100 1.5e-019
03760 239.0 017.7 0003.6 100 100 1.4e-019
03820 241.0 017.5 0003.6 100 100 1.4e-019
03880 243.0 018.2 0003.8 100 100 1.4e-019
03940 253.0 018.2 0003.9 100 100 1.1e-019
04000 251.0 019.4 0004.8 100 100 1.1e-019
04060 253.0 018.2 0004.5 100 100 1.0e-019
04120 255.0 018.1 0004.4 100 100 1.1e-019
04180 256.0 018.0 0004.3 100 100 1.0e-019
04240 249.0 019.1 0004.2 100 100 1.0e-019
04300 253.0 019.8 0004.1 100 100 8.7e-020
04360 253.0 020.0 0004.0 100 100 7.7e-020
04420 244.0 017.1 0003.8 100 100 7.0e-020
04480 247.0 016.2 0003.8 100 100 6.6e-020
04540 244.0 016.3 0003.6 100 100 6.7e-020
04600 244.0 016.5 0003.7 100 100 8.3e-020
04660 244.0 016.8 0003.9 100 100 8.9e-020
04720 243.0 017.8 0004.0 100 100 1.0e-019
04780 248.0 027.4 0003.7 100 100 2.2e-020
04840 247.0 030.9 0002.7 100 100 2.9e-020
04900 243.0 028.6 0002.2 100 100 3.0e-020
04960 ///// ///// 0002.2 000 000 4.1e-020
05020 244.0 024.5 0002.0 100 100 1.9e-020
05080 ///// ///// 0002.2 000 000 4.0e-020
05140 234.0 020.0 0001.8 100 100 3.2e-020
05200 241.0 023.3 0001.9 100 100 3.4e-020
05260 236.0 020.1 0001.6 100 100 3.2e-020
05320 231.0 015.9 0001.3 100 100 2.7e-020
05380 230.0 016.7 0001.3 100 100 3.0e-020
05440 228.0 017.3 0001.3 100 100 2.2e-020
05500 233.0 022.3 0001.1 100 100 1.6e-020
05560 218.0 015.1 0001.2 100 100 1.3e-020
05620 ///// ///// 0001.0 000 000 1.3e-020
05680 203.0 013.3 0001.1 100 100 8.4e-021
05740 ///// ///// 0000.8 000 000 8.4e-021
05800 ///// ///// 0000.0 000 000 6.2e-021
05860 ///// ///// 0000.0 000 000 6.9e-021
05920 214.0 014.5 0000.0 100 100 5.1e-021
05980 ///// ///// 0000.2 000 000 6.1e-021
NNNN
