WNDROBS 01.20
57793 0114.3600 027.7900 00130.0 LC 20130629035000
ROBS
00100 081.0 005.2 0000.5 100 100 3.8e-021
00160 081.0 005.8 0000.4 100 100 1.2e-020
00220 090.0 002.8 0000.4 100 100 5.2e-021
00280 099.0 003.2 0000.1 100 100 5.9e-021
00340 098.0 003.2 -000.0 100 100 3.4e-021
00400 102.0 002.8 -000.2 100 100 2.3e-021
00460 099.0 004.1 -000.3 100 100 2.8e-021
00520 140.0 002.1 -000.1 100 100 5.0e-021
00580 170.0 003.4 0000.4 100 100 4.3e-020
00640 173.0 003.6 0000.3 100 100 3.5e-020
00700 215.0 003.8 0000.2 100 100 1.3e-020
00760 233.0 005.7 -000.0 100 100 5.5e-021
00820 222.0 008.8 -000.7 100 100 6.3e-021
00880 228.0 009.6 -000.0 100 100 6.3e-021
00940 228.0 010.9 -000.8 100 100 9.5e-021
01000 231.0 010.8 -001.3 100 100 9.4e-021
01060 225.0 011.1 -000.1 100 100 2.5e-021
01120 229.0 011.6 -000.2 100 100 3.0e-021
01180 229.0 012.1 -000.3 100 100 2.1e-021
01240 231.0 012.0 -000.3 100 100 2.4e-021
01300 232.0 012.6 -000.2 100 100 7.1e-021
01360 234.0 013.3 -000.3 100 100 9.9e-021
01420 235.0 014.0 -000.2 100 100 1.7e-020
01480 235.0 014.9 -000.3 100 100 2.3e-020
01540 237.0 016.0 -000.4 100 100 1.7e-020
01600 238.0 016.5 -000.2 100 100 5.0e-021
01660 240.0 017.8 -000.9 100 100 1.7e-021
01720 243.0 019.3 -000.2 100 100 1.8e-021
01780 243.0 020.2 -000.1 100 100 2.5e-021
01840 242.0 019.2 0000.0 100 100 1.8e-021
01900 245.0 017.8 0000.0 100 100 6.4e-022
01960 244.0 018.4 -000.4 100 100 2.5e-021
02020 241.0 016.8 0000.1 100 100 2.4e-021
02080 243.0 016.8 -000.4 100 100 2.0e-021
02140 248.0 015.4 0000.0 100 100 1.1e-021
02200 235.0 014.5 -000.2 100 100 1.4e-021
02260 251.0 013.4 0000.0 100 100 1.2e-021
02320 242.0 014.1 0000.1 100 100 2.1e-021
02380 246.0 014.1 0001.1 100 100 1.4e-021
02440 248.0 015.2 0000.2 100 100 1.4e-021
02500 243.0 012.4 0000.0 100 100 1.3e-021
02560 243.0 012.5 0000.0 100 100 1.4e-021
02620 237.0 009.9 0000.1 100 100 1.4e-021
02680 243.0 011.7 -000.4 100 100 2.9e-021
02740 264.0 011.0 -001.0 100 100 2.0e-021
02800 239.0 011.1 -000.5 100 100 2.5e-021
02860 238.0 011.1 0000.0 100 100 1.4e-021
02920 234.0 010.3 -001.1 100 100 2.1e-021
02980 236.0 011.9 0000.0 100 100 1.3e-021
03040 243.0 011.6 0000.5 100 100 3.2e-021
03100 221.0 006.4 0000.0 100 100 6.4e-022
03160 ///// ///// -001.0 000 000 1.4e-021
03220 ///// ///// 0000.0 000 000 2.5e-022
03280 ///// ///// 0000.1 000 000 2.1e-021
03340 ///// ///// -000.6 000 000 3.3e-021
03400 ///// ///// -000.5 000 000 8.6e-022
03460 ///// ///// -000.7 000 000 2.1e-021
03520 ///// ///// 0000.0 000 000 9.7e-022
03580 ///// ///// 0001.1 000 000 2.3e-021
03640 ///// ///// 0000.0 000 000 8.9e-022
03700 ///// ///// -000.3 000 000 2.7e-021
03760 ///// ///// -000.1 000 000 3.9e-021
03820 ///// ///// 0000.0 000 000 2.8e-021
03880 ///// ///// 0000.0 000 000 2.1e-021
03940 ///// ///// 0000.0 000 000 2.6e-021
04000 ///// ///// 0001.4 000 000 2.6e-021
04060 ///// ///// 0000.0 000 000 9.9e-022
04120 ///// ///// 0000.3 000 000 3.8e-021
04180 ///// ///// 0000.2 000 000 2.4e-021
04240 ///// ///// 0000.0 000 000 2.3e-021
04300 ///// ///// 0000.0 000 000 5.8e-021
04360 ///// ///// 0000.3 000 000 5.8e-021
04420 ///// ///// 0000.3 000 000 4.6e-021
04480 ///// ///// 0000.2 000 000 5.3e-021
04540 229.0 009.2 0000.4 100 100 1.6e-020
04600 231.0 010.1 0000.1 100 100 1.8e-020
04660 235.0 010.1 0000.1 100 100 1.4e-020
04720 232.0 011.0 0000.0 100 100 9.0e-021
04780 ///// ///// 0000.0 000 000 4.7e-021
04840 ///// ///// 0000.1 000 000 4.6e-021
04900 238.0 011.0 -000.3 100 100 5.2e-021
04960 ///// ///// 0000.0 000 000 1.7e-021
05020 ///// ///// 0000.0 000 000 4.5e-021
05080 ///// ///// 0000.0 000 000 4.4e-021
05140 ///// ///// 0000.0 000 000 4.2e-021
05200 ///// ///// 0000.0 000 000 1.4e-021
05260 ///// ///// -001.1 000 000 4.3e-021
05320 ///// ///// -000.4 000 000 4.4e-021
05380 ///// ///// 0000.0 000 000 1.6e-021
05440 ///// ///// 0000.0 000 000 4.0e-021
05500 ///// ///// 0000.1 000 000 5.2e-021
05560 ///// ///// 0000.0 000 000 3.6e-021
05620 ///// ///// 0000.0 000 000 4.1e-021
05680 ///// ///// 0000.0 000 000 3.4e-021
05740 ///// ///// 0000.0 000 000 1.8e-021
05800 ///// ///// 0000.0 000 000 1.7e-021
05860 ///// ///// 0000.6 000 000 5.0e-021
05920 ///// ///// 0000.3 000 000 1.9e-021
05980 ///// ///// 0000.0 000 000 4.0e-021
NNNN
