WNDROBS 01.20
57793 0114.3600 027.7900 00130.0 LC 20130629195500
ROBS
00100 133.0 006.0 0000.2 100 100 3.2e-021
00160 131.0 006.4 0000.3 100 100 7.4e-021
00220 134.0 006.3 0000.1 100 100 3.0e-021
00280 127.0 003.8 -000.0 100 100 4.9e-021
00340 146.0 003.3 0000.1 100 100 5.6e-021
00400 150.0 003.5 -000.0 100 100 8.1e-021
00460 150.0 005.1 -000.3 100 100 3.4e-020
00520 158.0 007.9 -000.1 100 100 1.2e-019
00580 165.0 008.3 -000.0 100 100 1.8e-019
00640 171.0 008.8 0000.3 100 100 8.9e-020
00700 176.0 008.1 -000.0 100 100 9.8e-020
00760 177.0 008.1 -000.0 100 100 1.2e-019
00820 199.0 007.8 -000.5 100 100 6.5e-020
00880 192.0 006.8 -000.3 100 100 2.7e-020
00940 194.0 007.0 -000.2 100 100 1.4e-020
01000 199.0 006.2 -000.0 100 100 1.3e-020
01060 197.0 006.3 0000.4 100 100 7.3e-021
01120 200.0 004.6 0000.4 100 100 7.6e-021
01180 198.0 005.2 0000.3 100 100 6.5e-021
01240 205.0 005.4 0000.1 100 100 4.5e-021
01300 209.0 005.7 0000.0 100 100 5.4e-021
01360 211.0 006.9 0000.3 100 100 5.9e-021
01420 217.0 007.7 0000.0 100 100 4.0e-021
01480 217.0 008.8 0000.2 100 100 3.3e-021
01540 216.0 009.8 0000.3 100 100 3.4e-021
01600 219.0 011.0 0000.1 100 100 1.8e-021
01660 222.0 011.1 0000.1 100 100 2.5e-021
01720 222.0 012.9 -000.0 100 100 4.1e-021
01780 226.0 013.2 -000.2 100 100 5.3e-021
01840 225.0 013.2 -000.3 100 100 4.1e-021
01900 224.0 010.7 -000.3 100 100 2.0e-021
01960 222.0 010.2 -000.3 100 100 6.2e-021
02020 218.0 010.4 -000.4 100 100 4.1e-021
02080 223.0 010.0 -000.4 100 100 4.1e-021
02140 233.0 008.2 -000.2 100 100 2.9e-021
02200 217.0 007.7 0000.0 100 100 2.1e-021
02260 226.0 009.1 0000.0 100 100 2.6e-021
02320 222.0 008.5 -000.1 100 100 3.1e-021
02380 220.0 008.8 -000.2 100 100 1.4e-021
02440 216.0 008.5 0000.0 100 100 1.1e-021
02500 197.0 007.0 -000.2 100 100 1.0e-021
02560 197.0 007.1 0000.1 100 100 1.3e-021
02620 209.0 007.8 -000.1 100 100 2.3e-021
02680 199.0 007.2 0000.0 100 100 2.3e-021
02740 210.0 007.6 0000.0 100 100 2.4e-021
02800 198.0 007.3 0000.0 100 100 2.0e-021
02860 204.0 007.2 -000.9 100 100 1.7e-021
02920 207.0 005.0 0000.2 100 100 1.5e-021
02980 200.0 006.5 0000.0 100 100 2.0e-021
03040 203.0 005.8 0002.5 100 100 2.2e-021
03100 213.0 006.6 0000.0 100 100 2.1e-021
03160 217.0 006.5 0000.8 100 100 1.3e-021
03220 178.0 005.0 0000.1 100 100 1.9e-021
03280 ///// ///// 0000.1 000 000 7.9e-022
03340 ///// ///// -000.2 000 000 2.2e-021
03400 211.0 006.3 -000.3 100 100 2.6e-021
03460 223.0 008.7 -000.2 100 100 5.8e-021
03520 226.0 009.2 -000.4 100 100 9.9e-021
03580 225.0 010.4 0000.1 100 100 1.2e-020
03640 222.0 010.9 0000.1 100 100 1.7e-020
03700 219.0 010.8 -000.3 100 100 1.5e-020
03760 218.0 010.7 -000.0 100 100 1.1e-020
03820 221.0 010.8 0001.2 100 100 8.7e-021
03880 221.0 010.5 0000.1 100 100 1.2e-020
03940 219.0 009.6 0000.5 100 100 1.5e-020
04000 216.0 010.2 0000.5 100 100 2.5e-020
04060 216.0 010.0 0000.3 100 100 3.7e-020
04120 217.0 010.1 -000.2 100 100 8.4e-020
04180 220.0 010.4 0000.1 100 100 1.0e-019
04240 219.0 010.7 0000.1 100 100 8.5e-020
04300 220.0 011.3 -000.0 100 100 2.7e-020
04360 216.0 010.2 0000.0 100 100 1.0e-020
04420 212.0 009.0 0000.0 100 100 3.5e-021
04480 ///// ///// 0000.0 000 000 5.3e-021
04540 ///// ///// 0000.0 000 000 2.3e-021
04600 ///// ///// 0000.8 000 000 3.7e-021
04660 ///// ///// 0000.0 000 000 2.5e-021
04720 ///// ///// 0000.0 000 000 1.3e-021
04780 ///// ///// 0000.0 000 000 2.3e-021
04840 ///// ///// 0000.0 000 000 2.0e-021
04900 ///// ///// 0000.0 000 000 9.9e-022
04960 ///// ///// 0000.0 000 000 3.2e-021
05020 ///// ///// -000.6 000 000 4.6e-021
05080 ///// ///// 0000.0 000 000 3.0e-021
05140 ///// ///// -000.0 000 000 2.0e-021
05200 ///// ///// -000.4 000 000 6.8e-021
05260 ///// ///// -000.2 000 000 5.1e-021
05320 ///// ///// -000.2 000 000 5.0e-021
05380 ///// ///// -000.2 000 000 4.6e-021
05440 ///// ///// -000.3 000 000 6.5e-021
05500 ///// ///// 0000.0 000 000 1.9e-021
05560 ///// ///// 0000.0 000 000 5.5e-021
05620 ///// ///// 0000.1 000 000 4.4e-021
05680 ///// ///// -000.9 000 000 4.8e-021
05740 ///// ///// 0000.2 000 000 4.4e-021
05800 ///// ///// 0000.0 000 000 2.8e-021
05860 ///// ///// 0000.0 000 000 2.2e-021
05920 ///// ///// 0000.0 000 000 1.9e-021
05980 ///// ///// 0000.0 000 000 3.8e-021
NNNN
