WNDROBS 01.20
57793 0114.3600 027.7900 00130.0 LC 20130628031000
ROBS
00100 334.0 005.7 0007.6 100 100 6.2e-017
00160 336.0 006.3 0008.1 100 100 1.1e-015
00220 345.0 005.9 0008.4 100 100 1.4e-015
00280 337.0 004.5 0008.2 100 100 1.7e-015
00340 340.0 005.1 0007.9 100 100 1.9e-015
00400 343.0 005.3 0008.1 100 100 1.8e-015
00460 344.0 007.2 0008.6 100 100 1.1e-015
00520 330.0 004.0 0008.5 100 100 1.6e-015
00580 340.0 004.4 0008.5 100 100 1.6e-015
00640 355.0 003.7 0008.6 100 100 1.7e-015
00700 329.0 002.4 0008.6 100 100 1.8e-015
00760 295.0 002.4 0008.5 100 100 1.9e-015
00820 254.0 002.9 0008.4 100 100 2.0e-015
00880 236.0 003.5 0008.2 100 100 2.1e-015
00940 242.0 006.2 0008.7 100 100 1.8e-015
01000 245.0 007.4 0009.0 100 100 1.8e-015
01060 249.0 004.8 0008.7 100 100 5.4e-016
01120 242.0 005.0 0008.8 100 100 5.2e-016
01180 241.0 006.1 0008.6 100 100 5.2e-016
01240 237.0 006.8 0008.7 100 100 5.4e-016
01300 237.0 007.6 0008.9 100 100 4.9e-016
01360 236.0 008.6 0008.8 100 100 5.1e-016
01420 238.0 008.9 0008.8 100 100 4.8e-016
01480 242.0 009.5 0008.9 100 100 4.8e-016
01540 243.0 009.5 0009.0 100 100 4.3e-016
01600 245.0 010.0 0008.7 100 100 4.1e-016
01660 241.0 010.6 0008.6 100 100 4.2e-016
01720 237.0 010.6 0008.4 100 100 4.6e-016
01780 236.0 010.0 0008.3 100 100 4.6e-016
01840 231.0 009.6 0008.5 100 100 4.2e-016
01900 238.0 009.9 0008.5 100 100 3.7e-016
01960 240.0 009.7 0008.7 100 100 3.8e-016
02020 236.0 013.0 0008.6 100 100 3.6e-016
02080 243.0 012.7 0008.6 100 100 3.7e-016
02140 235.0 011.8 0008.5 100 100 3.6e-016
02200 242.0 012.3 0008.4 100 100 3.1e-016
02260 248.0 011.5 0008.3 100 100 2.9e-016
02320 251.0 010.8 0008.2 100 100 2.8e-016
02380 251.0 010.3 0008.0 100 100 2.8e-016
02440 250.0 009.6 0007.9 100 100 2.5e-016
02500 234.0 009.4 0007.4 100 100 1.6e-016
02560 240.0 008.2 0007.5 100 100 1.4e-016
02620 251.0 008.3 0007.4 100 100 1.7e-016
02680 256.0 005.0 0007.2 100 100 1.8e-016
02740 266.0 004.0 0007.1 100 100 1.8e-016
02800 263.0 002.8 0006.7 100 100 2.0e-016
02860 200.0 006.0 0006.3 100 100 1.7e-016
02920 214.0 005.7 0006.2 100 100 1.7e-016
02980 186.0 004.0 0005.7 100 100 1.9e-016
03040 221.0 003.6 0005.7 100 100 1.3e-016
03100 230.0 003.2 0005.8 100 100 1.2e-016
03160 236.0 003.9 0006.1 100 100 1.1e-016
03220 225.0 001.7 0006.2 100 100 1.1e-016
03280 260.0 004.7 0006.0 100 100 1.0e-016
03340 266.0 004.1 0005.2 100 100 9.3e-017
03400 243.0 006.1 0004.9 100 100 9.2e-017
03460 226.0 009.5 0004.5 100 100 8.1e-017
03520 227.0 009.8 0003.4 100 100 9.8e-017
03580 214.0 009.4 0002.7 100 100 8.4e-017
03640 207.0 010.6 0003.0 100 100 8.2e-017
03700 211.0 011.4 0002.7 100 100 7.7e-017
03760 224.0 012.4 0002.8 100 100 7.9e-017
03820 230.0 016.2 0003.6 100 100 8.1e-017
03880 228.0 016.0 0003.4 100 100 8.2e-017
03940 229.0 015.9 0004.4 100 100 8.6e-017
04000 231.0 015.3 0005.0 100 100 7.5e-017
04060 232.0 015.0 0005.0 100 100 8.0e-017
04120 231.0 015.9 0003.6 100 100 6.5e-017
04180 227.0 015.7 0005.0 100 100 7.7e-017
04240 224.0 015.0 0005.2 100 100 8.5e-017
04300 226.0 014.8 0004.1 100 100 7.3e-017
04360 217.0 013.2 0005.5 100 100 7.2e-017
04420 213.0 012.6 0005.6 100 100 6.7e-017
04480 211.0 013.4 0005.2 100 100 6.1e-017
04540 214.0 011.5 0005.3 100 100 4.5e-017
04600 216.0 012.5 0004.3 100 100 4.6e-017
04660 214.0 013.3 0004.3 100 100 4.0e-017
04720 218.0 010.5 0002.8 100 100 3.0e-017
04780 214.0 010.6 0004.8 100 100 1.0e-017
04840 209.0 009.8 0005.1 100 100 9.4e-018
04900 187.0 007.9 0005.2 100 100 8.4e-018
04960 ///// ///// 0005.1 000 000 8.7e-018
05020 175.0 012.7 0006.0 100 100 9.6e-018
05080 176.0 012.4 0005.5 100 100 8.8e-018
05140 184.0 011.0 0006.9 100 100 8.2e-018
05200 193.0 010.0 0006.8 100 100 7.4e-018
05260 190.0 012.5 0006.8 100 100 6.8e-018
05320 187.0 011.9 0006.4 100 100 5.7e-018
05380 190.0 010.8 0007.1 100 100 5.5e-018
05440 192.0 011.1 0006.7 100 100 4.7e-018
05500 208.0 010.3 0005.5 100 100 4.3e-018
05560 234.0 011.2 0007.8 100 100 3.9e-018
05620 233.0 015.5 0006.0 100 100 3.8e-018
05680 232.0 014.7 0003.8 100 100 3.4e-018
05740 232.0 014.5 0005.3 100 100 3.0e-018
05800 226.0 013.1 0003.6 100 100 2.5e-018
05860 223.0 011.9 0004.5 100 100 2.1e-018
05920 228.0 012.4 0003.5 100 100 1.9e-018
05980 238.0 013.4 0002.9 100 100 1.5e-018
NNNN
