WNDROBS 01.20
57793 0114.3600 027.7900 00130.0 LC 20130629204500
ROBS
00100 107.0 004.6 0001.9 100 100 4.9e-021
00160 103.0 004.9 0002.1 100 100 1.1e-020
00220 114.0 005.6 0002.1 100 100 4.7e-021
00280 098.0 004.3 0000.2 100 100 1.6e-020
00340 127.0 002.9 -000.0 100 100 1.3e-020
00400 132.0 002.9 -000.0 100 100 1.4e-020
00460 143.0 003.6 -000.1 100 100 2.2e-020
00520 156.0 005.5 -000.2 100 100 5.7e-020
00580 160.0 006.4 -000.2 100 100 6.4e-020
00640 161.0 006.9 -000.2 100 100 3.7e-020
00700 171.0 006.0 -000.1 100 100 9.6e-020
00760 187.0 004.8 0000.2 100 100 5.5e-020
00820 194.0 003.4 0000.2 100 100 5.1e-020
00880 216.0 002.4 0000.1 100 100 4.3e-020
00940 227.0 003.2 0000.0 100 100 8.1e-021
01000 209.0 004.4 0000.0 100 100 5.7e-021
01060 210.0 003.6 -000.0 100 100 1.8e-021
01120 206.0 004.3 0000.2 100 100 1.0e-021
01180 217.0 005.1 0000.3 100 100 1.5e-021
01240 226.0 004.4 -000.1 100 100 1.9e-021
01300 222.0 005.7 -000.0 100 100 2.3e-021
01360 224.0 006.5 0000.0 100 100 2.5e-021
01420 223.0 007.7 -000.0 100 100 3.2e-021
01480 224.0 008.4 0000.2 100 100 3.9e-021
01540 226.0 009.5 -000.2 100 100 3.9e-021
01600 225.0 010.2 -000.1 100 100 4.3e-021
01660 227.0 011.9 -000.2 100 100 4.4e-021
01720 227.0 012.6 -000.1 100 100 3.5e-021
01780 227.0 013.1 -000.1 100 100 3.0e-021
01840 228.0 012.9 -000.2 100 100 1.6e-021
01900 226.0 013.9 0000.0 100 100 1.5e-021
01960 224.0 012.5 -000.3 100 100 1.5e-021
02020 222.0 012.1 0000.0 100 100 1.5e-021
02080 223.0 011.2 0000.0 100 100 1.2e-021
02140 219.0 009.6 -000.3 100 100 1.6e-021
02200 213.0 009.4 -000.2 100 100 1.9e-021
02260 212.0 008.7 0000.3 100 100 1.8e-021
02320 203.0 008.5 -000.1 100 100 2.2e-021
02380 205.0 008.7 -000.3 100 100 2.0e-021
02440 205.0 009.1 -000.0 100 100 1.2e-021
02500 213.0 008.0 -000.1 100 100 3.1e-021
02560 212.0 008.0 0001.4 100 100 2.9e-021
02620 216.0 008.5 0000.0 100 100 4.5e-021
02680 216.0 008.3 -000.0 100 100 7.0e-021
02740 215.0 008.8 0000.1 100 100 5.3e-021
02800 218.0 008.2 -000.6 100 100 1.7e-021
02860 216.0 009.2 -000.1 100 100 5.2e-021
02920 211.0 009.3 -000.1 100 100 5.9e-021
02980 211.0 009.4 -000.0 100 100 5.6e-021
03040 212.0 010.3 0000.4 100 100 7.3e-021
03100 212.0 010.0 -000.1 100 100 5.1e-021
03160 218.0 010.5 0000.0 100 100 2.7e-021
03220 219.0 010.9 -000.1 100 100 2.7e-021
03280 223.0 010.0 0000.0 100 100 2.5e-021
03340 220.0 010.3 0000.1 100 100 2.7e-021
03400 226.0 010.0 0000.0 100 100 1.5e-021
03460 223.0 009.5 0000.0 100 100 3.4e-021
03520 218.0 008.8 0000.0 100 100 3.8e-021
03580 220.0 009.3 0000.1 100 100 3.9e-021
03640 222.0 009.6 0000.2 100 100 5.0e-021
03700 223.0 009.7 0000.4 100 100 4.0e-021
03760 208.0 008.2 0000.2 100 100 4.9e-021
03820 213.0 008.8 0000.0 100 100 4.3e-021
03880 225.0 009.6 0000.0 100 100 2.8e-021
03940 236.0 009.0 0000.0 100 100 3.5e-021
04000 235.0 010.3 0000.4 100 100 4.2e-021
04060 230.0 010.5 0000.1 100 100 2.9e-021
04120 233.0 011.5 0000.2 100 100 6.5e-021
04180 231.0 011.6 0000.4 100 100 4.0e-021
04240 230.0 011.4 0000.0 100 100 7.1e-021
04300 226.0 011.5 0000.0 100 100 9.3e-021
04360 231.0 012.2 0000.0 100 100 1.0e-020
04420 230.0 012.5 0000.0 100 100 2.5e-021
04480 223.0 011.7 0000.0 100 100 2.9e-021
04540 228.0 011.0 0000.0 100 100 5.1e-021
04600 233.0 011.2 0000.0 100 100 6.0e-021
04660 241.0 011.0 0000.0 100 100 4.0e-021
04720 222.0 004.6 0000.0 100 100 4.1e-021
04780 ///// ///// -001.5 000 000 1.5e-021
04840 ///// ///// 0000.0 000 000 1.2e-021
04900 ///// ///// 0000.0 000 000 2.9e-021
04960 ///// ///// 0000.0 000 000 4.0e-021
05020 ///// ///// 0000.0 000 000 1.4e-021
05080 ///// ///// 0000.0 000 000 2.9e-021
05140 ///// ///// -000.4 000 000 4.3e-021
05200 231.0 005.5 0000.0 100 100 4.6e-021
05260 ///// ///// -000.0 000 000 4.3e-021
05320 ///// ///// 0000.0 000 000 1.7e-021
05380 213.0 005.0 0000.1 100 100 1.9e-021
05440 213.0 005.7 0000.0 100 100 7.2e-022
05500 ///// ///// 0000.0 000 000 3.4e-021
05560 ///// ///// 0000.0 000 000 1.9e-021
05620 ///// ///// 0000.0 000 000 1.8e-021
05680 ///// ///// 0000.0 000 000 3.8e-021
05740 ///// ///// 0000.0 000 000 4.0e-021
05800 ///// ///// 0000.0 000 000 1.4e-021
05860 ///// ///// 0000.0 000 000 1.7e-021
05920 ///// ///// -000.7 000 000 4.9e-021
05980 ///// ///// 0000.0 000 000 3.4e-021
NNNN
