WNDROBS 01.20
57793 0114.3600 027.7900 00130.0 LC 20130628024500
ROBS
00100 004.0 001.0 0003.0 100 100 4.0e-020
00160 271.0 005.3 0003.3 100 100 2.5e-019
00220 003.0 001.0 0003.6 100 100 4.4e-019
00280 286.0 005.7 0003.6 100 100 5.4e-019
00340 293.0 005.3 0003.2 100 100 7.3e-019
00400 304.0 004.8 0003.2 100 100 9.7e-019
00460 315.0 004.3 0002.8 100 100 1.2e-018
00520 310.0 004.4 0002.5 100 100 1.4e-018
00580 299.0 004.2 0002.6 100 100 1.4e-018
00640 289.0 003.5 0004.3 100 100 1.6e-018
00700 289.0 002.9 0002.3 100 100 1.7e-018
00760 204.0 007.3 0004.0 100 100 8.7e-019
00820 205.0 008.0 0003.7 100 100 1.2e-018
00880 207.0 008.0 0003.1 100 100 1.4e-018
00940 226.0 003.1 0002.7 100 100 1.2e-018
01000 242.0 006.9 0002.6 100 100 8.8e-019
01060 242.0 006.8 0002.9 100 100 3.0e-019
01120 238.0 004.6 0002.7 100 100 2.3e-019
01180 202.0 009.8 0002.6 100 100 2.1e-019
01240 214.0 006.8 0002.7 100 100 3.1e-019
01300 218.0 007.4 0002.7 100 100 3.7e-019
01360 223.0 008.3 0002.7 100 100 3.5e-019
01420 245.0 008.5 0002.7 100 100 3.1e-019
01480 246.0 009.6 0002.5 100 100 3.0e-019
01540 248.0 008.9 0002.3 100 100 2.9e-019
01600 252.0 010.3 0002.1 100 100 3.1e-019
01660 246.0 011.3 0002.2 100 100 3.8e-019
01720 262.0 011.5 0002.1 100 100 4.7e-019
01780 264.0 011.3 0002.0 100 100 4.7e-019
01840 262.0 008.9 0002.0 100 100 5.6e-019
01900 264.0 009.1 0001.9 100 100 5.8e-019
01960 269.0 009.5 0001.7 100 100 5.9e-019
02020 267.0 010.2 0001.4 100 100 5.9e-019
02080 265.0 010.2 0001.6 100 100 5.9e-019
02140 263.0 010.5 0001.7 100 100 6.8e-019
02200 263.0 010.9 0001.7 100 100 6.8e-019
02260 261.0 011.0 0001.6 100 100 6.2e-019
02320 259.0 011.1 0001.8 100 100 5.8e-019
02380 256.0 010.9 0001.9 100 100 5.0e-019
02440 252.0 011.3 0001.9 100 100 4.7e-019
02500 243.0 012.1 0001.8 100 100 4.1e-019
02560 240.0 012.4 0001.9 100 100 4.3e-019
02620 238.0 012.7 0000.0 100 100 7.5e-020
02680 229.0 014.2 0005.6 100 100 9.9e-019
02740 237.0 013.1 0000.0 100 100 9.2e-020
02800 235.0 012.8 0005.3 100 100 1.3e-018
02860 235.0 012.3 0005.3 100 100 1.5e-018
02920 236.0 012.9 0005.4 100 100 1.6e-018
02980 237.0 013.3 0005.5 100 100 1.7e-018
03040 236.0 013.7 0005.6 100 100 1.8e-018
03100 235.0 014.3 0005.8 100 100 1.9e-018
03160 232.0 015.0 0005.9 100 100 2.0e-018
03220 231.0 015.3 0006.0 100 100 1.8e-018
03280 232.0 015.5 0006.1 100 100 1.8e-018
03340 231.0 015.1 0000.0 100 100 1.0e-019
03400 231.0 014.3 0006.4 100 100 1.8e-018
03460 231.0 013.8 0006.3 100 100 1.7e-018
03520 236.0 015.0 0005.9 100 100 1.7e-018
03580 238.0 014.1 0005.9 100 100 1.9e-018
03640 237.0 013.3 0005.8 100 100 2.0e-018
03700 236.0 012.4 0005.7 100 100 2.0e-018
03760 235.0 011.9 0005.6 100 100 2.4e-018
03820 229.0 011.8 0005.4 100 100 2.4e-018
03880 236.0 010.7 0005.3 100 100 3.0e-018
03940 235.0 010.4 0005.1 100 100 3.4e-018
04000 235.0 010.3 0004.8 100 100 3.5e-018
04060 236.0 010.9 0004.2 100 100 3.6e-018
04120 236.0 011.2 0004.0 100 100 3.4e-018
04180 236.0 011.8 0003.5 100 100 3.1e-018
04240 238.0 012.7 0003.3 100 100 3.0e-018
04300 239.0 013.3 0002.1 100 100 2.1e-018
04360 240.0 013.8 0002.9 100 100 2.1e-018
04420 241.0 013.4 0002.6 100 100 1.6e-018
04480 242.0 013.1 0002.3 100 100 1.1e-018
04540 242.0 012.4 0001.9 100 100 7.5e-019
04600 243.0 012.5 0001.6 100 100 5.5e-019
04660 244.0 012.7 0001.1 100 100 3.5e-019
04720 239.0 013.2 0000.9 100 100 2.2e-019
04780 237.0 013.9 0001.8 100 100 6.7e-020
04840 237.0 013.6 0001.5 100 100 4.3e-020
04900 247.0 016.5 0001.1 100 100 2.1e-020
04960 252.0 013.4 0002.5 100 100 1.4e-020
05020 ///// ///// 0001.5 000 000 1.1e-020
05080 ///// ///// 0000.0 000 000 9.1e-021
05140 ///// ///// -000.6 000 000 1.2e-020
05200 ///// ///// -000.2 000 000 2.7e-021
05260 ///// ///// 0000.0 000 000 7.7e-021
05320 ///// ///// 0000.0 000 000 4.9e-021
05380 ///// ///// 0000.0 000 000 2.7e-021
05440 ///// ///// 0000.0 000 000 6.0e-021
05500 ///// ///// 0000.0 000 000 6.8e-021
05560 ///// ///// 0000.0 000 000 6.3e-021
05620 ///// ///// -008.2 000 000 6.6e-021
05680 ///// ///// 0000.0 000 000 6.2e-021
05740 ///// ///// 0000.0 000 000 6.5e-021
05800 ///// ///// 0000.0 000 000 7.0e-021
05860 ///// ///// -001.2 000 000 6.7e-021
05920 ///// ///// 0000.1 000 000 6.3e-021
05980 ///// ///// 0000.0 000 000 1.8e-021
NNNN
