WNDROBS 01.20
57793 0114.3600 027.7900 00130.0 LC 20130629154000
ROBS
00100 123.0 005.1 -000.5 100 100 1.3e-020
00160 128.0 005.1 -000.6 100 100 4.1e-020
00220 120.0 006.8 -000.5 100 100 2.9e-020
00280 123.0 006.9 -000.1 100 100 1.7e-020
00340 132.0 006.5 -000.2 100 100 3.6e-020
00400 131.0 007.4 -000.3 100 100 1.1e-019
00460 141.0 008.0 -000.2 100 100 9.9e-020
00520 147.0 008.7 -000.1 100 100 1.2e-020
00580 155.0 009.7 -000.1 100 100 2.3e-020
00640 164.0 009.4 -000.1 100 100 1.6e-020
00700 171.0 009.1 0000.0 100 100 1.4e-020
00760 174.0 009.1 0000.0 100 100 1.9e-020
00820 177.0 009.9 -000.1 100 100 1.9e-020
00880 179.0 010.9 0000.2 100 100 3.3e-020
00940 179.0 012.2 0000.0 100 100 5.2e-020
01000 183.0 011.8 0000.0 100 100 1.2e-019
01060 186.0 010.8 -000.1 100 100 4.7e-020
01120 194.0 009.9 -000.1 100 100 5.5e-020
01180 193.0 008.6 -000.2 100 100 5.6e-020
01240 193.0 008.3 -000.3 100 100 5.0e-020
01300 193.0 008.3 -000.2 100 100 3.3e-020
01360 196.0 008.2 -000.3 100 100 2.4e-020
01420 199.0 007.6 -000.3 100 100 2.3e-020
01480 196.0 006.9 -000.2 100 100 2.0e-020
01540 197.0 006.3 -000.3 100 100 3.2e-020
01600 199.0 006.2 -000.2 100 100 4.7e-020
01660 206.0 006.2 -000.1 100 100 2.9e-020
01720 211.0 007.4 -000.3 100 100 1.2e-020
01780 213.0 008.0 -000.3 100 100 9.3e-021
01840 215.0 008.8 -000.2 100 100 8.6e-021
01900 217.0 009.9 -000.3 100 100 1.2e-020
01960 218.0 009.9 -000.3 100 100 1.3e-020
02020 222.0 010.2 -000.3 100 100 1.2e-020
02080 227.0 011.1 -000.4 100 100 1.2e-020
02140 226.0 011.7 -000.4 100 100 1.1e-020
02200 225.0 011.0 -000.4 100 100 8.4e-021
02260 228.0 010.6 -000.4 100 100 9.3e-021
02320 227.0 010.2 -000.3 100 100 1.2e-020
02380 224.0 008.2 -001.2 100 100 1.9e-020
02440 218.0 008.0 -000.3 100 100 5.6e-021
02500 222.0 008.9 -000.3 100 100 7.5e-021
02560 219.0 008.8 -000.3 100 100 1.0e-020
02620 216.0 009.1 -000.3 100 100 6.8e-021
02680 219.0 008.1 -000.3 100 100 5.2e-021
02740 217.0 007.6 -000.2 100 100 4.8e-021
02800 218.0 007.8 -000.1 100 100 8.4e-021
02860 226.0 009.0 -000.1 100 100 1.2e-020
02920 222.0 008.2 0000.0 100 100 5.5e-021
02980 223.0 009.2 0000.0 100 100 7.1e-021
03040 229.0 007.6 0000.0 100 100 1.8e-021
03100 229.0 007.7 -000.2 100 100 5.7e-021
03160 229.0 007.7 0000.0 100 100 5.3e-021
03220 230.0 007.7 0000.0 100 100 5.4e-021
03280 231.0 008.0 0000.0 100 100 3.5e-021
03340 242.0 007.3 0000.0 100 100 2.2e-021
03400 215.0 003.9 0000.0 100 100 2.6e-021
03460 215.0 003.9 0000.0 100 100 1.2e-021
03520 202.0 005.0 0000.0 100 100 2.7e-021
03580 201.0 005.2 0000.0 100 100 8.6e-022
03640 203.0 005.0 0000.7 100 100 2.4e-021
03700 203.0 005.1 0000.0 100 100 2.9e-021
03760 200.0 005.3 0000.0 100 100 4.2e-021
03820 231.0 007.8 0000.3 100 100 2.5e-021
03880 227.0 008.2 0000.0 100 100 1.2e-021
03940 225.0 008.6 -000.7 100 100 3.2e-021
04000 221.0 006.2 -000.4 100 100 1.1e-021
04060 192.0 004.2 0000.0 100 100 2.8e-021
04120 225.0 004.5 0000.1 100 100 3.5e-021
04180 211.0 007.3 0000.1 100 100 3.4e-021
04240 171.0 006.8 0000.3 100 100 3.8e-021
04300 199.0 008.0 0000.2 100 100 1.2e-021
04360 197.0 007.5 0000.1 100 100 5.5e-021
04420 205.0 007.8 0000.3 100 100 1.0e-020
04480 208.0 007.9 0000.3 100 100 2.6e-020
04540 212.0 007.9 0000.3 100 100 2.0e-020
04600 215.0 008.0 0000.0 100 100 1.8e-020
04660 219.0 008.1 0000.0 100 100 1.3e-020
04720 221.0 008.3 0000.4 100 100 5.3e-021
04780 223.0 006.6 0000.0 100 100 4.2e-021
04840 ///// ///// 0000.0 000 000 1.8e-021
04900 ///// ///// 0000.0 000 000 2.7e-021
04960 ///// ///// 0000.0 000 000 4.1e-021
05020 ///// ///// 0000.0 000 000 2.8e-021
05080 ///// ///// -001.1 000 000 3.0e-021
05140 ///// ///// 0000.0 000 000 2.9e-021
05200 ///// ///// 0000.0 000 000 4.0e-021
05260 ///// ///// 0000.1 000 000 2.7e-021
05320 ///// ///// 0000.0 000 000 7.1e-022
05380 ///// ///// 0000.0 000 000 5.3e-021
05440 ///// ///// -000.3 000 000 4.5e-021
05500 ///// ///// 0000.0 000 000 3.1e-021
05560 ///// ///// 0000.6 000 000 1.8e-021
05620 ///// ///// 0000.0 000 000 1.2e-021
05680 ///// ///// 0000.0 000 000 8.0e-022
05740 ///// ///// 0000.0 000 000 1.9e-021
05800 ///// ///// 0000.9 000 000 1.6e-021
05860 ///// ///// 0000.0 000 000 1.5e-021
05920 ///// ///// 0000.0 000 000 4.1e-021
05980 ///// ///// 0000.0 000 000 1.3e-021
NNNN
