WNDROBS 01.20
57793 0114.3600 027.7900 00130.0 LC 20130629154500
ROBS
00100 115.0 003.7 -000.6 100 100 1.7e-020
00160 115.0 004.1 -000.7 100 100 3.6e-020
00220 115.0 004.5 -000.3 100 100 3.4e-020
00280 112.0 005.5 -000.2 100 100 2.6e-020
00340 121.0 004.8 -000.2 100 100 2.3e-020
00400 120.0 005.4 -000.1 100 100 8.5e-020
00460 139.0 006.2 0000.1 100 100 9.5e-020
00520 148.0 008.0 0000.0 100 100 4.7e-020
00580 159.0 009.1 -000.0 100 100 4.6e-020
00640 163.0 009.8 0000.3 100 100 6.2e-020
00700 172.0 010.0 0000.4 100 100 3.1e-020
00760 173.0 010.2 0000.1 100 100 2.0e-020
00820 180.0 010.7 0000.1 100 100 1.8e-020
00880 183.0 011.9 0000.2 100 100 3.1e-020
00940 183.0 012.9 0000.2 100 100 6.8e-020
01000 185.0 013.4 0000.0 100 100 8.5e-020
01060 184.0 013.8 -000.1 100 100 3.5e-020
01120 189.0 013.2 0000.0 100 100 2.7e-020
01180 194.0 011.7 0000.0 100 100 6.0e-020
01240 193.0 010.5 -000.0 100 100 4.3e-020
01300 194.0 009.3 -000.1 100 100 2.9e-020
01360 204.0 008.6 -000.0 100 100 3.0e-020
01420 205.0 008.3 0000.2 100 100 3.0e-020
01480 201.0 007.5 0000.3 100 100 4.4e-020
01540 199.0 007.0 0000.0 100 100 4.2e-020
01600 197.0 007.1 -000.1 100 100 2.4e-020
01660 203.0 006.7 -000.2 100 100 1.1e-020
01720 204.0 007.1 -000.2 100 100 1.4e-020
01780 206.0 008.0 -000.1 100 100 1.8e-020
01840 205.0 009.5 -000.1 100 100 1.2e-020
01900 211.0 009.8 0000.0 100 100 1.1e-020
01960 215.0 009.9 0000.1 100 100 9.6e-021
02020 218.0 010.8 -000.1 100 100 1.2e-020
02080 221.0 010.9 0000.1 100 100 1.1e-020
02140 225.0 011.6 -000.1 100 100 1.2e-020
02200 225.0 011.7 -000.3 100 100 8.0e-021
02260 222.0 011.6 -000.3 100 100 7.6e-021
02320 222.0 010.7 -000.3 100 100 1.0e-020
02380 226.0 010.3 -000.0 100 100 1.5e-020
02440 230.0 010.3 0000.1 100 100 4.0e-021
02500 228.0 010.0 0000.2 100 100 2.8e-021
02560 224.0 010.6 0000.1 100 100 4.1e-021
02620 223.0 010.7 0000.0 100 100 4.9e-021
02680 218.0 009.7 0000.2 100 100 3.4e-021
02740 226.0 008.8 0000.0 100 100 1.2e-020
02800 222.0 008.7 0000.1 100 100 3.2e-020
02860 224.0 009.5 0000.2 100 100 2.5e-020
02920 224.0 009.8 0000.3 100 100 8.7e-021
02980 228.0 009.7 -000.2 100 100 6.6e-021
03040 226.0 008.9 -000.2 100 100 9.6e-021
03100 226.0 009.0 0000.0 100 100 5.0e-021
03160 227.0 009.0 0000.1 100 100 7.1e-021
03220 227.0 009.0 0001.0 100 100 5.8e-021
03280 228.0 009.2 0000.0 100 100 2.1e-021
03340 231.0 007.8 -000.1 100 100 2.1e-021
03400 252.0 007.0 0000.0 100 100 1.8e-021
03460 224.0 008.2 -000.1 100 100 2.7e-021
03520 223.0 008.1 0000.0 100 100 3.2e-021
03580 220.0 007.8 0000.0 100 100 2.8e-021
03640 209.0 006.8 -000.2 100 100 3.4e-021
03700 210.0 007.4 0000.0 100 100 1.8e-021
03760 193.0 004.6 0000.0 100 100 1.6e-021
03820 ///// ///// 0000.0 000 000 2.1e-021
03880 181.0 014.2 0000.0 100 100 9.0e-022
03940 182.0 013.0 0000.0 100 100 2.3e-021
04000 175.0 010.0 -000.2 100 100 3.4e-021
04060 134.0 006.7 0000.0 100 100 1.1e-021
04120 ///// ///// 0000.0 000 000 8.6e-022
04180 214.0 006.9 -000.2 100 100 2.7e-021
04240 191.0 006.9 -000.3 100 100 4.2e-021
04300 205.0 007.4 -000.4 100 100 3.9e-021
04360 203.0 007.5 0000.0 100 100 5.2e-021
04420 209.0 007.7 -000.6 100 100 1.8e-020
04480 210.0 008.4 -000.2 100 100 2.3e-020
04540 215.0 007.1 -000.3 100 100 1.4e-020
04600 221.0 006.7 0000.3 100 100 1.5e-020
04660 221.0 007.2 0000.0 100 100 3.9e-021
04720 225.0 006.9 -000.1 100 100 1.1e-020
04780 224.0 006.3 -000.3 100 100 7.5e-021
04840 226.0 006.4 0000.0 100 100 2.4e-021
04900 ///// ///// 0000.0 000 000 1.6e-021
04960 ///// ///// 0000.0 000 000 1.6e-021
05020 ///// ///// 0001.1 000 000 3.8e-021
05080 ///// ///// 0000.0 000 000 3.7e-021
05140 ///// ///// 0000.0 000 000 1.5e-021
05200 ///// ///// 0000.0 000 000 3.9e-021
05260 ///// ///// 0000.0 000 000 4.8e-021
05320 ///// ///// -000.1 000 000 3.7e-021
05380 ///// ///// 0000.0 000 000 9.7e-022
05440 ///// ///// 0001.5 000 000 5.0e-021
05500 ///// ///// 0000.0 000 000 3.6e-021
05560 ///// ///// 0000.0 000 000 2.2e-021
05620 ///// ///// 0001.0 000 000 4.4e-021
05680 ///// ///// 0000.0 000 000 3.5e-021
05740 ///// ///// 0001.1 000 000 2.1e-021
05800 ///// ///// 0000.0 000 000 6.4e-021
05860 ///// ///// 0000.0 000 000 1.8e-021
05920 ///// ///// 0000.0 000 000 4.9e-021
05980 ///// ///// 0000.2 000 000 2.3e-021
NNNN
