WNDROBS 01.20
57793 0114.3600 027.7900 00130.0 LC 20130629041500
ROBS
00100 106.0 001.5 0000.1 100 100 1.2e-021
00160 103.0 001.9 0000.1 100 100 2.6e-021
00220 099.0 002.8 0000.3 100 100 2.4e-021
00280 107.0 002.9 0000.1 100 100 1.9e-021
00340 119.0 003.6 0000.3 100 100 2.0e-021
00400 127.0 003.2 0000.2 100 100 2.3e-021
00460 137.0 003.0 0000.2 100 100 2.3e-021
00520 156.0 003.6 0000.6 100 100 2.2e-020
00580 164.0 004.2 0000.4 100 100 7.8e-020
00640 171.0 002.6 0000.4 100 100 2.6e-020
00700 238.0 003.2 0000.1 100 100 1.7e-020
00760 228.0 005.2 -000.0 100 100 1.2e-020
00820 233.0 007.9 -000.1 100 100 2.0e-020
00880 231.0 008.4 0000.1 100 100 3.7e-020
00940 243.0 008.1 0000.2 100 100 3.7e-020
01000 242.0 009.2 0000.7 100 100 6.5e-020
01060 237.0 008.5 0000.8 100 100 7.7e-021
01120 237.0 009.8 0000.4 100 100 3.6e-021
01180 233.0 010.8 0000.1 100 100 2.5e-021
01240 237.0 011.8 -000.1 100 100 2.7e-021
01300 236.0 012.2 -000.1 100 100 6.8e-021
01360 238.0 012.8 -000.0 100 100 9.3e-021
01420 237.0 014.1 0000.0 100 100 1.9e-020
01480 238.0 014.9 0000.3 100 100 2.6e-020
01540 239.0 016.0 0000.2 100 100 2.8e-020
01600 240.0 017.2 0000.1 100 100 1.4e-020
01660 240.0 018.6 0000.0 100 100 5.5e-021
01720 242.0 018.4 0000.1 100 100 3.2e-021
01780 242.0 018.4 -000.4 100 100 1.8e-021
01840 249.0 017.0 0000.2 100 100 1.6e-021
01900 245.0 017.5 -000.0 100 100 2.6e-021
01960 240.0 017.7 -001.6 100 100 2.4e-021
02020 240.0 018.0 0000.0 100 100 2.1e-021
02080 240.0 018.1 0000.1 100 100 2.3e-021
02140 239.0 018.0 -000.2 100 100 2.3e-021
02200 245.0 017.4 0000.0 100 100 1.8e-021
02260 252.0 016.9 0000.0 100 100 1.9e-021
02320 250.0 017.0 0000.1 100 100 1.9e-021
02380 244.0 015.6 0000.0 100 100 1.2e-021
02440 255.0 014.4 0001.0 100 100 1.2e-021
02500 257.0 015.3 0000.0 100 100 2.3e-021
02560 256.0 015.8 0000.5 100 100 1.8e-021
02620 256.0 016.0 0000.0 100 100 1.5e-021
02680 255.0 014.3 -000.4 100 100 2.2e-021
02740 250.0 014.8 -000.9 100 100 2.3e-021
02800 250.0 014.8 -000.6 100 100 2.7e-021
02860 252.0 015.7 -000.9 100 100 7.3e-022
02920 253.0 015.8 0001.7 100 100 2.6e-021
02980 253.0 015.9 0000.0 100 100 2.3e-021
03040 258.0 014.2 0000.1 100 100 2.6e-021
03100 260.0 014.5 -000.3 100 100 2.6e-021
03160 243.0 014.8 0000.7 100 100 2.1e-021
03220 242.0 016.5 0000.2 100 100 2.2e-021
03280 245.0 017.9 0000.0 100 100 6.7e-022
03340 243.0 016.7 -000.1 100 100 2.6e-021
03400 242.0 017.0 0000.0 100 100 3.6e-021
03460 ///// ///// 0000.0 000 000 2.3e-021
03520 ///// ///// 0000.0 000 000 1.9e-021
03580 ///// ///// 0000.0 000 000 4.6e-022
03640 ///// ///// 0000.3 000 000 2.5e-022
03700 ///// ///// 0000.0 000 000 2.4e-021
03760 ///// ///// 0000.0 000 000 2.4e-022
03820 ///// ///// 0000.0 000 000 2.4e-021
03880 ///// ///// 0000.0 000 000 1.4e-021
03940 ///// ///// 0000.0 000 000 1.0e-021
04000 ///// ///// 0000.0 000 000 1.7e-021
04060 ///// ///// 0000.0 000 000 1.9e-021
04120 ///// ///// 0000.0 000 000 7.9e-022
04180 ///// ///// 0000.0 000 000 2.1e-021
04240 ///// ///// 0000.0 000 000 9.2e-022
04300 ///// ///// 0000.0 000 000 2.5e-021
04360 ///// ///// 0000.0 000 000 2.2e-021
04420 233.0 011.3 0000.0 100 100 1.8e-021
04480 225.0 008.5 0000.0 100 100 2.9e-022
04540 209.0 007.5 0000.0 100 100 1.1e-021
04600 184.0 007.0 -000.3 100 100 4.0e-021
04660 ///// ///// 0000.0 000 000 4.1e-021
04720 218.0 009.4 0000.0 100 100 7.5e-021
04780 ///// ///// -001.1 000 000 1.8e-021
04840 ///// ///// -000.1 000 000 6.9e-021
04900 ///// ///// -000.1 000 000 1.7e-021
04960 228.0 011.6 0000.0 100 100 4.3e-021
05020 227.0 011.4 0000.0 100 100 4.4e-021
05080 236.0 011.1 0000.0 100 100 7.9e-022
05140 ///// ///// 0000.0 000 000 2.2e-021
05200 ///// ///// 0000.0 000 000 6.3e-022
05260 ///// ///// 0000.0 000 000 3.3e-021
05320 ///// ///// -000.2 000 000 4.7e-021
05380 ///// ///// 0000.0 000 000 2.3e-021
05440 ///// ///// 0000.0 000 000 4.8e-021
05500 ///// ///// 0000.0 000 000 3.9e-021
05560 ///// ///// 0000.0 000 000 2.6e-021
05620 ///// ///// 0000.0 000 000 1.7e-021
05680 ///// ///// 0000.0 000 000 6.4e-022
05740 ///// ///// 0000.0 000 000 4.1e-021
05800 ///// ///// 0001.1 000 000 4.8e-021
05860 ///// ///// -000.0 000 000 5.5e-021
05920 ///// ///// 0001.2 000 000 3.1e-021
05980 ///// ///// 0000.0 000 000 1.6e-021
NNNN
