WNDROBS 01.20
57793 0114.3600 027.7900 00130.0 LC 20130628052500
ROBS
00100 071.0 009.6 0002.3 100 100 2.3e-020
00160 071.0 010.6 0002.6 100 100 5.1e-020
00220 039.0 005.7 0002.3 100 100 4.8e-020
00280 065.0 006.5 0001.5 100 100 4.6e-020
00340 073.0 004.0 0001.3 100 100 4.9e-020
00400 120.0 002.6 0001.0 100 100 4.6e-020
00460 027.0 004.3 0001.2 100 100 3.2e-020
00520 073.0 001.8 0001.3 100 100 3.6e-020
00580 077.0 002.1 0001.2 100 100 4.3e-020
00640 221.0 001.9 0001.2 100 100 5.4e-020
00700 165.0 002.1 0001.2 100 100 6.4e-020
00760 212.0 003.3 0001.4 100 100 7.2e-020
00820 197.0 004.2 0001.3 100 100 1.0e-019
00880 207.0 005.3 0001.3 100 100 1.4e-019
00940 208.0 006.8 0001.3 100 100 1.6e-019
01000 209.0 007.7 0001.2 100 100 1.8e-019
01060 214.0 007.3 0003.3 100 100 4.3e-020
01120 213.0 009.1 0003.3 100 100 5.0e-020
01180 214.0 011.0 0003.6 100 100 5.4e-020
01240 217.0 013.3 0003.7 100 100 5.5e-020
01300 219.0 014.5 0003.7 100 100 6.0e-020
01360 223.0 015.2 0003.7 100 100 6.9e-020
01420 224.0 016.0 0003.7 100 100 7.9e-020
01480 225.0 016.3 0003.6 100 100 8.6e-020
01540 225.0 016.8 0003.6 100 100 8.8e-020
01600 227.0 017.6 0003.6 100 100 9.0e-020
01660 230.0 017.8 0003.4 100 100 9.8e-020
01720 232.0 018.4 0003.4 100 100 9.5e-020
01780 232.0 018.5 0003.4 100 100 9.0e-020
01840 233.0 018.6 0003.3 100 100 8.8e-020
01900 232.0 017.8 0003.3 100 100 8.5e-020
01960 232.0 017.6 0003.2 100 100 8.5e-020
02020 230.0 017.2 0003.2 100 100 8.9e-020
02080 229.0 016.9 0003.0 100 100 8.4e-020
02140 229.0 016.7 0003.1 100 100 8.7e-020
02200 228.0 016.8 0002.6 100 100 9.5e-020
02260 229.0 017.0 0002.7 100 100 1.0e-019
02320 231.0 016.9 0002.4 100 100 9.4e-020
02380 234.0 017.9 0002.7 100 100 7.5e-020
02440 230.0 016.7 0002.5 100 100 9.4e-020
02500 228.0 017.3 0001.6 100 100 1.1e-019
02560 231.0 017.0 0001.7 100 100 1.1e-019
02620 229.0 017.3 0002.5 100 100 9.7e-020
02680 230.0 017.6 0002.0 100 100 9.7e-020
02740 232.0 017.9 0002.4 100 100 7.3e-020
02800 230.0 022.1 0002.2 100 100 8.6e-020
02860 236.0 018.6 0002.2 100 100 6.8e-020
02920 238.0 019.3 0002.0 100 100 6.9e-020
02980 234.0 022.5 0002.2 100 100 7.0e-020
03040 233.0 022.2 0000.3 100 100 5.6e-020
03100 231.0 022.4 0000.7 100 100 7.9e-020
03160 230.0 023.3 0002.6 100 100 6.6e-020
03220 218.0 019.6 0000.9 100 100 5.2e-020
03280 229.0 023.1 0002.7 100 100 5.2e-020
03340 228.0 015.4 0002.5 100 100 3.0e-020
03400 239.0 019.3 0002.9 100 100 3.8e-020
03460 238.0 019.2 0002.9 100 100 4.3e-020
03520 239.0 018.9 0002.8 100 100 3.7e-020
03580 239.0 018.7 0002.9 100 100 4.9e-020
03640 241.0 019.8 0002.8 100 100 4.7e-020
03700 241.0 019.4 0002.8 100 100 4.4e-020
03760 232.0 021.4 0003.1 100 100 5.1e-020
03820 233.0 022.4 0002.7 100 100 3.7e-020
03880 240.0 021.7 0002.9 100 100 3.8e-020
03940 238.0 022.5 0002.5 100 100 4.0e-020
04000 229.0 018.4 0003.0 100 100 3.3e-020
04060 220.0 015.9 0002.9 100 100 3.7e-020
04120 218.0 016.8 0002.4 100 100 2.8e-020
04180 227.0 017.4 0002.7 100 100 2.2e-020
04240 231.0 017.5 0002.9 100 100 2.1e-020
04300 239.0 018.1 0002.9 100 100 2.2e-020
04360 241.0 020.6 0000.0 100 100 1.5e-020
04420 243.0 020.6 0002.9 100 100 1.6e-020
04480 245.0 021.0 0000.0 100 100 1.5e-020
04540 245.0 020.6 0002.7 100 100 1.4e-020
04600 245.0 019.6 0003.6 100 100 1.4e-020
04660 ///// ///// 0000.0 000 000 1.5e-020
04720 246.0 028.4 0000.0 100 100 1.4e-020
04780 250.0 026.1 -000.1 100 100 5.5e-021
04840 ///// ///// 0000.0 000 000 5.1e-021
04900 242.0 022.8 0000.0 100 100 8.2e-021
04960 ///// ///// 0000.0 000 000 1.4e-020
05020 236.0 022.4 0000.0 100 100 1.1e-020
05080 234.0 023.4 0000.1 100 100 1.4e-020
05140 230.0 023.9 0000.5 100 100 1.4e-020
05200 229.0 024.3 0000.0 100 100 1.4e-020
05260 228.0 024.1 0000.0 100 100 1.4e-020
05320 230.0 023.8 0000.0 100 100 1.3e-020
05380 229.0 023.2 0000.0 100 100 1.6e-020
05440 230.0 022.9 0000.0 100 100 1.2e-020
05500 229.0 022.1 0000.0 100 100 1.3e-020
05560 228.0 022.4 0000.0 100 100 9.7e-021
05620 227.0 023.0 0000.0 100 100 1.9e-020
05680 223.0 024.4 0000.0 100 100 1.5e-020
05740 224.0 023.6 0000.0 100 100 1.7e-020
05800 222.0 024.2 0002.0 100 100 2.7e-020
05860 237.0 019.8 0001.0 100 100 7.9e-021
05920 243.0 018.9 0001.7 100 100 2.9e-020
05980 238.0 019.3 0001.1 100 100 4.1e-020
NNNN
