WNDROBS 01.20
57793 0114.3600 027.7900 00130.0 LC 20130628025500
ROBS
00100 309.0 004.5 0006.0 100 100 1.8e-018
00160 304.0 005.2 0006.7 100 100 2.9e-017
00220 310.0 005.1 0006.4 100 100 4.2e-017
00280 320.0 003.1 0005.9 100 100 4.4e-017
00340 346.0 002.4 0005.3 100 100 4.3e-017
00400 355.0 005.3 0005.1 100 100 4.3e-017
00460 358.0 004.6 0005.3 100 100 4.9e-017
00520 329.0 002.4 0005.4 100 100 5.2e-017
00580 325.0 003.5 0005.3 100 100 7.1e-017
00640 321.0 003.3 0005.0 100 100 8.3e-017
00700 300.0 002.0 0004.7 100 100 9.6e-017
00760 128.0 000.9 0004.7 100 100 6.4e-017
00820 234.0 003.7 0004.7 100 100 7.8e-017
00880 172.0 002.8 0004.9 100 100 7.8e-017
00940 211.0 004.0 0005.2 100 100 9.1e-017
01000 218.0 005.5 0005.3 100 100 1.0e-016
01060 189.0 004.8 0004.9 100 100 1.5e-017
01120 195.0 005.6 0005.2 100 100 1.8e-017
01180 206.0 006.2 0005.2 100 100 2.1e-017
01240 212.0 008.1 0005.3 100 100 2.3e-017
01300 213.0 008.8 0005.3 100 100 2.2e-017
01360 217.0 009.5 0005.3 100 100 2.1e-017
01420 225.0 009.5 0003.4 100 100 1.1e-017
01480 222.0 008.0 0005.0 100 100 1.2e-017
01540 226.0 010.1 0004.9 100 100 1.7e-017
01600 227.0 010.4 0004.8 100 100 1.8e-017
01660 224.0 010.9 0005.0 100 100 2.2e-017
01720 222.0 011.4 0005.2 100 100 2.3e-017
01780 224.0 011.6 0005.4 100 100 2.4e-017
01840 223.0 011.7 0005.7 100 100 2.2e-017
01900 227.0 011.9 0005.4 100 100 2.3e-017
01960 229.0 012.4 0006.0 100 100 2.1e-017
02020 231.0 013.0 0005.8 100 100 2.1e-017
02080 230.0 013.3 0005.8 100 100 2.1e-017
02140 242.0 011.6 0005.5 100 100 1.3e-017
02200 229.0 013.4 0005.9 100 100 2.2e-017
02260 225.0 013.3 0005.6 100 100 2.2e-017
02320 225.0 013.9 0005.7 100 100 2.4e-017
02380 224.0 013.6 0005.6 100 100 2.4e-017
02440 225.0 014.2 0005.8 100 100 2.5e-017
02500 227.0 014.6 0006.0 100 100 2.7e-017
02560 231.0 014.2 0005.9 100 100 2.5e-017
02620 236.0 014.0 0005.9 100 100 2.4e-017
02680 224.0 015.7 0006.2 100 100 1.6e-017
02740 244.0 014.8 0006.4 100 100 1.9e-017
02800 230.0 013.5 0000.0 100 100 8.0e-019
02860 233.0 012.9 0006.8 100 100 2.2e-017
02920 241.0 015.4 0007.0 100 100 3.5e-017
02980 234.0 013.2 0007.2 100 100 2.5e-017
03040 234.0 015.8 0007.3 100 100 2.7e-017
03100 235.0 015.9 0007.5 100 100 3.0e-017
03160 231.0 016.1 0007.5 100 100 1.8e-017
03220 235.0 015.8 0007.6 100 100 2.8e-017
03280 232.0 016.8 0007.7 100 100 2.1e-017
03340 232.0 016.7 0008.0 100 100 2.8e-017
03400 229.0 017.2 0008.0 100 100 2.7e-017
03460 230.0 017.6 0008.0 100 100 2.2e-017
03520 234.0 017.1 0007.9 100 100 2.4e-017
03580 230.0 018.3 0007.7 100 100 2.7e-017
03640 230.0 018.1 0007.8 100 100 2.6e-017
03700 230.0 018.7 0008.3 100 100 2.5e-017
03760 229.0 019.5 0008.1 100 100 2.6e-017
03820 230.0 020.6 0008.3 100 100 2.5e-017
03880 229.0 020.9 0008.4 100 100 2.6e-017
03940 229.0 021.2 0008.4 100 100 2.5e-017
04000 229.0 021.2 0008.3 100 100 2.4e-017
04060 228.0 021.4 0008.3 100 100 2.6e-017
04120 228.0 021.4 0008.1 100 100 2.6e-017
04180 225.0 022.2 0007.7 100 100 2.5e-017
04240 229.0 020.6 0007.3 100 100 2.6e-017
04300 228.0 019.6 0007.3 100 100 2.5e-017
04360 234.0 018.5 0007.2 100 100 2.7e-017
04420 233.0 018.0 0007.3 100 100 2.8e-017
04480 231.0 017.3 0007.2 100 100 2.6e-017
04540 231.0 017.5 0005.4 100 100 2.4e-017
04600 229.0 016.7 0006.8 100 100 2.8e-017
04660 230.0 015.8 0006.8 100 100 2.7e-017
04720 223.0 016.4 0006.7 100 100 2.7e-017
04780 222.0 016.8 0006.5 100 100 7.3e-018
04840 219.0 016.3 0006.4 100 100 7.1e-018
04900 222.0 016.8 0006.6 100 100 6.9e-018
04960 216.0 016.0 0006.2 100 100 6.5e-018
05020 212.0 015.1 0006.4 100 100 5.7e-018
05080 216.0 015.8 0006.4 100 100 5.6e-018
05140 218.0 016.1 0006.1 100 100 5.1e-018
05200 220.0 016.5 0006.0 100 100 4.2e-018
05260 218.0 016.3 0005.9 100 100 3.8e-018
05320 226.0 017.6 0005.9 100 100 3.3e-018
05380 238.0 027.5 0005.6 100 100 2.5e-018
05440 219.0 021.1 0005.4 100 100 2.2e-018
05500 220.0 019.9 0005.1 100 100 2.0e-018
05560 222.0 019.4 0005.1 100 100 1.9e-018
05620 224.0 019.4 0004.5 100 100 1.6e-018
05680 222.0 019.5 0004.3 100 100 1.3e-018
05740 223.0 020.1 0004.0 100 100 1.4e-018
05800 222.0 020.1 0003.8 100 100 1.2e-018
05860 215.0 018.0 0003.3 100 100 1.2e-018
05920 206.0 017.1 0003.3 100 100 1.2e-018
05980 213.0 018.6 0003.1 100 100 9.7e-019
NNNN
