WNDROBS 01.20
57793 0114.3600 027.7900 00130.0 LC 20130629072000
ROBS
00100 017.0 003.7 0000.2 100 100 2.5e-021
00160 017.0 004.1 0000.2 100 100 5.4e-021
00220 014.0 005.2 0000.2 100 100 3.2e-021
00280 048.0 002.3 0000.1 100 100 7.4e-021
00340 047.0 002.5 0000.3 100 100 7.0e-021
00400 051.0 002.9 0000.2 100 100 5.9e-021
00460 072.0 003.5 0000.3 100 100 4.2e-021
00520 105.0 002.2 0000.2 100 100 3.6e-021
00580 123.0 003.1 0000.3 100 100 5.2e-021
00640 148.0 005.9 0000.4 100 100 8.9e-021
00700 137.0 007.6 0000.3 100 100 2.3e-020
00760 141.0 005.5 0000.3 100 100 3.4e-020
00820 173.0 004.0 0000.3 100 100 5.9e-020
00880 184.0 002.5 0000.4 100 100 5.8e-020
00940 171.0 001.2 0000.4 100 100 6.9e-020
01000 244.0 001.7 0000.4 100 100 4.8e-020
01060 245.0 002.9 0000.6 100 100 2.4e-020
01120 241.0 004.0 0000.5 100 100 2.3e-020
01180 235.0 005.7 0000.3 100 100 2.1e-020
01240 233.0 006.9 0000.1 100 100 1.4e-020
01300 230.0 007.7 -000.0 100 100 4.1e-021
01360 236.0 007.6 0000.1 100 100 5.7e-021
01420 236.0 008.4 0000.1 100 100 1.1e-020
01480 236.0 009.2 0000.1 100 100 2.5e-020
01540 233.0 010.1 -000.0 100 100 2.1e-020
01600 229.0 010.5 0000.2 100 100 1.5e-020
01660 233.0 010.8 0000.2 100 100 1.6e-020
01720 234.0 011.1 0000.1 100 100 1.0e-020
01780 233.0 011.1 -000.2 100 100 6.6e-021
01840 238.0 010.6 -000.2 100 100 5.3e-021
01900 243.0 010.9 -000.1 100 100 4.1e-021
01960 237.0 010.3 0000.0 100 100 5.5e-021
02020 236.0 010.3 -000.2 100 100 7.7e-021
02080 239.0 010.8 -000.3 100 100 5.6e-021
02140 240.0 011.2 -000.3 100 100 4.4e-021
02200 240.0 011.8 -000.2 100 100 4.7e-021
02260 238.0 012.2 -000.2 100 100 7.4e-021
02320 237.0 012.6 -000.2 100 100 8.7e-021
02380 243.0 012.0 -000.1 100 100 6.4e-021
02440 239.0 012.6 0000.0 100 100 6.7e-021
02500 246.0 011.8 0000.1 100 100 2.6e-021
02560 244.0 012.3 -001.4 100 100 2.4e-021
02620 247.0 012.6 0000.1 100 100 3.5e-021
02680 252.0 013.2 0000.4 100 100 4.3e-021
02740 245.0 013.9 -000.0 100 100 3.2e-021
02800 238.0 014.3 -000.2 100 100 3.8e-021
02860 237.0 014.5 -000.3 100 100 3.4e-021
02920 238.0 015.6 0000.0 100 100 1.4e-021
02980 238.0 015.7 0000.0 100 100 2.0e-021
03040 249.0 014.7 0000.0 100 100 1.9e-021
03100 248.0 014.5 0000.0 100 100 1.5e-021
03160 ///// ///// 0000.0 000 000 7.0e-022
03220 ///// ///// 0000.0 000 000 2.2e-021
03280 ///// ///// 0000.5 000 000 2.2e-021
03340 ///// ///// 0000.0 000 000 1.8e-021
03400 ///// ///// 0000.0 000 000 1.5e-021
03460 ///// ///// 0000.0 000 000 2.1e-021
03520 ///// ///// 0000.0 000 000 1.5e-021
03580 ///// ///// 0000.0 000 000 2.0e-021
03640 ///// ///// 0000.0 000 000 6.7e-022
03700 ///// ///// 0000.0 000 000 3.0e-021
03760 ///// ///// 0000.0 000 000 1.2e-022
03820 ///// ///// 0000.0 000 000 6.1e-022
03880 ///// ///// 0000.0 000 000 3.0e-021
03940 ///// ///// 0000.0 000 000 8.8e-022
04000 ///// ///// 0000.0 000 000 2.1e-021
04060 ///// ///// 0000.9 000 000 2.3e-021
04120 ///// ///// -000.2 000 000 2.4e-021
04180 ///// ///// 0000.0 000 000 2.0e-021
04240 ///// ///// 0000.8 000 000 3.5e-021
04300 ///// ///// 0000.0 000 000 2.3e-021
04360 ///// ///// 0000.0 000 000 1.1e-021
04420 ///// ///// 0000.0 000 000 1.1e-021
04480 ///// ///// 0000.0 000 000 2.5e-021
04540 ///// ///// 0000.0 000 000 2.5e-021
04600 ///// ///// -001.3 000 000 3.5e-021
04660 ///// ///// 0000.0 000 000 2.0e-021
04720 ///// ///// 0000.0 000 000 2.2e-021
04780 ///// ///// 0000.0 000 000 3.2e-021
04840 ///// ///// 0000.0 000 000 3.0e-021
04900 ///// ///// 0000.0 000 000 3.1e-021
04960 ///// ///// 0000.0 000 000 3.0e-021
05020 ///// ///// -000.3 000 000 1.4e-021
05080 ///// ///// 0000.0 000 000 1.5e-021
05140 ///// ///// 0000.0 000 000 2.9e-021
05200 ///// ///// 0000.0 000 000 1.4e-021
05260 ///// ///// 0000.1 000 000 2.9e-021
05320 ///// ///// -001.1 000 000 5.5e-021
05380 ///// ///// 0000.0 000 000 1.2e-021
05440 ///// ///// 0000.0 000 000 2.0e-021
05500 ///// ///// 0000.0 000 000 5.6e-021
05560 ///// ///// 0000.0 000 000 2.1e-021
05620 ///// ///// 0000.0 000 000 6.2e-022
05680 ///// ///// 0001.2 000 000 5.5e-021
05740 ///// ///// 0001.4 000 000 1.8e-021
05800 ///// ///// 0000.0 000 000 3.7e-021
05860 ///// ///// 0000.0 000 000 4.5e-021
05920 ///// ///// 0000.0 000 000 1.9e-021
05980 ///// ///// 0000.0 000 000 5.6e-021
NNNN
