WNDROBS 01.20
57793 0114.3600 027.7900 00130.0 LC 20130629023000
ROBS
00100 052.0 006.2 -000.1 100 100 4.5e-021
00160 052.0 007.0 -000.2 100 100 8.9e-021
00220 051.0 007.3 -000.2 100 100 1.5e-020
00280 059.0 008.8 -000.2 100 100 1.8e-020
00340 060.0 008.8 -000.2 100 100 2.1e-020
00400 057.0 007.1 -000.2 100 100 2.6e-020
00460 207.0 009.2 -000.3 100 100 2.8e-020
00520 ///// ///// -000.3 000 000 5.0e-020
00580 ///// ///// -000.5 000 000 4.3e-020
00640 ///// ///// -000.8 000 000 7.8e-020
00700 ///// ///// -000.4 000 000 4.0e-020
00760 219.0 007.7 -000.1 100 100 7.3e-020
00820 236.0 010.9 0000.0 100 100 5.5e-020
00880 236.0 011.0 0000.6 100 100 4.5e-020
00940 234.0 009.1 0000.8 100 100 5.3e-020
01000 235.0 011.8 0000.9 100 100 4.8e-020
01060 275.0 007.5 -000.2 100 100 1.1e-021
01120 277.0 008.6 -000.2 100 100 2.6e-021
01180 273.0 008.9 -000.2 100 100 4.7e-021
01240 231.0 012.3 -000.2 100 100 5.8e-021
01300 232.0 013.0 -000.1 100 100 1.0e-020
01360 235.0 014.1 -000.0 100 100 1.0e-020
01420 237.0 014.5 0000.2 100 100 8.1e-021
01480 239.0 016.3 -000.0 100 100 4.3e-021
01540 241.0 016.2 0000.0 100 100 3.2e-021
01600 242.0 017.4 0000.0 100 100 2.6e-021
01660 238.0 019.6 -000.2 100 100 1.7e-021
01720 237.0 016.9 -000.2 100 100 1.7e-021
01780 236.0 017.8 0000.1 100 100 2.8e-021
01840 242.0 018.1 0000.1 100 100 3.9e-021
01900 239.0 016.7 -000.0 100 100 2.6e-021
01960 239.0 014.6 -000.1 100 100 3.7e-021
02020 242.0 014.9 -000.0 100 100 2.0e-021
02080 245.0 014.9 -000.3 100 100 2.3e-021
02140 240.0 015.1 -000.2 100 100 3.2e-021
02200 272.0 013.8 -000.1 100 100 2.2e-021
02260 249.0 014.8 -000.1 100 100 5.1e-021
02320 274.0 014.7 -000.4 100 100 6.9e-021
02380 296.0 017.5 0008.4 100 100 8.1e-021
02440 293.0 012.6 0000.0 100 100 4.2e-021
02500 295.0 011.8 0000.8 100 100 1.2e-020
02560 228.0 009.7 0000.0 100 100 1.3e-020
02620 243.0 009.9 0000.0 100 100 1.3e-020
02680 245.0 010.2 0000.0 100 100 1.7e-020
02740 243.0 010.7 0000.0 100 100 1.4e-020
02800 295.0 010.7 0000.0 100 100 1.4e-020
02860 251.0 014.8 0002.4 100 100 2.9e-020
02920 293.0 008.9 0000.0 100 100 3.0e-020
02980 327.0 016.3 0002.9 100 100 2.4e-020
03040 318.0 013.3 0000.4 100 100 3.5e-020
03100 318.0 013.9 0000.0 100 100 3.7e-020
03160 299.0 020.7 0005.6 100 100 4.2e-020
03220 297.0 021.4 0005.3 100 100 4.5e-020
03280 ///// ///// 0003.9 000 000 3.3e-020
03340 ///// ///// 0005.4 000 000 5.4e-020
03400 286.0 014.1 0004.1 100 100 5.2e-020
03460 273.0 013.9 0004.9 100 100 7.5e-020
03520 267.0 014.0 0003.9 100 100 3.3e-020
03580 264.0 013.3 0003.8 100 100 3.8e-020
03640 ///// ///// 0003.5 000 000 9.1e-020
03700 303.0 020.8 0003.3 100 100 7.4e-020
03760 303.0 021.2 0003.2 100 100 7.9e-020
03820 305.0 021.8 0002.9 100 100 7.2e-020
03880 288.0 018.5 0003.5 100 100 6.4e-020
03940 288.0 017.6 0002.4 100 100 5.7e-020
04000 287.0 017.7 0004.0 100 100 6.7e-020
04060 285.0 017.8 0004.1 100 100 7.2e-020
04120 286.0 017.8 0003.6 100 100 7.1e-020
04180 297.0 019.7 -000.0 100 100 4.1e-020
04240 295.0 019.1 0003.5 100 100 5.3e-020
04300 281.0 017.2 0003.9 100 100 6.1e-020
04360 284.0 017.4 0001.8 100 100 5.0e-020
04420 286.0 017.9 0003.1 100 100 3.7e-020
04480 294.0 019.1 0003.0 100 100 4.7e-020
04540 ///// ///// 0002.0 000 000 3.6e-020
04600 ///// ///// 0003.1 000 000 4.1e-020
04660 ///// ///// 0002.5 000 000 3.3e-020
04720 ///// ///// 0003.1 000 000 2.8e-020
04780 ///// ///// 0000.0 000 000 1.4e-020
04840 ///// ///// 0000.0 000 000 1.1e-020
04900 ///// ///// 0000.0 000 000 9.8e-021
04960 ///// ///// 0000.7 000 000 8.7e-021
05020 ///// ///// 0003.0 000 000 1.1e-020
05080 ///// ///// 0000.8 000 000 1.2e-020
05140 ///// ///// 0002.1 000 000 1.6e-020
05200 ///// ///// 0000.0 000 000 7.8e-021
05260 ///// ///// 0000.0 000 000 1.9e-020
05320 ///// ///// 0000.0 000 000 9.3e-021
05380 ///// ///// 0000.0 000 000 2.0e-020
05440 ///// ///// 0000.1 000 000 8.1e-021
05500 ///// ///// 0000.0 000 000 1.6e-020
05560 ///// ///// 0000.2 000 000 2.0e-020
05620 ///// ///// 0000.0 000 000 2.0e-020
05680 ///// ///// 0000.0 000 000 2.4e-020
05740 ///// ///// -000.3 000 000 2.4e-020
05800 ///// ///// 0000.0 000 000 3.3e-020
05860 ///// ///// -000.0 000 000 2.5e-020
05920 ///// ///// 0000.2 000 000 2.8e-020
05980 ///// ///// 0000.2 000 000 3.5e-020
NNNN
