WNDROBS 01.20
57793 0114.3600 027.7900 00130.0 LC 20130629213500
ROBS
00100 069.0 003.3 0001.9 100 100 3.7e-021
00160 069.0 003.6 0002.1 100 100 8.1e-021
00220 096.0 002.8 0002.0 100 100 5.1e-021
00280 115.0 002.6 -000.0 100 100 9.9e-021
00340 130.0 002.0 -000.1 100 100 1.1e-020
00400 138.0 002.7 -000.1 100 100 8.7e-021
00460 147.0 003.8 0000.1 100 100 2.2e-020
00520 153.0 005.7 0000.2 100 100 9.7e-020
00580 164.0 006.3 0000.1 100 100 4.6e-020
00640 167.0 006.5 0000.1 100 100 9.4e-020
00700 178.0 005.9 0000.1 100 100 1.0e-019
00760 196.0 004.5 -000.1 100 100 4.1e-020
00820 203.0 003.0 -000.1 100 100 3.0e-020
00880 207.0 002.3 -000.2 100 100 1.9e-020
00940 253.0 008.9 -000.3 100 100 5.9e-021
01000 251.0 009.6 -000.0 100 100 7.6e-021
01060 213.0 002.5 -000.3 100 100 2.4e-021
01120 217.0 002.8 -000.3 100 100 2.9e-021
01180 221.0 003.3 -000.2 100 100 1.5e-021
01240 220.0 004.2 -000.2 100 100 2.9e-021
01300 219.0 005.3 -000.2 100 100 5.8e-021
01360 212.0 006.3 -000.3 100 100 4.4e-021
01420 211.0 006.7 -000.2 100 100 4.7e-021
01480 212.0 007.8 -000.4 100 100 4.4e-021
01540 210.0 008.1 -000.3 100 100 5.0e-021
01600 218.0 009.1 -000.2 100 100 5.8e-021
01660 207.0 008.0 -000.4 100 100 8.7e-021
01720 228.0 010.5 -000.3 100 100 5.8e-021
01780 230.0 011.5 -000.3 100 100 5.3e-021
01840 227.0 011.6 -000.4 100 100 3.0e-021
01900 231.0 012.1 -000.3 100 100 2.3e-021
01960 232.0 012.1 -000.4 100 100 3.8e-021
02020 230.0 012.2 -000.4 100 100 3.3e-021
02080 224.0 010.8 -000.4 100 100 3.0e-021
02140 224.0 010.7 0001.1 100 100 2.1e-021
02200 211.0 008.9 -000.3 100 100 2.8e-021
02260 218.0 009.8 0000.0 100 100 2.1e-021
02320 218.0 009.9 -000.4 100 100 2.7e-021
02380 211.0 009.4 0000.0 100 100 6.9e-022
02440 197.0 007.8 0000.0 100 100 2.1e-021
02500 206.0 007.7 -000.3 100 100 3.2e-021
02560 207.0 008.6 -000.3 100 100 4.4e-021
02620 201.0 008.4 -000.3 100 100 4.0e-021
02680 200.0 008.2 -000.3 100 100 6.3e-021
02740 199.0 008.0 -000.4 100 100 7.9e-021
02800 197.0 007.5 -000.1 100 100 1.3e-020
02860 202.0 007.6 -000.4 100 100 1.8e-020
02920 203.0 008.6 -000.1 100 100 1.6e-020
02980 203.0 009.1 -000.3 100 100 1.2e-020
03040 207.0 008.9 -000.4 100 100 1.8e-020
03100 210.0 008.5 -000.5 100 100 2.2e-020
03160 211.0 009.1 -000.3 100 100 2.9e-020
03220 210.0 009.4 0000.1 100 100 1.8e-020
03280 212.0 009.2 -000.1 100 100 1.8e-020
03340 223.0 007.0 -000.6 100 100 8.4e-021
03400 257.0 005.7 0000.1 100 100 8.6e-021
03460 243.0 005.5 0000.0 100 100 4.1e-021
03520 244.0 005.5 0000.0 100 100 5.7e-021
03580 240.0 007.2 0000.0 100 100 3.8e-021
03640 268.0 007.1 -000.1 100 100 3.5e-021
03700 278.0 007.3 0000.0 100 100 1.7e-021
03760 267.0 008.6 -000.3 100 100 2.7e-021
03820 ///// ///// 0000.0 000 000 2.4e-021
03880 247.0 007.3 0000.2 100 100 4.1e-021
03940 248.0 007.7 -000.1 100 100 4.0e-021
04000 249.0 008.5 0000.1 100 100 6.3e-021
04060 250.0 009.2 -000.1 100 100 6.6e-021
04120 234.0 011.6 -000.3 100 100 1.8e-020
04180 228.0 010.9 0000.5 100 100 1.5e-020
04240 232.0 011.1 -000.1 100 100 2.2e-020
04300 233.0 011.0 0000.2 100 100 2.3e-020
04360 231.0 010.9 0000.3 100 100 3.2e-020
04420 231.0 011.3 0000.5 100 100 4.1e-020
04480 230.0 011.9 0000.8 100 100 3.8e-020
04540 228.0 010.8 0000.4 100 100 3.4e-020
04600 229.0 011.3 0000.1 100 100 2.6e-020
04660 229.0 010.9 -000.0 100 100 3.2e-020
04720 232.0 010.7 0000.1 100 100 5.0e-020
04780 234.0 011.0 0000.0 100 100 6.8e-021
04840 235.0 011.1 0000.0 100 100 6.1e-021
04900 231.0 009.9 -000.2 100 100 7.9e-021
04960 ///// ///// 0000.0 000 000 6.7e-021
05020 ///// ///// 0000.0 000 000 5.0e-021
05080 ///// ///// -000.1 000 000 4.6e-021
05140 ///// ///// 0000.0 000 000 2.9e-021
05200 ///// ///// -000.2 000 000 4.4e-021
05260 ///// ///// 0000.0 000 000 1.4e-021
05320 ///// ///// -001.0 000 000 5.2e-021
05380 ///// ///// 0000.0 000 000 2.4e-021
05440 ///// ///// -001.2 000 000 6.4e-021
05500 ///// ///// 0000.0 000 000 5.6e-021
05560 ///// ///// 0000.0 000 000 4.3e-021
05620 ///// ///// 0000.0 000 000 5.0e-021
05680 ///// ///// 0000.0 000 000 4.2e-021
05740 ///// ///// 0000.0 000 000 6.5e-021
05800 ///// ///// 0000.0 000 000 2.2e-021
05860 ///// ///// 0000.0 000 000 3.3e-021
05920 ///// ///// 0000.0 000 000 5.8e-021
05980 ///// ///// 0000.0 000 000 3.6e-021
NNNN
