WNDROBS 01.20
57793 0114.3600 027.7900 00130.0 LC 20130629175000
ROBS
00100 081.0 003.2 0000.3 100 100 3.4e-021
00160 081.0 003.6 0000.3 100 100 7.3e-021
00220 087.0 003.5 0000.2 100 100 1.0e-020
00280 096.0 003.8 0000.2 100 100 8.3e-021
00340 110.0 004.3 0000.2 100 100 5.8e-021
00400 112.0 004.3 0000.1 100 100 1.0e-020
00460 129.0 004.7 0000.1 100 100 1.4e-020
00520 157.0 006.7 -000.0 100 100 1.5e-020
00580 163.0 008.1 0000.2 100 100 4.3e-020
00640 171.0 008.4 0000.2 100 100 1.0e-019
00700 176.0 009.0 0000.2 100 100 9.0e-020
00760 186.0 010.1 -000.1 100 100 1.2e-019
00820 186.0 010.3 -000.5 100 100 1.2e-019
00880 188.0 008.9 -000.3 100 100 9.2e-020
00940 201.0 008.7 0000.0 100 100 2.7e-020
01000 191.0 007.7 0000.1 100 100 1.6e-020
01060 196.0 007.6 0000.2 100 100 1.6e-020
01120 197.0 005.9 0000.2 100 100 1.8e-020
01180 206.0 006.1 -000.1 100 100 1.3e-020
01240 211.0 006.6 -000.1 100 100 8.1e-021
01300 207.0 007.4 -000.2 100 100 4.6e-021
01360 208.0 007.1 -000.1 100 100 3.2e-021
01420 209.0 007.9 -000.1 100 100 4.5e-021
01480 214.0 008.5 -000.3 100 100 3.0e-021
01540 208.0 008.1 -000.1 100 100 2.5e-021
01600 220.0 010.0 -000.2 100 100 2.8e-021
01660 220.0 010.1 -000.2 100 100 4.9e-021
01720 225.0 010.8 -000.0 100 100 3.5e-021
01780 231.0 011.1 -000.1 100 100 3.2e-021
01840 228.0 011.8 -000.4 100 100 1.8e-021
01900 225.0 012.4 -000.3 100 100 3.5e-021
01960 223.0 012.6 -000.2 100 100 3.2e-021
02020 222.0 011.2 -000.2 100 100 1.5e-021
02080 233.0 011.0 0000.0 100 100 1.8e-021
02140 231.0 010.6 -000.1 100 100 1.7e-021
02200 229.0 011.1 0000.3 100 100 2.0e-021
02260 233.0 011.0 0000.1 100 100 2.7e-021
02320 231.0 010.3 -000.0 100 100 2.8e-021
02380 230.0 010.5 -000.3 100 100 2.8e-021
02440 231.0 010.9 -000.2 100 100 7.2e-021
02500 231.0 009.9 -000.4 100 100 8.7e-021
02560 232.0 008.8 -000.2 100 100 4.4e-021
02620 231.0 008.7 -000.5 100 100 2.9e-021
02680 231.0 009.0 0000.1 100 100 3.5e-021
02740 224.0 009.0 0000.0 100 100 2.2e-021
02800 224.0 008.5 0000.0 100 100 3.1e-022
02860 222.0 009.0 0000.0 100 100 1.4e-021
02920 225.0 008.7 0000.0 100 100 1.6e-021
02980 225.0 008.7 0000.1 100 100 2.6e-021
03040 212.0 008.2 0000.0 100 100 3.2e-021
03100 212.0 008.3 0000.0 100 100 1.0e-021
03160 207.0 008.2 0000.0 100 100 2.9e-021
03220 211.0 008.6 0000.0 100 100 1.0e-021
03280 215.0 008.7 -000.0 100 100 3.3e-021
03340 223.0 007.8 -000.2 100 100 3.5e-021
03400 219.0 007.4 -000.2 100 100 5.1e-021
03460 218.0 007.3 -000.0 100 100 7.1e-021
03520 213.0 007.0 0000.3 100 100 6.9e-021
03580 215.0 007.4 0000.2 100 100 1.9e-020
03640 208.0 007.4 -000.0 100 100 1.5e-020
03700 206.0 007.7 0000.1 100 100 8.9e-021
03760 207.0 007.6 0000.2 100 100 4.2e-021
03820 208.0 008.0 0000.2 100 100 7.3e-021
03880 208.0 008.2 0000.2 100 100 1.3e-020
03940 208.0 009.1 0000.0 100 100 4.0e-021
04000 208.0 009.6 0000.0 100 100 1.7e-020
04060 206.0 009.5 0000.0 100 100 8.4e-021
04120 203.0 009.5 0000.0 100 100 4.3e-021
04180 200.0 008.9 0000.0 100 100 5.7e-021
04240 196.0 009.8 0000.0 100 100 1.5e-021
04300 195.0 009.7 0000.0 100 100 1.0e-021
04360 ///// ///// 0000.0 000 000 1.2e-021
04420 ///// ///// 0000.0 000 000 1.2e-021
04480 ///// ///// 0000.0 000 000 1.5e-021
04540 ///// ///// 0000.0 000 000 2.1e-021
04600 ///// ///// 0000.0 000 000 2.4e-021
04660 ///// ///// 0000.0 000 000 2.6e-021
04720 ///// ///// 0000.0 000 000 1.3e-021
04780 ///// ///// 0000.0 000 000 1.3e-021
04840 ///// ///// -000.3 000 000 4.8e-021
04900 ///// ///// -000.3 000 000 4.1e-021
04960 ///// ///// -000.6 000 000 3.9e-021
05020 ///// ///// 0000.0 000 000 1.2e-021
05080 ///// ///// -000.2 000 000 3.5e-021
05140 ///// ///// -000.3 000 000 5.9e-021
05200 ///// ///// -000.0 000 000 4.9e-021
05260 ///// ///// 0000.0 000 000 5.2e-021
05320 ///// ///// -000.1 000 000 5.2e-021
05380 ///// ///// 0000.0 000 000 3.4e-021
05440 ///// ///// 0000.0 000 000 3.3e-021
05500 ///// ///// 0000.0 000 000 1.6e-021
05560 ///// ///// 0000.0 000 000 2.1e-021
05620 ///// ///// 0000.0 000 000 1.7e-021
05680 ///// ///// 0000.0 000 000 4.5e-021
05740 ///// ///// 0000.0 000 000 2.0e-021
05800 ///// ///// 0001.1 000 000 7.4e-021
05860 ///// ///// 0000.0 000 000 3.4e-022
05920 ///// ///// -000.0 000 000 6.2e-021
05980 ///// ///// -001.2 000 000 6.5e-021
NNNN
