WNDROBS 01.20
57793 0114.3600 027.7900 00130.0 LC 20130628015500
ROBS
00100 328.0 005.0 0000.6 100 100 3.8e-021
00160 321.0 004.5 0000.5 100 100 4.6e-020
00220 326.0 004.8 0000.5 100 100 8.3e-020
00280 330.0 005.4 0000.5 100 100 8.2e-020
00340 326.0 004.9 0000.3 100 100 2.0e-020
00400 338.0 003.7 -000.0 100 100 6.5e-021
00460 334.0 002.9 0000.5 100 100 1.2e-020
00520 339.0 003.1 0000.1 100 100 6.3e-020
00580 286.0 004.7 0000.2 100 100 1.3e-020
00640 267.0 004.3 0000.3 100 100 1.2e-020
00700 246.0 003.8 0000.4 100 100 3.7e-020
00760 254.0 002.3 0000.4 100 100 7.8e-020
00820 238.0 002.9 0000.5 100 100 5.9e-020
00880 224.0 003.5 0000.4 100 100 7.8e-020
00940 204.0 003.2 0000.3 100 100 8.3e-020
01000 200.0 004.7 0000.4 100 100 7.5e-020
01060 212.0 004.5 -000.0 100 100 2.1e-020
01120 221.0 005.6 -000.2 100 100 3.0e-020
01180 223.0 006.9 -000.0 100 100 3.1e-020
01240 216.0 007.4 -000.2 100 100 3.8e-020
01300 220.0 008.0 -000.2 100 100 2.2e-020
01360 222.0 009.8 -000.0 100 100 1.0e-020
01420 225.0 011.1 0000.0 100 100 5.8e-021
01480 227.0 012.0 0000.1 100 100 7.5e-021
01540 228.0 012.7 -000.0 100 100 9.4e-021
01600 228.0 013.6 0000.1 100 100 9.9e-021
01660 228.0 014.2 0000.1 100 100 1.0e-020
01720 228.0 014.7 -000.1 100 100 1.1e-020
01780 229.0 015.0 0000.1 100 100 1.0e-020
01840 229.0 014.3 0000.1 100 100 1.2e-020
01900 229.0 014.1 0000.0 100 100 1.2e-020
01960 230.0 013.6 -000.2 100 100 1.9e-020
02020 230.0 013.3 -000.1 100 100 2.5e-020
02080 231.0 013.1 0000.0 100 100 2.8e-020
02140 233.0 013.5 0000.1 100 100 2.5e-020
02200 232.0 012.9 -000.0 100 100 1.9e-020
02260 231.0 013.1 0000.1 100 100 2.0e-020
02320 232.0 012.9 0000.1 100 100 2.5e-020
02380 232.0 013.0 -000.3 100 100 2.0e-020
02440 230.0 013.1 -000.4 100 100 1.9e-020
02500 229.0 012.6 -000.1 100 100 2.2e-020
02560 228.0 012.8 0000.0 100 100 1.8e-020
02620 220.0 010.6 0000.1 100 100 1.7e-020
02680 215.0 008.9 0000.2 100 100 1.2e-020
02740 221.0 010.2 -000.1 100 100 1.7e-020
02800 221.0 009.7 -000.4 100 100 2.0e-020
02860 223.0 009.7 -000.6 100 100 2.6e-020
02920 223.0 009.9 -000.3 100 100 2.2e-020
02980 219.0 010.4 -000.1 100 100 6.6e-021
03040 237.0 011.2 0000.7 100 100 4.8e-021
03100 238.0 011.7 0000.0 100 100 2.2e-021
03160 238.0 011.8 0000.0 100 100 4.9e-021
03220 239.0 012.1 -000.1 100 100 5.5e-021
03280 235.0 011.8 -000.2 100 100 8.1e-021
03340 235.0 011.4 0000.0 100 100 1.0e-020
03400 242.0 011.4 0000.0 100 100 7.9e-021
03460 234.0 011.2 -000.2 100 100 7.4e-021
03520 226.0 008.0 0000.0 100 100 3.2e-021
03580 238.0 010.9 0000.0 100 100 2.0e-021
03640 234.0 011.3 0000.0 100 100 8.3e-021
03700 234.0 011.5 -001.0 100 100 7.9e-021
03760 246.0 009.5 0000.0 100 100 4.2e-021
03820 228.0 011.5 -001.1 100 100 6.2e-021
03880 233.0 011.2 0000.0 100 100 5.4e-021
03940 233.0 011.3 -000.1 100 100 6.5e-021
04000 233.0 011.4 0000.0 100 100 6.1e-021
04060 ///// ///// 0000.4 000 000 2.7e-021
04120 ///// ///// 0000.0 000 000 3.9e-021
04180 ///// ///// 0000.0 000 000 1.6e-021
04240 ///// ///// 0000.0 000 000 3.0e-021
04300 ///// ///// 0000.0 000 000 2.4e-021
04360 ///// ///// 0000.0 000 000 3.0e-021
04420 ///// ///// 0000.0 000 000 4.0e-021
04480 ///// ///// -000.2 000 000 8.8e-022
04540 ///// ///// 0000.0 000 000 2.6e-021
04600 ///// ///// 0000.0 000 000 2.2e-021
04660 ///// ///// 0001.3 000 000 4.8e-022
04720 ///// ///// 0000.0 000 000 3.4e-021
04780 ///// ///// 0000.7 000 000 2.3e-021
04840 ///// ///// -001.0 000 000 3.1e-021
04900 ///// ///// 0000.0 000 000 1.0e-021
04960 ///// ///// 0000.0 000 000 3.2e-021
05020 ///// ///// 0000.9 000 000 4.7e-021
05080 ///// ///// 0000.0 000 000 1.1e-021
05140 ///// ///// 0000.9 000 000 4.3e-021
05200 ///// ///// -000.0 000 000 3.8e-021
05260 ///// ///// 0000.0 000 000 3.9e-021
05320 ///// ///// 0000.0 000 000 2.0e-021
05380 ///// ///// 0001.0 000 000 1.5e-021
05440 ///// ///// -000.1 000 000 3.5e-021
05500 ///// ///// 0000.0 000 000 2.8e-021
05560 ///// ///// 0000.0 000 000 2.3e-021
05620 ///// ///// 0000.0 000 000 3.1e-021
05680 ///// ///// -001.3 000 000 3.5e-021
05740 ///// ///// 0000.0 000 000 2.7e-021
05800 ///// ///// -000.1 000 000 5.1e-021
05860 ///// ///// 0000.0 000 000 2.7e-021
05920 ///// ///// 0000.0 000 000 1.8e-021
05980 ///// ///// 0000.0 000 000 6.6e-021
NNNN
