WNDROBS 01.20
57793 0114.3600 027.7900 00130.0 LC 20130629045000
ROBS
00100 067.0 002.5 0000.2 100 100 9.8e-021
00160 067.0 002.8 0000.2 100 100 2.1e-020
00220 055.0 002.8 0000.4 100 100 1.7e-020
00280 054.0 001.8 0000.3 100 100 6.6e-021
00340 054.0 001.2 0000.1 100 100 4.2e-021
00400 098.0 002.2 0000.2 100 100 2.4e-021
00460 104.0 002.1 0000.2 100 100 5.1e-021
00520 139.0 002.1 0000.2 100 100 1.1e-020
00580 173.0 003.0 0000.2 100 100 4.5e-020
00640 180.0 002.1 0000.3 100 100 7.6e-020
00700 179.0 004.6 0000.3 100 100 8.3e-021
00760 228.0 002.8 0000.4 100 100 1.1e-020
00820 227.0 003.6 -000.0 100 100 1.3e-020
00880 227.0 006.1 -000.2 100 100 1.0e-020
00940 226.0 007.0 -000.2 100 100 1.4e-020
01000 227.0 009.2 -000.4 100 100 2.1e-020
01060 232.0 008.8 -000.5 100 100 6.3e-021
01120 230.0 009.9 -000.4 100 100 4.6e-021
01180 230.0 010.6 -000.4 100 100 6.4e-021
01240 230.0 011.2 -000.5 100 100 6.0e-021
01300 231.0 011.4 -000.5 100 100 1.2e-020
01360 231.0 012.0 -000.5 100 100 1.5e-020
01420 231.0 012.6 -000.2 100 100 2.3e-020
01480 230.0 013.5 -000.3 100 100 2.2e-020
01540 231.0 014.3 -000.2 100 100 3.9e-020
01600 233.0 015.5 -000.1 100 100 3.4e-020
01660 234.0 016.2 -000.1 100 100 2.6e-020
01720 235.0 017.2 -000.0 100 100 1.2e-020
01780 239.0 018.4 -000.0 100 100 2.5e-021
01840 242.0 013.5 -000.6 100 100 1.3e-021
01900 239.0 013.6 0000.0 100 100 1.8e-021
01960 255.0 012.4 0000.0 100 100 1.5e-021
02020 244.0 014.2 0000.3 100 100 2.4e-021
02080 245.0 017.0 -000.0 100 100 3.4e-021
02140 240.0 015.4 0000.0 100 100 7.4e-021
02200 237.0 016.1 -000.3 100 100 2.8e-021
02260 242.0 016.6 0000.0 100 100 1.9e-021
02320 242.0 017.8 0000.1 100 100 1.7e-021
02380 244.0 017.6 0000.0 100 100 1.5e-021
02440 244.0 017.8 0000.0 100 100 2.2e-021
02500 243.0 016.7 0000.0 100 100 2.7e-021
02560 239.0 017.4 0000.3 100 100 2.2e-021
02620 242.0 016.2 0000.0 100 100 2.3e-021
02680 243.0 016.2 0000.0 100 100 3.0e-021
02740 242.0 015.9 -000.2 100 100 4.0e-021
02800 242.0 016.2 -000.1 100 100 3.9e-021
02860 242.0 016.4 0000.0 100 100 3.4e-021
02920 245.0 015.1 0000.0 100 100 7.3e-022
02980 246.0 014.7 -000.1 100 100 1.7e-021
03040 246.0 014.8 0000.0 100 100 1.4e-021
03100 246.0 015.9 0000.0 100 100 1.9e-021
03160 241.0 014.7 0000.0 100 100 2.7e-021
03220 237.0 015.3 0000.0 100 100 2.4e-021
03280 248.0 014.2 0000.0 100 100 7.4e-022
03340 243.0 014.9 0000.0 100 100 2.0e-021
03400 256.0 012.9 0000.0 100 100 2.8e-021
03460 248.0 014.1 0006.4 100 100 1.4e-021
03520 245.0 014.1 0005.9 100 100 3.6e-021
03580 250.0 013.8 0000.0 100 100 2.2e-021
03640 250.0 014.0 0000.4 100 100 2.4e-021
03700 249.0 014.2 0000.0 100 100 1.4e-021
03760 248.0 013.4 0000.0 100 100 3.8e-021
03820 248.0 013.5 0000.0 100 100 1.5e-021
03880 244.0 014.1 0000.0 100 100 3.3e-021
03940 245.0 014.1 -001.1 100 100 2.9e-021
04000 ///// ///// 0000.0 000 000 1.4e-021
04060 ///// ///// 0000.0 000 000 1.0e-021
04120 ///// ///// 0000.0 000 000 2.7e-021
04180 ///// ///// 0000.0 000 000 1.4e-021
04240 ///// ///// 0000.0 000 000 2.6e-021
04300 ///// ///// 0000.0 000 000 1.5e-021
04360 ///// ///// 0000.0 000 000 2.7e-021
04420 ///// ///// 0000.0 000 000 2.8e-021
04480 ///// ///// 0000.0 000 000 2.6e-021
04540 ///// ///// 0000.0 000 000 1.9e-021
04600 ///// ///// 0000.0 000 000 3.2e-021
04660 ///// ///// 0000.1 000 000 4.0e-021
04720 ///// ///// 0000.0 000 000 1.5e-021
04780 ///// ///// 0000.0 000 000 2.7e-021
04840 ///// ///// 0000.0 000 000 3.1e-021
04900 ///// ///// 0000.0 000 000 2.6e-021
04960 ///// ///// -000.6 000 000 1.8e-021
05020 ///// ///// 0000.0 000 000 3.1e-021
05080 ///// ///// 0000.0 000 000 4.2e-021
05140 ///// ///// 0000.0 000 000 3.0e-021
05200 ///// ///// 0000.4 000 000 5.4e-021
05260 ///// ///// 0000.0 000 000 1.8e-021
05320 ///// ///// 0000.0 000 000 4.2e-021
05380 ///// ///// 0000.0 000 000 5.3e-021
05440 ///// ///// 0000.0 000 000 4.3e-021
05500 ///// ///// 0000.0 000 000 5.4e-021
05560 ///// ///// 0000.0 000 000 2.0e-021
05620 ///// ///// 0000.0 000 000 1.5e-021
05680 ///// ///// 0000.0 000 000 6.5e-021
05740 ///// ///// 0000.0 000 000 6.8e-021
05800 ///// ///// 0000.0 000 000 8.8e-021
05860 ///// ///// 0000.0 000 000 4.6e-021
05920 ///// ///// -000.1 000 000 1.1e-020
05980 ///// ///// -000.7 000 000 6.4e-021
NNNN
