WNDROBS 01.20
57793 0114.3600 027.7900 00130.0 LC 20130628004500
ROBS
00100 029.0 002.6 0000.6 100 100 3.5e-021
00160 060.0 001.7 0000.3 100 100 1.4e-020
00220 035.0 001.5 0000.0 100 100 2.6e-020
00280 043.0 001.0 -000.2 100 100 1.7e-020
00340 080.0 000.7 -000.1 100 100 1.5e-020
00400 123.0 000.9 -000.1 100 100 1.2e-020
00460 132.0 000.7 -000.0 100 100 1.2e-020
00520 176.0 000.5 -000.1 100 100 6.2e-021
00580 240.0 001.4 -000.1 100 100 1.3e-020
00640 243.0 002.5 -000.3 100 100 2.9e-020
00700 234.0 003.6 -000.4 100 100 1.1e-019
00760 228.0 005.2 -000.3 100 100 1.0e-019
00820 231.0 007.3 -000.3 100 100 7.0e-020
00880 233.0 008.9 -000.3 100 100 4.2e-020
00940 232.0 010.4 0002.3 100 100 1.1e-020
01000 225.0 009.2 -000.1 100 100 9.5e-021
01060 228.0 010.3 -000.3 100 100 1.4e-021
01120 234.0 011.4 -000.2 100 100 1.5e-021
01180 234.0 011.5 -000.2 100 100 1.7e-021
01240 232.0 012.0 -000.1 100 100 1.9e-021
01300 234.0 012.9 -000.3 100 100 3.1e-021
01360 230.0 012.8 -000.1 100 100 3.1e-021
01420 232.0 013.1 -000.1 100 100 4.1e-021
01480 232.0 013.9 -000.1 100 100 4.6e-021
01540 236.0 015.2 -000.2 100 100 6.6e-021
01600 239.0 015.0 -000.2 100 100 3.6e-021
01660 239.0 015.6 0000.0 100 100 3.9e-021
01720 244.0 016.7 -000.2 100 100 4.4e-021
01780 240.0 018.1 -000.1 100 100 4.3e-021
01840 242.0 018.1 -000.1 100 100 6.1e-021
01900 241.0 018.2 -000.7 100 100 5.7e-021
01960 239.0 016.5 0000.1 100 100 3.7e-021
02020 237.0 016.4 0000.0 100 100 7.1e-022
02080 233.0 016.2 -000.1 100 100 1.5e-021
02140 232.0 013.6 -000.0 100 100 3.2e-021
02200 237.0 014.0 -000.4 100 100 4.1e-021
02260 233.0 013.9 0001.1 100 100 3.1e-021
02320 235.0 013.3 0000.0 100 100 2.7e-021
02380 242.0 012.6 -000.2 100 100 3.5e-021
02440 239.0 013.1 -000.6 100 100 4.9e-021
02500 237.0 012.4 -000.4 100 100 8.3e-021
02560 236.0 013.0 -000.3 100 100 1.0e-020
02620 235.0 012.8 -000.2 100 100 1.4e-020
02680 236.0 012.7 -000.4 100 100 2.6e-020
02740 238.0 012.6 -000.3 100 100 2.6e-020
02800 236.0 012.6 -000.4 100 100 1.7e-020
02860 234.0 012.3 0000.0 100 100 3.3e-021
02920 237.0 012.5 0000.0 100 100 1.8e-020
02980 234.0 010.9 -001.1 100 100 5.2e-021
03040 208.0 007.2 0000.0 100 100 3.1e-021
03100 198.0 006.1 0000.0 100 100 3.8e-021
03160 218.0 007.7 0000.0 100 100 4.1e-021
03220 228.0 009.0 0000.0 100 100 2.3e-021
03280 229.0 009.4 0000.0 100 100 2.7e-021
03340 228.0 009.3 -000.2 100 100 2.9e-021
03400 209.0 006.7 -000.2 100 100 2.1e-021
03460 207.0 007.2 0000.0 100 100 6.9e-022
03520 206.0 007.4 -000.2 100 100 5.2e-022
03580 207.0 007.3 0000.0 100 100 1.5e-021
03640 200.0 009.5 0000.0 100 100 6.2e-022
03700 ///// ///// 0000.0 000 000 6.1e-022
03760 192.0 006.9 0000.0 100 100 1.7e-021
03820 ///// ///// 0000.0 000 000 9.5e-022
03880 ///// ///// 0000.0 000 000 4.6e-022
03940 ///// ///// 0000.0 000 000 2.6e-021
04000 ///// ///// 0000.0 000 000 2.5e-021
04060 ///// ///// -000.3 000 000 2.1e-021
04120 ///// ///// 0000.0 000 000 3.1e-021
04180 ///// ///// -000.5 000 000 6.4e-021
04240 ///// ///// 0000.2 000 000 5.0e-021
04300 ///// ///// 0000.0 000 000 1.4e-021
04360 ///// ///// 0000.0 000 000 2.7e-021
04420 ///// ///// 0000.0 000 000 1.3e-021
04480 ///// ///// 0000.0 000 000 3.4e-021
04540 ///// ///// 0000.0 000 000 8.9e-022
04600 ///// ///// 0000.4 000 000 1.6e-021
04660 ///// ///// 0000.0 000 000 9.2e-022
04720 ///// ///// 0000.0 000 000 4.8e-022
04780 ///// ///// 0000.0 000 000 5.2e-022
04840 ///// ///// 0000.0 000 000 1.4e-021
04900 ///// ///// 0000.0 000 000 4.7e-021
04960 ///// ///// 0000.0 000 000 1.0e-021
05020 ///// ///// 0001.0 000 000 4.2e-021
05080 ///// ///// 0000.0 000 000 3.7e-021
05140 ///// ///// 0001.0 000 000 5.2e-021
05200 ///// ///// 0000.0 000 000 3.8e-021
05260 ///// ///// 0000.0 000 000 3.1e-021
05320 ///// ///// 0000.0 000 000 4.2e-021
05380 ///// ///// 0000.0 000 000 4.6e-021
05440 ///// ///// 0000.0 000 000 1.2e-021
05500 ///// ///// 0000.0 000 000 1.6e-021
05560 ///// ///// 0000.0 000 000 1.5e-021
05620 ///// ///// 0000.0 000 000 5.2e-021
05680 ///// ///// 0000.0 000 000 1.6e-021
05740 ///// ///// -000.3 000 000 4.4e-021
05800 ///// ///// 0000.0 000 000 2.8e-021
05860 ///// ///// 0000.0 000 000 4.2e-021
05920 ///// ///// 0000.0 000 000 3.8e-021
05980 ///// ///// -000.9 000 000 2.5e-021
NNNN
