WNDROBS 01.20
57793 0114.3600 027.7900 00130.0 LC 20130629194000
ROBS
00100 107.0 004.0 0001.9 100 100 4.1e-021
00160 107.0 004.5 0001.3 100 100 1.1e-020
00220 120.0 004.6 0002.1 100 100 3.8e-021
00280 123.0 003.7 0000.1 100 100 7.4e-021
00340 131.0 003.5 0000.2 100 100 1.0e-020
00400 145.0 003.4 0000.4 100 100 2.0e-020
00460 159.0 004.7 0000.6 100 100 4.6e-020
00520 158.0 006.1 0000.5 100 100 1.4e-019
00580 167.0 006.8 0000.5 100 100 1.2e-019
00640 166.0 007.2 0000.3 100 100 6.7e-020
00700 182.0 006.7 0000.4 100 100 4.9e-020
00760 188.0 006.3 0000.3 100 100 5.2e-020
00820 187.0 005.4 0000.1 100 100 4.2e-020
00880 195.0 003.9 0000.0 100 100 1.5e-020
00940 207.0 002.5 0000.1 100 100 8.4e-021
01000 211.0 003.4 0000.1 100 100 9.2e-021
01060 221.0 003.1 0000.0 100 100 4.6e-021
01120 228.0 004.0 -000.1 100 100 4.1e-021
01180 225.0 004.5 0000.3 100 100 2.5e-021
01240 214.0 004.3 0000.3 100 100 2.7e-021
01300 215.0 005.6 0000.2 100 100 2.0e-021
01360 209.0 005.2 0000.0 100 100 3.7e-021
01420 218.0 006.6 -000.1 100 100 6.6e-021
01480 218.0 007.3 0000.1 100 100 9.1e-021
01540 219.0 008.6 -000.1 100 100 5.1e-021
01600 219.0 009.1 -000.2 100 100 3.8e-021
01660 225.0 009.7 -000.0 100 100 5.9e-021
01720 223.0 010.7 0000.2 100 100 6.6e-021
01780 226.0 011.1 0000.1 100 100 4.2e-021
01840 227.0 011.3 0000.2 100 100 3.4e-021
01900 224.0 010.6 0000.1 100 100 3.6e-021
01960 226.0 010.1 0000.2 100 100 3.3e-021
02020 225.0 009.5 0000.0 100 100 3.2e-021
02080 224.0 009.8 0000.0 100 100 1.8e-021
02140 225.0 009.1 0000.3 100 100 2.9e-021
02200 226.0 009.0 0000.5 100 100 2.5e-021
02260 220.0 008.1 -000.1 100 100 2.8e-021
02320 223.0 008.7 0000.3 100 100 5.2e-021
02380 222.0 008.6 0000.2 100 100 3.6e-021
02440 226.0 008.0 0000.4 100 100 3.1e-021
02500 218.0 008.1 0000.5 100 100 2.3e-021
02560 212.0 010.4 0000.0 100 100 3.5e-021
02620 212.0 010.5 0000.4 100 100 3.9e-021
02680 216.0 009.6 0000.0 100 100 1.5e-021
02740 200.0 011.2 0000.5 100 100 3.3e-021
02800 220.0 006.4 0000.4 100 100 3.3e-021
02860 231.0 008.0 0000.7 100 100 1.0e-021
02920 231.0 008.0 -000.6 100 100 2.4e-021
02980 245.0 007.1 0000.0 100 100 1.9e-021
03040 233.0 007.4 0000.0 100 100 2.4e-021
03100 234.0 007.5 0000.1 100 100 3.2e-021
03160 235.0 007.5 0000.0 100 100 9.6e-022
03220 235.0 007.5 0000.0 100 100 2.6e-021
03280 235.0 007.6 0000.0 100 100 2.8e-021
03340 235.0 007.7 0000.0 100 100 2.9e-021
03400 188.0 004.2 0000.0 100 100 2.3e-021
03460 ///// ///// 0000.7 000 000 2.8e-021
03520 235.0 009.6 0000.0 100 100 1.5e-021
03580 231.0 008.9 0000.1 100 100 5.6e-021
03640 234.0 009.4 0000.2 100 100 6.5e-021
03700 231.0 008.6 -000.0 100 100 7.9e-021
03760 232.0 008.2 0000.6 100 100 7.2e-021
03820 219.0 009.6 0000.3 100 100 7.6e-021
03880 213.0 008.8 0000.3 100 100 7.5e-021
03940 221.0 009.4 0000.1 100 100 9.3e-021
04000 218.0 008.7 0000.0 100 100 9.5e-021
04060 213.0 009.3 -000.6 100 100 2.8e-020
04120 209.0 009.6 0000.0 100 100 2.9e-020
04180 199.0 009.5 0000.0 100 100 4.8e-021
04240 207.0 010.2 0000.1 100 100 1.3e-020
04300 209.0 010.4 0000.4 100 100 7.5e-021
04360 210.0 010.6 -000.2 100 100 4.8e-021
04420 217.0 010.3 0000.0 100 100 5.6e-021
04480 ///// ///// 0000.0 000 000 1.4e-021
04540 ///// ///// 0000.0 000 000 1.3e-021
04600 ///// ///// -000.9 000 000 1.0e-021
04660 ///// ///// 0000.0 000 000 2.2e-021
04720 ///// ///// -000.2 000 000 5.7e-021
04780 ///// ///// 0000.0 000 000 7.5e-022
04840 ///// ///// 0000.0 000 000 2.7e-021
04900 ///// ///// 0000.0 000 000 3.2e-021
04960 ///// ///// 0000.0 000 000 9.6e-022
05020 ///// ///// 0000.0 000 000 4.2e-021
05080 ///// ///// 0000.0 000 000 3.2e-021
05140 ///// ///// 0000.0 000 000 1.2e-021
05200 ///// ///// 0000.0 000 000 1.5e-021
05260 ///// ///// -000.3 000 000 5.7e-021
05320 ///// ///// 0000.0 000 000 2.6e-021
05380 ///// ///// 0000.0 000 000 3.4e-021
05440 ///// ///// 0000.0 000 000 1.1e-021
05500 ///// ///// 0000.0 000 000 1.5e-021
05560 ///// ///// 0000.0 000 000 2.4e-021
05620 ///// ///// 0000.0 000 000 1.5e-021
05680 ///// ///// 0000.0 000 000 4.3e-021
05740 ///// ///// 0000.0 000 000 2.0e-021
05800 ///// ///// 0000.0 000 000 1.3e-021
05860 ///// ///// 0000.0 000 000 2.0e-021
05920 ///// ///// 0000.0 000 000 5.5e-021
05980 ///// ///// 0000.0 000 000 5.4e-022
NNNN
