WNDROBS 01.20
57793 0114.3600 027.7900 00130.0 LC 20130629173000
ROBS
00100 097.0 004.1 0001.0 100 100 4.6e-021
00160 097.0 004.5 0001.1 100 100 1.0e-020
00220 091.0 004.3 0000.2 100 100 9.5e-021
00280 098.0 003.9 0000.1 100 100 1.3e-020
00340 097.0 004.3 0000.0 100 100 9.9e-021
00400 109.0 004.5 0000.1 100 100 9.7e-021
00460 128.0 004.5 -000.1 100 100 1.2e-020
00520 144.0 006.2 0000.0 100 100 1.3e-020
00580 157.0 008.5 -000.0 100 100 4.2e-020
00640 167.0 009.1 0000.1 100 100 2.2e-019
00700 172.0 010.7 0000.3 100 100 2.3e-019
00760 181.0 012.7 0000.2 100 100 1.3e-019
00820 185.0 012.0 0000.0 100 100 1.9e-019
00880 188.0 010.2 0000.1 100 100 8.9e-020
00940 192.0 008.5 0000.2 100 100 4.6e-020
01000 188.0 006.3 0000.2 100 100 9.2e-020
01060 189.0 006.2 0000.2 100 100 3.8e-020
01120 189.0 006.0 0000.0 100 100 2.1e-020
01180 197.0 005.6 0000.1 100 100 9.7e-021
01240 207.0 005.4 0000.1 100 100 4.7e-021
01300 204.0 005.7 0000.2 100 100 5.1e-021
01360 212.0 006.2 0000.0 100 100 5.5e-021
01420 215.0 006.2 0000.2 100 100 6.7e-021
01480 222.0 007.7 0000.1 100 100 4.4e-021
01540 224.0 008.4 0000.1 100 100 3.0e-021
01600 231.0 008.9 0000.1 100 100 6.1e-021
01660 230.0 009.8 -000.0 100 100 6.1e-021
01720 233.0 010.5 0000.1 100 100 4.3e-021
01780 238.0 011.0 0000.1 100 100 4.3e-021
01840 235.0 011.5 0000.1 100 100 5.1e-021
01900 234.0 012.6 0000.2 100 100 5.4e-021
01960 231.0 012.1 -000.1 100 100 5.1e-021
02020 231.0 012.3 0000.4 100 100 2.7e-021
02080 229.0 012.7 0000.0 100 100 2.7e-021
02140 228.0 012.4 0000.0 100 100 1.8e-021
02200 229.0 012.6 0000.2 100 100 2.0e-021
02260 234.0 013.2 0000.5 100 100 1.7e-021
02320 243.0 014.5 0000.3 100 100 2.0e-021
02380 234.0 011.2 0000.4 100 100 1.6e-021
02440 237.0 012.1 -000.5 100 100 2.7e-021
02500 225.0 009.2 -000.0 100 100 2.0e-021
02560 225.0 009.2 0000.3 100 100 2.3e-021
02620 218.0 009.1 0000.1 100 100 2.3e-021
02680 221.0 008.0 -001.0 100 100 2.1e-021
02740 218.0 007.9 0000.0 100 100 1.0e-021
02800 220.0 008.2 -000.1 100 100 2.0e-021
02860 215.0 008.3 0000.0 100 100 1.7e-021
02920 217.0 008.0 -000.5 100 100 2.2e-021
02980 227.0 007.2 -000.1 100 100 2.1e-021
03040 211.0 009.1 0001.3 100 100 2.2e-021
03100 212.0 008.8 0000.0 100 100 2.3e-021
03160 215.0 009.5 -000.0 100 100 2.3e-021
03220 215.0 009.6 0000.2 100 100 2.6e-021
03280 215.0 009.7 -000.2 100 100 2.8e-021
03340 227.0 008.4 0000.0 100 100 2.3e-021
03400 229.0 008.8 0000.1 100 100 2.5e-021
03460 245.0 008.4 0000.1 100 100 5.2e-021
03520 246.0 009.0 -000.1 100 100 5.7e-021
03580 242.0 008.6 0000.1 100 100 1.5e-020
03640 235.0 008.4 0000.0 100 100 1.1e-020
03700 231.0 007.6 0000.0 100 100 4.0e-021
03760 232.0 008.0 0000.0 100 100 3.0e-021
03820 230.0 008.1 -000.0 100 100 4.2e-021
03880 227.0 008.6 -000.2 100 100 6.2e-021
03940 220.0 009.4 0000.0 100 100 3.2e-021
04000 221.0 009.6 0000.0 100 100 6.0e-021
04060 220.0 007.6 -000.2 100 100 3.0e-021
04120 228.0 004.8 0000.0 100 100 4.2e-022
04180 212.0 007.2 0000.0 100 100 2.3e-021
04240 215.0 009.1 0000.0 100 100 5.3e-021
04300 184.0 007.9 0000.0 100 100 2.9e-021
04360 ///// ///// 0000.0 000 000 2.2e-021
04420 ///// ///// 0000.5 000 000 2.8e-021
04480 ///// ///// 0000.0 000 000 2.1e-021
04540 ///// ///// 0000.0 000 000 1.6e-021
04600 ///// ///// 0000.0 000 000 3.1e-021
04660 ///// ///// -000.1 000 000 2.4e-021
04720 ///// ///// -001.2 000 000 3.1e-021
04780 ///// ///// 0000.0 000 000 1.9e-021
04840 ///// ///// 0000.0 000 000 4.6e-022
04900 ///// ///// 0000.2 000 000 4.2e-021
04960 ///// ///// -000.0 000 000 4.0e-021
05020 ///// ///// 0000.0 000 000 1.2e-021
05080 ///// ///// 0000.0 000 000 1.9e-021
05140 ///// ///// 0000.0 000 000 1.2e-021
05200 235.0 006.0 -000.5 100 100 5.9e-021
05260 226.0 005.5 0000.0 100 100 1.3e-021
05320 206.0 008.8 0000.0 100 100 3.8e-021
05380 ///// ///// 0000.0 000 000 1.6e-021
05440 ///// ///// 0000.0 000 000 2.5e-021
05500 ///// ///// 0000.6 000 000 5.0e-021
05560 ///// ///// 0000.0 000 000 4.3e-021
05620 ///// ///// 0000.0 000 000 1.4e-021
05680 ///// ///// 0000.0 000 000 1.4e-021
05740 ///// ///// 0000.0 000 000 3.6e-021
05800 ///// ///// 0000.0 000 000 7.5e-022
05860 ///// ///// -000.2 000 000 2.5e-021
05920 ///// ///// -000.4 000 000 4.4e-021
05980 ///// ///// 0000.7 000 000 4.5e-021
NNNN
