WNDROBS 01.20
57793 0114.3600 027.7900 00130.0 LC 20130629203000
ROBS
00100 084.0 003.5 0001.9 100 100 3.7e-021
00160 086.0 003.8 0002.1 100 100 7.9e-021
00220 087.0 003.4 0002.0 100 100 1.9e-021
00280 117.0 004.2 -000.0 100 100 5.6e-021
00340 136.0 003.0 -000.1 100 100 1.4e-020
00400 146.0 003.5 -000.4 100 100 1.3e-020
00460 163.0 004.7 -000.4 100 100 3.3e-020
00520 164.0 005.4 -000.5 100 100 3.9e-020
00580 165.0 006.6 -000.4 100 100 3.3e-020
00640 174.0 006.8 -000.3 100 100 3.2e-020
00700 191.0 006.4 -000.4 100 100 1.2e-019
00760 197.0 005.3 -000.1 100 100 7.2e-020
00820 204.0 004.8 0000.2 100 100 4.3e-020
00880 220.0 004.2 0000.1 100 100 3.4e-020
00940 220.0 004.0 -000.1 100 100 2.5e-020
01000 221.0 004.4 -000.1 100 100 6.0e-021
01060 218.0 004.0 -000.2 100 100 2.3e-021
01120 223.0 005.1 -000.1 100 100 1.4e-021
01180 224.0 005.7 -000.2 100 100 1.5e-021
01240 226.0 006.4 0000.1 100 100 1.4e-021
01300 227.0 006.2 0000.2 100 100 9.5e-022
01360 225.0 007.3 -000.3 100 100 1.4e-021
01420 224.0 008.4 -000.0 100 100 3.6e-021
01480 223.0 008.8 -000.2 100 100 7.3e-021
01540 226.0 009.9 -000.2 100 100 8.3e-021
01600 225.0 011.0 -000.2 100 100 5.9e-021
01660 225.0 011.9 -000.2 100 100 8.0e-021
01720 225.0 013.5 -000.5 100 100 9.6e-021
01780 224.0 012.9 -000.3 100 100 3.9e-021
01840 226.0 011.4 -000.4 100 100 3.0e-021
01900 210.0 008.8 -000.2 100 100 1.8e-021
01960 210.0 009.0 0000.0 100 100 2.0e-021
02020 210.0 009.1 -000.6 100 100 2.4e-021
02080 208.0 009.5 -000.4 100 100 3.4e-021
02140 211.0 009.4 -000.3 100 100 3.0e-021
02200 211.0 009.3 -000.3 100 100 3.9e-021
02260 204.0 007.8 -000.4 100 100 2.4e-021
02320 206.0 008.3 -000.4 100 100 2.1e-021
02380 216.0 008.0 -000.4 100 100 3.6e-021
02440 221.0 008.4 -000.6 100 100 4.6e-021
02500 222.0 008.5 -000.6 100 100 1.3e-020
02560 229.0 008.6 -000.5 100 100 1.7e-020
02620 231.0 009.0 -000.6 100 100 1.6e-020
02680 226.0 008.7 -000.6 100 100 1.0e-020
02740 222.0 008.7 -000.7 100 100 8.8e-021
02800 217.0 008.9 -000.5 100 100 8.2e-021
02860 216.0 009.1 0000.0 100 100 4.7e-021
02920 217.0 009.1 -000.3 100 100 1.0e-020
02980 215.0 008.7 -000.4 100 100 1.1e-020
03040 214.0 008.4 -000.6 100 100 1.6e-020
03100 206.0 008.8 -000.9 100 100 9.3e-021
03160 210.0 009.3 -000.6 100 100 9.4e-021
03220 210.0 009.5 -000.9 100 100 4.7e-021
03280 199.0 008.2 -000.4 100 100 3.9e-021
03340 198.0 008.5 0000.0 100 100 3.0e-021
03400 199.0 008.4 -000.5 100 100 3.9e-021
03460 199.0 008.5 0000.0 100 100 3.5e-021
03520 201.0 009.9 -000.2 100 100 6.2e-021
03580 206.0 010.1 -000.1 100 100 5.6e-021
03640 212.0 009.2 -000.4 100 100 4.9e-021
03700 211.0 009.2 0000.0 100 100 4.5e-021
03760 211.0 009.3 0000.0 100 100 4.3e-021
03820 199.0 009.2 0001.1 100 100 4.4e-021
03880 198.0 009.4 0000.0 100 100 4.4e-021
03940 200.0 008.7 0000.0 100 100 3.7e-021
04000 207.0 008.2 0000.2 100 100 5.0e-021
04060 220.0 008.9 0000.2 100 100 1.7e-021
04120 224.0 009.6 0000.2 100 100 4.7e-021
04180 230.0 011.1 0000.0 100 100 4.5e-021
04240 231.0 012.4 0000.2 100 100 6.2e-021
04300 230.0 012.7 0000.1 100 100 7.2e-021
04360 230.0 011.2 -000.1 100 100 2.6e-021
04420 232.0 011.1 -000.2 100 100 8.9e-021
04480 228.0 010.5 -000.2 100 100 8.6e-021
04540 237.0 009.4 0000.0 100 100 2.4e-021
04600 240.0 010.0 0000.0 100 100 1.8e-021
04660 236.0 009.7 0000.0 100 100 1.2e-021
04720 ///// ///// 0000.0 000 000 2.7e-021
04780 ///// ///// -001.0 000 000 4.0e-021
04840 ///// ///// 0000.0 000 000 3.0e-021
04900 ///// ///// 0000.4 000 000 1.3e-021
04960 ///// ///// 0001.1 000 000 4.1e-021
05020 ///// ///// 0000.0 000 000 1.2e-021
05080 ///// ///// 0000.0 000 000 4.3e-021
05140 ///// ///// -000.2 000 000 4.0e-021
05200 ///// ///// 0000.0 000 000 2.2e-021
05260 ///// ///// -000.0 000 000 6.1e-021
05320 ///// ///// -000.3 000 000 2.9e-021
05380 ///// ///// -001.1 000 000 1.7e-021
05440 ///// ///// 0000.5 000 000 8.1e-021
05500 ///// ///// 0000.0 000 000 3.8e-021
05560 ///// ///// 0000.0 000 000 3.1e-021
05620 ///// ///// 0000.0 000 000 4.0e-021
05680 ///// ///// 0000.0 000 000 2.1e-021
05740 ///// ///// 0000.0 000 000 5.4e-021
05800 ///// ///// 0001.1 000 000 1.9e-021
05860 ///// ///// 0000.0 000 000 1.1e-021
05920 ///// ///// 0000.0 000 000 5.3e-021
05980 ///// ///// 0000.0 000 000 3.1e-021
NNNN
