WNDROBS 01.20
57793 0114.3600 027.7900 00130.0 LC 20130628010000
ROBS
00100 031.0 001.2 0000.6 100 100 3.5e-021
00160 015.0 002.4 0000.5 100 100 1.1e-020
00220 026.0 001.3 -000.0 100 100 1.1e-020
00280 011.0 000.4 0000.4 100 100 1.1e-020
00340 008.0 002.6 0000.4 100 100 1.8e-020
00400 099.0 001.9 0000.5 100 100 2.4e-020
00460 129.0 001.1 0000.5 100 100 6.5e-020
00520 049.0 000.8 0000.5 100 100 1.2e-019
00580 353.0 000.3 0000.3 100 100 4.6e-020
00640 270.0 001.2 0000.2 100 100 2.3e-020
00700 253.0 001.9 0000.5 100 100 2.2e-020
00760 208.0 002.8 -000.2 100 100 3.4e-020
00820 211.0 003.8 -000.2 100 100 6.5e-020
00880 222.0 005.3 -000.3 100 100 4.5e-020
00940 226.0 006.7 -000.2 100 100 2.9e-020
01000 219.0 009.5 -000.8 100 100 1.7e-020
01060 232.0 008.2 -000.3 100 100 2.6e-021
01120 230.0 009.7 0000.0 100 100 9.0e-022
01180 227.0 008.9 0000.0 100 100 7.5e-022
01240 234.0 008.4 -000.2 100 100 9.7e-022
01300 228.0 011.0 -000.6 100 100 1.3e-021
01360 229.0 011.4 -000.1 100 100 2.1e-021
01420 229.0 011.8 -000.1 100 100 3.4e-021
01480 230.0 012.7 -000.5 100 100 3.4e-021
01540 228.0 014.1 0000.0 100 100 2.8e-021
01600 228.0 013.8 0000.1 100 100 3.7e-021
01660 231.0 013.6 0000.1 100 100 6.8e-021
01720 234.0 014.1 0000.2 100 100 8.5e-021
01780 239.0 015.8 -000.0 100 100 5.6e-021
01840 232.0 014.3 -000.0 100 100 5.5e-021
01900 232.0 013.3 0000.0 100 100 4.6e-021
01960 231.0 013.0 -000.7 100 100 5.2e-021
02020 237.0 016.4 -000.4 100 100 3.6e-021
02080 240.0 016.9 0000.1 100 100 4.0e-021
02140 238.0 018.4 -000.7 100 100 6.1e-021
02200 237.0 016.9 -000.9 100 100 6.9e-022
02260 237.0 017.7 0000.0 100 100 1.5e-021
02320 225.0 014.3 0000.1 100 100 2.6e-021
02380 232.0 013.6 0000.0 100 100 1.9e-021
02440 232.0 013.7 0000.0 100 100 2.1e-021
02500 231.0 013.5 0000.0 100 100 2.0e-021
02560 232.0 013.9 0000.0 100 100 2.4e-021
02620 231.0 014.0 0000.1 100 100 3.4e-021
02680 234.0 013.4 -000.1 100 100 3.0e-021
02740 234.0 013.2 0000.0 100 100 2.5e-021
02800 233.0 012.4 0000.0 100 100 2.2e-021
02860 242.0 010.5 0000.0 100 100 1.7e-021
02920 234.0 011.9 0000.0 100 100 2.4e-021
02980 232.0 013.3 0000.0 100 100 1.8e-021
03040 231.0 015.3 0000.0 100 100 2.0e-021
03100 238.0 012.9 0000.2 100 100 2.1e-021
03160 245.0 011.8 0000.0 100 100 2.1e-021
03220 246.0 011.5 0000.0 100 100 1.5e-021
03280 247.0 010.9 0000.0 100 100 2.6e-021
03340 240.0 011.6 -000.3 100 100 4.4e-021
03400 246.0 014.4 0000.0 100 100 3.9e-021
03460 245.0 014.6 0000.0 100 100 3.4e-021
03520 248.0 014.5 0000.0 100 100 2.1e-021
03580 250.0 013.5 0000.1 100 100 2.2e-021
03640 263.0 013.1 0000.0 100 100 2.6e-021
03700 257.0 013.4 0000.0 100 100 2.3e-021
03760 250.0 013.9 -001.1 100 100 9.3e-022
03820 247.0 014.3 0000.0 100 100 1.9e-021
03880 ///// ///// 0000.0 000 000 1.8e-021
03940 ///// ///// 0000.0 000 000 2.6e-021
04000 ///// ///// 0000.0 000 000 8.8e-022
04060 ///// ///// 0000.0 000 000 2.6e-021
04120 ///// ///// -000.9 000 000 2.3e-021
04180 ///// ///// 0000.0 000 000 1.2e-021
04240 ///// ///// 0000.0 000 000 3.4e-021
04300 ///// ///// -000.1 000 000 2.4e-021
04360 ///// ///// -000.3 000 000 3.8e-021
04420 ///// ///// 0000.0 000 000 3.0e-021
04480 ///// ///// 0000.0 000 000 2.9e-021
04540 ///// ///// 0000.0 000 000 8.5e-022
04600 ///// ///// 0000.3 000 000 3.6e-021
04660 ///// ///// 0000.0 000 000 3.5e-021
04720 ///// ///// 0000.0 000 000 8.9e-022
04780 ///// ///// 0000.0 000 000 1.2e-021
04840 ///// ///// 0000.0 000 000 8.8e-022
04900 ///// ///// 0000.0 000 000 2.4e-021
04960 ///// ///// 0000.0 000 000 3.8e-021
05020 ///// ///// 0000.0 000 000 1.9e-021
05080 ///// ///// 0000.0 000 000 4.0e-021
05140 ///// ///// 0000.0 000 000 2.8e-021
05200 ///// ///// -000.5 000 000 4.6e-021
05260 ///// ///// 0000.0 000 000 1.6e-021
05320 ///// ///// 0000.0 000 000 1.6e-021
05380 ///// ///// 0000.0 000 000 1.2e-021
05440 ///// ///// 0000.0 000 000 4.5e-021
05500 ///// ///// 0000.0 000 000 1.5e-021
05560 ///// ///// 0000.0 000 000 3.8e-021
05620 ///// ///// -001.0 000 000 4.0e-021
05680 ///// ///// 0000.0 000 000 4.9e-021
05740 ///// ///// 0000.3 000 000 2.2e-021
05800 ///// ///// 0000.0 000 000 5.0e-021
05860 ///// ///// 0000.3 000 000 5.5e-021
05920 ///// ///// 0000.2 000 000 5.8e-021
05980 ///// ///// 0000.0 000 000 4.0e-021
NNNN
