WNDROBS 01.20
57793 0114.3600 027.7900 00130.0 LC 20130629111000
ROBS
00100 121.0 006.9 0001.7 100 100 1.8e-021
00160 120.0 007.3 0000.9 100 100 5.8e-021
00220 129.0 006.3 0001.7 100 100 2.7e-021
00280 123.0 005.7 0000.0 100 100 5.1e-021
00340 128.0 005.7 0000.0 100 100 4.5e-021
00400 138.0 005.4 0000.0 100 100 8.1e-021
00460 143.0 006.9 0000.1 100 100 6.7e-020
00520 151.0 007.3 0000.1 100 100 1.0e-019
00580 157.0 008.4 0000.1 100 100 5.6e-020
00640 158.0 008.6 0000.2 100 100 2.3e-020
00700 165.0 009.3 0001.2 100 100 1.8e-020
00760 169.0 009.8 0000.3 100 100 9.7e-021
00820 173.0 007.6 0000.3 100 100 2.4e-020
00880 176.0 006.3 0000.4 100 100 3.9e-020
00940 182.0 005.8 0000.9 100 100 8.2e-020
01000 184.0 004.9 0000.7 100 100 4.3e-020
01060 173.0 004.7 0000.3 100 100 8.0e-021
01120 178.0 003.6 0000.5 100 100 9.3e-021
01180 189.0 003.2 0000.3 100 100 1.1e-020
01240 187.0 003.8 0000.3 100 100 1.3e-020
01300 191.0 004.6 0000.2 100 100 1.6e-020
01360 193.0 005.8 0000.3 100 100 1.3e-020
01420 205.0 006.2 0000.3 100 100 1.0e-020
01480 216.0 007.4 0000.1 100 100 7.9e-021
01540 218.0 008.2 0000.0 100 100 7.6e-021
01600 218.0 009.3 0000.1 100 100 8.9e-021
01660 222.0 009.9 0000.2 100 100 1.1e-020
01720 229.0 011.3 0000.1 100 100 1.2e-020
01780 232.0 011.7 0000.1 100 100 9.7e-021
01840 232.0 012.5 0000.0 100 100 8.9e-021
01900 231.0 011.4 0000.2 100 100 7.9e-021
01960 231.0 010.8 -000.1 100 100 3.3e-021
02020 230.0 009.7 0000.0 100 100 5.2e-022
02080 223.0 009.3 -000.0 100 100 2.9e-021
02140 219.0 009.3 0000.1 100 100 4.2e-021
02200 222.0 009.5 -000.2 100 100 2.9e-021
02260 218.0 009.7 -000.0 100 100 2.4e-021
02320 218.0 009.6 -000.3 100 100 2.5e-021
02380 223.0 010.5 0000.1 100 100 4.3e-021
02440 223.0 010.7 -000.2 100 100 5.2e-021
02500 222.0 011.0 -000.1 100 100 3.8e-021
02560 222.0 010.8 -000.0 100 100 4.6e-021
02620 227.0 010.3 -000.0 100 100 5.0e-021
02680 219.0 010.5 0000.1 100 100 8.7e-021
02740 220.0 010.7 -000.0 100 100 8.8e-021
02800 223.0 010.8 0000.1 100 100 1.0e-020
02860 231.0 010.3 -000.0 100 100 1.1e-020
02920 233.0 010.5 -000.1 100 100 7.5e-021
02980 233.0 010.5 -000.1 100 100 1.3e-020
03040 237.0 010.6 -000.2 100 100 1.6e-020
03100 236.0 010.9 0000.0 100 100 1.0e-020
03160 234.0 010.1 -000.2 100 100 1.0e-020
03220 232.0 010.8 0000.0 100 100 1.6e-020
03280 237.0 009.7 0000.0 100 100 9.1e-021
03340 231.0 010.4 -000.7 100 100 1.5e-020
03400 231.0 010.5 0000.0 100 100 5.5e-021
03460 231.0 010.6 -000.6 100 100 8.4e-021
03520 230.0 010.9 0000.0 100 100 2.9e-021
03580 230.0 010.7 0000.0 100 100 2.4e-021
03640 234.0 009.6 0000.0 100 100 7.9e-022
03700 208.0 009.6 0000.0 100 100 5.9e-022
03760 233.0 006.4 0000.0 100 100 2.1e-021
03820 195.0 010.1 0000.0 100 100 1.4e-021
03880 199.0 008.4 0000.0 100 100 1.6e-021
03940 ///// ///// 0000.1 000 000 2.1e-021
04000 197.0 005.2 0000.0 100 100 2.0e-021
04060 223.0 005.9 0000.0 100 100 2.1e-021
04120 ///// ///// 0000.3 000 000 1.0e-021
04180 ///// ///// -000.1 000 000 4.3e-021
04240 225.0 010.0 -000.2 100 100 7.0e-021
04300 233.0 012.4 -000.1 100 100 9.4e-021
04360 235.0 012.4 -000.1 100 100 1.6e-020
04420 233.0 012.9 0000.0 100 100 1.2e-020
04480 235.0 013.5 -000.2 100 100 6.6e-021
04540 244.0 013.2 0000.0 100 100 1.4e-021
04600 247.0 013.4 -000.4 100 100 3.3e-021
04660 246.0 011.8 -000.4 100 100 5.0e-021
04720 244.0 012.0 -000.0 100 100 4.3e-021
04780 ///// ///// 0000.0 000 000 6.4e-022
04840 ///// ///// 0000.0 000 000 5.3e-022
04900 ///// ///// 0000.0 000 000 3.3e-021
04960 ///// ///// 0000.0 000 000 1.3e-021
05020 ///// ///// -001.1 000 000 7.6e-022
05080 ///// ///// -000.4 000 000 4.7e-021
05140 ///// ///// 0000.0 000 000 4.0e-021
05200 ///// ///// 0001.2 000 000 3.8e-021
05260 ///// ///// 0000.0 000 000 1.4e-021
05320 ///// ///// -001.0 000 000 3.4e-021
05380 ///// ///// 0000.0 000 000 2.1e-021
05440 ///// ///// 0000.0 000 000 4.7e-021
05500 ///// ///// 0000.0 000 000 1.0e-021
05560 ///// ///// 0000.0 000 000 2.5e-021
05620 ///// ///// 0000.0 000 000 1.6e-021
05680 ///// ///// 0000.0 000 000 3.3e-021
05740 ///// ///// 0000.0 000 000 2.7e-021
05800 ///// ///// -000.3 000 000 6.1e-021
05860 ///// ///// 0000.0 000 000 4.2e-021
05920 ///// ///// 0000.8 000 000 4.8e-021
05980 ///// ///// 0000.0 000 000 1.1e-021
NNNN
