WNDROBS 01.20
57793 0114.3600 027.7900 00130.0 LC 20130629194500
ROBS
00100 143.0 005.4 0002.0 100 100 2.9e-021
00160 141.0 005.6 0001.0 100 100 7.9e-021
00220 147.0 005.6 0000.1 100 100 5.6e-021
00280 129.0 003.6 0000.0 100 100 6.6e-021
00340 143.0 003.3 0000.1 100 100 9.4e-021
00400 151.0 003.4 -000.0 100 100 1.4e-020
00460 162.0 005.6 0000.2 100 100 2.9e-020
00520 162.0 006.4 0000.2 100 100 4.6e-020
00580 167.0 007.3 0000.1 100 100 1.5e-019
00640 170.0 007.4 0000.0 100 100 7.2e-020
00700 183.0 006.1 -000.1 100 100 7.8e-020
00760 190.0 006.0 -000.3 100 100 8.4e-020
00820 191.0 006.2 -000.3 100 100 2.9e-020
00880 230.0 008.4 -000.1 100 100 1.3e-020
00940 195.0 003.9 -000.3 100 100 1.1e-020
01000 228.0 005.1 0000.1 100 100 9.2e-021
01060 202.0 004.3 -000.0 100 100 5.6e-021
01120 207.0 003.7 0000.0 100 100 6.5e-021
01180 216.0 004.3 -000.1 100 100 6.9e-021
01240 208.0 005.5 -000.2 100 100 7.2e-021
01300 214.0 005.8 -000.3 100 100 6.0e-021
01360 217.0 007.1 -000.3 100 100 5.7e-021
01420 217.0 007.8 -000.1 100 100 8.5e-021
01480 217.0 008.2 -000.3 100 100 8.1e-021
01540 221.0 009.2 -000.4 100 100 5.8e-021
01600 222.0 010.2 -000.6 100 100 4.3e-021
01660 220.0 011.8 -000.6 100 100 3.7e-021
01720 222.0 012.8 -000.4 100 100 5.9e-021
01780 226.0 012.9 -000.5 100 100 6.4e-021
01840 227.0 011.9 -000.5 100 100 4.2e-021
01900 228.0 012.0 -000.6 100 100 4.9e-021
01960 222.0 011.1 -000.3 100 100 5.0e-021
02020 223.0 011.0 -000.7 100 100 2.2e-021
02080 229.0 010.0 -000.8 100 100 2.4e-021
02140 223.0 009.4 0000.0 100 100 2.0e-021
02200 239.0 009.6 -001.0 100 100 2.0e-021
02260 225.0 010.9 -000.1 100 100 2.4e-021
02320 226.0 010.9 -000.8 100 100 9.9e-022
02380 226.0 011.1 0000.0 100 100 2.3e-021
02440 226.0 011.2 -000.2 100 100 4.1e-021
02500 231.0 012.0 0000.0 100 100 1.9e-021
02560 215.0 009.0 0000.1 100 100 2.6e-021
02620 215.0 009.1 0000.0 100 100 6.4e-022
02680 216.0 009.0 0000.4 100 100 2.6e-021
02740 203.0 007.8 0000.2 100 100 2.4e-021
02800 204.0 007.9 -001.1 100 100 2.1e-021
02860 202.0 007.8 -000.2 100 100 1.9e-021
02920 202.0 007.9 0000.0 100 100 2.1e-021
02980 212.0 005.9 0000.0 100 100 6.0e-022
03040 228.0 007.9 0000.0 100 100 1.9e-021
03100 210.0 006.4 0000.0 100 100 1.9e-021
03160 ///// ///// 0000.0 000 000 1.7e-021
03220 ///// ///// 0000.0 000 000 1.6e-021
03280 236.0 009.2 0000.1 100 100 2.6e-021
03340 246.0 013.9 0000.0 100 100 2.4e-021
03400 ///// ///// 0000.1 000 000 2.0e-021
03460 232.0 010.5 0000.1 100 100 4.0e-021
03520 224.0 011.6 0000.2 100 100 6.5e-021
03580 225.0 011.5 -000.0 100 100 6.8e-021
03640 ///// ///// 0000.2 000 000 8.5e-021
03700 ///// ///// 0001.4 000 000 7.9e-021
03760 221.0 009.6 0000.5 100 100 1.4e-020
03820 223.0 011.4 0000.9 100 100 1.4e-020
03880 222.0 011.0 0000.8 100 100 1.6e-020
03940 221.0 009.5 0000.3 100 100 2.0e-020
04000 218.0 008.9 0000.0 100 100 4.3e-020
04060 218.0 009.1 -000.0 100 100 6.9e-020
04120 217.0 009.1 -000.0 100 100 5.9e-020
04180 215.0 009.1 -000.1 100 100 2.3e-020
04240 212.0 009.0 0000.2 100 100 1.2e-020
04300 214.0 010.2 0000.0 100 100 8.6e-021
04360 215.0 010.8 0000.9 100 100 7.0e-021
04420 215.0 010.3 0000.0 100 100 5.3e-021
04480 231.0 008.6 0000.0 100 100 1.7e-021
04540 ///// ///// 0000.0 000 000 2.2e-021
04600 ///// ///// 0000.0 000 000 3.4e-021
04660 ///// ///// 0000.0 000 000 1.4e-021
04720 ///// ///// 0000.0 000 000 1.4e-021
04780 ///// ///// 0000.0 000 000 1.0e-021
04840 ///// ///// 0000.0 000 000 1.8e-021
04900 ///// ///// 0000.0 000 000 2.6e-021
04960 ///// ///// 0000.0 000 000 1.6e-021
05020 ///// ///// -000.2 000 000 3.0e-021
05080 ///// ///// 0000.0 000 000 2.2e-021
05140 ///// ///// 0000.0 000 000 4.7e-021
05200 ///// ///// 0000.0 000 000 4.2e-021
05260 ///// ///// 0000.0 000 000 3.6e-021
05320 ///// ///// 0000.0 000 000 2.0e-021
05380 ///// ///// 0000.0 000 000 1.5e-021
05440 ///// ///// 0000.0 000 000 5.7e-021
05500 ///// ///// 0000.0 000 000 2.9e-021
05560 ///// ///// 0000.3 000 000 6.8e-021
05620 ///// ///// 0000.0 000 000 2.5e-021
05680 ///// ///// 0000.0 000 000 5.8e-021
05740 ///// ///// 0000.0 000 000 5.8e-021
05800 ///// ///// 0000.0 000 000 2.7e-021
05860 ///// ///// 0000.0 000 000 3.5e-021
05920 ///// ///// 0000.0 000 000 5.4e-021
05980 ///// ///// 0000.0 000 000 1.9e-021
NNNN
