WNDROBS 01.20
57793 0114.3600 027.7900 00130.0 LC 20130628000500
ROBS
00100 052.0 004.9 -000.2 100 100 1.2e-021
00160 017.0 007.4 -000.2 100 100 2.4e-021
00220 038.0 004.4 -000.5 100 100 4.7e-021
00280 185.0 003.2 -000.1 100 100 4.1e-021
00340 121.0 001.2 -000.2 100 100 6.1e-021
00400 174.0 000.7 -000.2 100 100 1.6e-020
00460 231.0 001.0 -000.2 100 100 3.5e-020
00520 230.0 000.9 0000.1 100 100 6.9e-020
00580 248.0 001.9 -000.1 100 100 9.6e-020
00640 251.0 003.9 -000.1 100 100 6.9e-020
00700 244.0 005.4 -000.0 100 100 1.0e-019
00760 233.0 007.2 -000.0 100 100 9.4e-020
00820 228.0 008.6 0000.1 100 100 2.6e-020
00880 224.0 009.4 -000.0 100 100 1.9e-020
00940 225.0 010.5 0000.1 100 100 6.3e-021
01000 222.0 012.2 -000.1 100 100 1.1e-020
01060 223.0 012.2 -000.0 100 100 3.5e-021
01120 223.0 013.1 -000.0 100 100 2.8e-021
01180 227.0 013.7 -000.1 100 100 1.8e-021
01240 225.0 013.4 -000.1 100 100 2.3e-021
01300 229.0 014.2 -000.0 100 100 3.3e-021
01360 228.0 014.8 -000.2 100 100 2.4e-021
01420 233.0 015.7 -000.2 100 100 4.2e-021
01480 232.0 016.4 0000.1 100 100 4.0e-021
01540 233.0 016.6 -000.1 100 100 6.7e-021
01600 235.0 017.0 -000.1 100 100 7.4e-021
01660 236.0 017.7 0000.5 100 100 6.0e-021
01720 234.0 019.1 0000.2 100 100 3.3e-021
01780 236.0 016.7 -001.0 100 100 2.2e-021
01840 232.0 016.4 0000.0 100 100 1.6e-021
01900 243.0 014.1 0000.0 100 100 1.4e-021
01960 232.0 015.9 0000.0 100 100 2.3e-021
02020 232.0 016.1 0001.1 100 100 2.2e-021
02080 232.0 016.2 -000.5 100 100 2.4e-021
02140 234.0 015.9 0000.0 100 100 8.5e-022
02200 236.0 016.8 -000.2 100 100 4.8e-022
02260 239.0 015.1 0000.0 100 100 1.7e-021
02320 242.0 014.3 0000.0 100 100 3.0e-021
02380 242.0 013.6 0000.2 100 100 5.8e-021
02440 241.0 014.2 -000.1 100 100 6.3e-021
02500 240.0 014.4 -000.1 100 100 9.0e-021
02560 240.0 013.8 -000.0 100 100 1.1e-020
02620 239.0 014.5 -000.3 100 100 1.1e-020
02680 238.0 014.2 -000.2 100 100 7.7e-021
02740 237.0 014.2 -000.4 100 100 6.9e-021
02800 240.0 014.8 0000.1 100 100 6.6e-021
02860 239.0 015.4 0000.4 100 100 8.5e-021
02920 240.0 015.1 0000.2 100 100 1.8e-020
02980 241.0 015.3 0000.1 100 100 1.5e-020
03040 240.0 013.9 -000.0 100 100 1.8e-020
03100 241.0 013.9 -000.2 100 100 1.8e-020
03160 241.0 013.8 0000.0 100 100 8.1e-021
03220 241.0 014.1 0000.0 100 100 5.3e-021
03280 245.0 014.0 0000.0 100 100 1.1e-020
03340 249.0 014.4 0000.0 100 100 4.9e-021
03400 249.0 014.4 0000.1 100 100 2.1e-021
03460 248.0 014.6 -000.1 100 100 6.1e-021
03520 250.0 015.8 0000.0 100 100 2.1e-021
03580 232.0 016.0 0000.1 100 100 2.5e-021
03640 247.0 014.1 -000.0 100 100 1.0e-021
03700 247.0 012.9 0000.3 100 100 2.7e-021
03760 251.0 014.1 0000.2 100 100 2.3e-021
03820 254.0 012.4 0000.0 100 100 3.0e-021
03880 256.0 012.1 0000.4 100 100 2.3e-021
03940 244.0 011.5 0000.0 100 100 1.7e-021
04000 239.0 011.3 0000.8 100 100 2.7e-021
04060 240.0 013.3 0000.2 100 100 4.4e-021
04120 244.0 011.9 0000.0 100 100 3.2e-021
04180 243.0 012.1 0000.0 100 100 1.5e-021
04240 243.0 012.0 0000.0 100 100 3.2e-021
04300 243.0 012.5 0000.0 100 100 2.5e-021
04360 241.0 015.1 0000.0 100 100 2.4e-021
04420 238.0 014.6 0000.0 100 100 1.4e-021
04480 ///// ///// 0000.0 000 000 1.0e-021
04540 ///// ///// -000.5 000 000 2.8e-021
04600 ///// ///// -001.6 000 000 4.6e-021
04660 ///// ///// 0000.0 000 000 2.2e-021
04720 ///// ///// 0001.0 000 000 3.0e-021
04780 ///// ///// 0000.0 000 000 3.3e-021
04840 ///// ///// 0000.0 000 000 1.3e-021
04900 ///// ///// 0001.0 000 000 2.5e-021
04960 ///// ///// 0000.0 000 000 3.9e-021
05020 ///// ///// 0000.0 000 000 7.3e-022
05080 ///// ///// 0000.0 000 000 1.6e-021
05140 ///// ///// 0000.0 000 000 4.0e-021
05200 ///// ///// 0000.0 000 000 2.7e-021
05260 ///// ///// 0000.0 000 000 5.4e-022
05320 ///// ///// 0000.0 000 000 4.3e-021
05380 ///// ///// 0000.9 000 000 1.9e-021
05440 ///// ///// 0000.0 000 000 1.7e-021
05500 ///// ///// 0000.0 000 000 6.3e-022
05560 ///// ///// 0000.0 000 000 2.9e-021
05620 ///// ///// 0000.0 000 000 1.6e-021
05680 ///// ///// 0000.0 000 000 3.7e-021
05740 ///// ///// 0000.5 000 000 5.8e-021
05800 ///// ///// 0000.0 000 000 7.7e-022
05860 ///// ///// -000.1 000 000 6.7e-022
05920 ///// ///// 0001.3 000 000 5.3e-021
05980 ///// ///// 0000.0 000 000 2.9e-021
NNNN
