WNDROBS 01.20
57793 0114.3600 027.7900 00130.0 LC 20130629010500
ROBS
00100 060.0 002.6 0000.0 100 100 1.2e-021
00160 060.0 002.9 -000.1 100 100 5.1e-021
00220 060.0 003.2 -000.2 100 100 8.9e-021
00280 069.0 004.4 -000.1 100 100 1.1e-020
00340 072.0 003.0 -000.2 100 100 1.1e-020
00400 113.0 003.2 -000.1 100 100 6.8e-021
00460 134.0 002.4 -000.2 100 100 6.4e-021
00520 176.0 003.2 0000.0 100 100 4.8e-021
00580 205.0 002.4 -000.3 100 100 5.2e-021
00640 230.0 004.2 -000.3 100 100 1.1e-020
00700 224.0 004.6 -000.2 100 100 1.7e-020
00760 221.0 005.4 -000.0 100 100 2.0e-020
00820 229.0 008.7 0000.1 100 100 2.4e-020
00880 226.0 009.9 0000.1 100 100 1.8e-020
00940 229.0 010.4 0000.1 100 100 1.9e-020
01000 228.0 011.1 -000.0 100 100 1.4e-020
01060 229.0 011.9 -000.1 100 100 6.5e-021
01120 229.0 013.2 -000.1 100 100 6.2e-021
01180 229.0 013.7 -000.2 100 100 6.6e-021
01240 229.0 014.6 0000.0 100 100 6.6e-021
01300 229.0 015.2 0000.1 100 100 6.9e-021
01360 229.0 016.3 -000.1 100 100 8.1e-021
01420 230.0 017.4 0000.1 100 100 8.1e-021
01480 230.0 017.9 0000.1 100 100 6.5e-021
01540 231.0 017.4 0000.1 100 100 4.4e-021
01600 231.0 016.7 0000.3 100 100 3.3e-021
01660 233.0 015.1 0000.4 100 100 3.2e-021
01720 233.0 015.2 -000.1 100 100 3.6e-021
01780 232.0 015.4 -000.1 100 100 3.4e-021
01840 234.0 015.4 0000.2 100 100 4.7e-021
01900 236.0 016.5 -000.1 100 100 3.2e-021
01960 241.0 016.9 0000.0 100 100 4.0e-021
02020 252.0 014.1 0000.0 100 100 1.7e-021
02080 240.0 015.6 0000.0 100 100 2.0e-021
02140 244.0 015.4 -000.2 100 100 1.7e-021
02200 230.0 011.4 -000.3 100 100 2.0e-021
02260 246.0 010.4 0000.0 100 100 5.3e-022
02320 211.0 008.4 0000.0 100 100 1.6e-021
02380 235.0 013.2 0000.0 100 100 1.5e-021
02440 235.0 013.3 0000.1 100 100 7.3e-022
02500 221.0 010.2 0000.2 100 100 1.5e-021
02560 220.0 010.2 0000.1 100 100 1.8e-021
02620 236.0 013.6 0000.0 100 100 1.8e-021
02680 233.0 013.5 0000.1 100 100 2.6e-021
02740 233.0 016.2 0000.0 100 100 1.5e-021
02800 231.0 015.7 0000.0 100 100 1.9e-021
02860 235.0 015.1 0000.1 100 100 2.1e-021
02920 247.0 013.9 0000.0 100 100 7.3e-022
02980 237.0 015.1 0000.1 100 100 2.6e-021
03040 252.0 013.8 0000.0 100 100 9.9e-022
03100 241.0 012.3 0000.0 100 100 4.2e-021
03160 244.0 010.7 0000.0 100 100 5.1e-021
03220 243.0 011.4 0000.0 100 100 1.1e-021
03280 251.0 010.6 0000.0 100 100 2.3e-021
03340 246.0 011.1 0000.0 100 100 2.2e-021
03400 247.0 011.1 0000.4 100 100 3.7e-021
03460 246.0 011.3 0000.5 100 100 3.4e-021
03520 264.0 010.7 0000.3 100 100 2.8e-021
03580 255.0 011.4 0000.3 100 100 3.5e-021
03640 250.0 011.4 0000.1 100 100 3.9e-021
03700 250.0 012.0 0000.6 100 100 8.0e-021
03760 250.0 012.1 0000.6 100 100 5.2e-021
03820 250.0 012.3 0000.4 100 100 6.7e-021
03880 252.0 011.7 0000.2 100 100 8.6e-021
03940 253.0 012.4 -000.3 100 100 1.7e-020
04000 258.0 012.9 0000.0 100 100 2.7e-021
04060 269.0 013.6 0001.1 100 100 5.7e-021
04120 ///// ///// 0001.6 000 000 1.1e-021
04180 251.0 014.5 0000.2 100 100 5.2e-021
04240 250.0 016.1 0000.3 100 100 5.0e-021
04300 ///// ///// 0000.3 000 000 3.4e-021
04360 ///// ///// 0000.2 000 000 2.7e-021
04420 ///// ///// 0000.4 000 000 3.7e-021
04480 ///// ///// 0000.1 000 000 8.3e-021
04540 251.0 012.5 0000.0 100 100 1.7e-020
04600 256.0 013.0 -000.0 100 100 2.3e-020
04660 257.0 013.3 -000.1 100 100 2.8e-020
04720 260.0 012.7 -000.1 100 100 3.1e-020
04780 262.0 012.9 0000.0 100 100 8.6e-021
04840 260.0 012.6 -000.3 100 100 1.0e-020
04900 261.0 007.6 0000.0 100 100 8.1e-021
04960 264.0 011.9 0000.4 100 100 8.1e-021
05020 260.0 012.8 0000.0 100 100 2.7e-021
05080 ///// ///// 0000.0 000 000 2.4e-021
05140 ///// ///// 0000.0 000 000 4.9e-021
05200 ///// ///// 0000.0 000 000 4.3e-021
05260 ///// ///// -000.2 000 000 1.7e-021
05320 ///// ///// 0000.0 000 000 1.9e-021
05380 ///// ///// 0000.0 000 000 1.5e-021
05440 ///// ///// 0000.0 000 000 5.1e-021
05500 ///// ///// 0000.1 000 000 4.9e-021
05560 ///// ///// 0000.1 000 000 5.8e-021
05620 ///// ///// 0000.5 000 000 8.5e-021
05680 ///// ///// 0002.3 000 000 7.5e-021
05740 ///// ///// 0000.8 000 000 6.8e-021
05800 ///// ///// 0002.0 000 000 9.2e-021
05860 ///// ///// 0000.7 000 000 8.1e-021
05920 ///// ///// 0000.0 000 000 6.9e-021
05980 ///// ///// -000.1 000 000 2.3e-021
NNNN
