WNDROBS 01.20
57793 0114.3600 027.7900 00130.0 LC 20130628025000
ROBS
00100 352.0 005.5 0004.8 100 100 2.0e-018
00160 341.0 005.1 0005.4 100 100 1.5e-017
00220 351.0 005.5 0005.3 100 100 1.6e-017
00280 354.0 006.1 0003.1 100 100 9.2e-018
00340 357.0 008.4 0004.8 100 100 1.3e-017
00400 357.0 008.3 0004.8 100 100 1.0e-017
00460 346.0 006.9 0004.7 100 100 8.8e-018
00520 019.0 006.2 0004.6 100 100 9.3e-018
00580 018.0 005.8 0004.6 100 100 1.0e-017
00640 022.0 005.0 0004.5 100 100 9.9e-018
00700 041.0 002.6 0004.4 100 100 1.1e-017
00760 052.0 001.4 0004.3 100 100 1.2e-017
00820 063.0 000.7 0000.0 100 100 2.1e-018
00880 119.0 000.1 0004.5 100 100 1.2e-017
00940 240.0 000.9 0004.5 100 100 9.2e-018
01000 261.0 005.0 0004.6 100 100 6.7e-018
01060 225.0 003.3 0003.8 100 100 2.1e-018
01120 220.0 003.7 0004.2 100 100 1.7e-018
01180 226.0 004.1 0004.7 100 100 1.4e-018
01240 250.0 008.8 0004.9 100 100 1.4e-018
01300 253.0 007.1 0004.8 100 100 1.4e-018
01360 253.0 006.9 0004.7 100 100 1.3e-018
01420 212.0 010.6 0004.7 100 100 1.7e-018
01480 211.0 011.0 0004.6 100 100 1.9e-018
01540 209.0 011.7 0004.4 100 100 2.1e-018
01600 215.0 009.6 0004.0 100 100 1.3e-018
01660 207.0 012.0 0004.1 100 100 2.6e-018
01720 217.0 009.5 0004.1 100 100 2.2e-018
01780 217.0 009.3 0003.8 100 100 2.8e-018
01840 215.0 009.7 0003.7 100 100 3.2e-018
01900 218.0 010.2 0003.9 100 100 3.7e-018
01960 220.0 010.8 0004.1 100 100 4.1e-018
02020 222.0 012.3 0003.9 100 100 5.4e-018
02080 228.0 014.6 0004.1 100 100 6.4e-018
02140 232.0 016.9 0004.0 100 100 6.9e-018
02200 234.0 017.9 0004.0 100 100 7.1e-018
02260 236.0 019.5 0004.0 100 100 7.8e-018
02320 236.0 019.4 0004.1 100 100 7.5e-018
02380 237.0 019.4 0003.9 100 100 7.9e-018
02440 236.0 019.6 0004.5 100 100 8.5e-018
02500 236.0 019.3 0004.7 100 100 8.9e-018
02560 236.0 019.4 0005.1 100 100 8.9e-018
02620 235.0 019.3 0005.0 100 100 9.5e-018
02680 235.0 019.6 0005.0 100 100 8.7e-018
02740 235.0 019.5 0005.2 100 100 8.1e-018
02800 236.0 019.6 0004.9 100 100 7.4e-018
02860 234.0 019.6 0004.6 100 100 7.6e-018
02920 232.0 019.1 0004.1 100 100 7.1e-018
02980 232.0 018.9 0004.2 100 100 6.9e-018
03040 229.0 018.7 0003.8 100 100 6.3e-018
03100 228.0 017.6 0003.4 100 100 6.4e-018
03160 227.0 016.9 0003.6 100 100 6.0e-018
03220 226.0 016.1 0003.9 100 100 5.4e-018
03280 225.0 015.1 0002.8 100 100 4.6e-018
03340 225.0 014.9 0003.5 100 100 4.1e-018
03400 218.0 015.3 0004.2 100 100 3.2e-018
03460 222.0 015.8 0004.2 100 100 3.1e-018
03520 225.0 015.6 0004.3 100 100 3.1e-018
03580 223.0 015.6 0004.4 100 100 2.7e-018
03640 228.0 017.4 0004.5 100 100 2.6e-018
03700 225.0 017.4 0004.6 100 100 2.5e-018
03760 225.0 018.0 0004.5 100 100 2.3e-018
03820 224.0 018.4 0004.8 100 100 2.2e-018
03880 223.0 018.3 0004.7 100 100 2.0e-018
03940 222.0 018.4 0004.8 100 100 1.9e-018
04000 225.0 018.8 0004.7 100 100 2.0e-018
04060 223.0 020.0 0004.7 100 100 2.1e-018
04120 220.0 021.4 0004.8 100 100 1.9e-018
04180 220.0 021.5 0004.4 100 100 1.9e-018
04240 221.0 021.1 0004.3 100 100 1.7e-018
04300 221.0 021.6 0003.7 100 100 1.5e-018
04360 222.0 022.0 0003.6 100 100 1.3e-018
04420 230.0 019.9 0003.1 100 100 1.1e-018
04480 231.0 020.5 0002.9 100 100 1.0e-018
04540 233.0 020.9 0002.7 100 100 1.0e-018
04600 230.0 020.2 0002.7 100 100 8.6e-019
04660 230.0 020.5 0003.8 100 100 7.0e-019
04720 221.0 023.5 0004.0 100 100 6.2e-019
04780 224.0 023.6 0004.2 100 100 2.0e-019
04840 227.0 026.6 0004.6 100 100 1.7e-019
04900 228.0 025.7 0004.6 100 100 1.6e-019
04960 225.0 025.3 0004.5 100 100 1.6e-019
05020 229.0 026.1 0004.4 100 100 1.4e-019
05080 225.0 026.3 0004.6 100 100 9.2e-020
05140 226.0 027.8 0004.2 100 100 9.2e-020
05200 224.0 026.0 0004.2 100 100 7.9e-020
05260 232.0 030.8 0003.9 100 100 8.9e-020
05320 ///// ///// 0003.4 000 000 8.3e-020
05380 226.0 033.0 0003.3 100 100 4.4e-020
05440 229.0 030.6 0002.7 100 100 6.5e-020
05500 227.0 030.6 0002.3 100 100 5.5e-020
05560 ///// ///// 0002.1 000 000 5.8e-020
05620 ///// ///// 0001.8 000 000 4.7e-020
05680 ///// ///// 0001.6 000 000 3.7e-020
05740 ///// ///// 0001.4 000 000 4.5e-020
05800 ///// ///// 0001.0 000 000 3.8e-020
05860 ///// ///// 0000.9 000 000 3.6e-020
05920 ///// ///// 0000.7 000 000 3.3e-020
05980 ///// ///// 0000.8 000 000 3.8e-020
NNNN
