WNDROBS 01.20
57793 0114.3600 027.7900 00130.0 LC 20130629212500
ROBS
00100 138.0 005.9 -000.1 100 100 3.0e-021
00160 138.0 006.5 -000.1 100 100 8.2e-021
00220 133.0 006.9 -000.1 100 100 5.7e-021
00280 129.0 004.5 0000.0 100 100 1.3e-020
00340 145.0 004.0 -000.1 100 100 1.1e-020
00400 152.0 004.2 0000.1 100 100 1.8e-020
00460 151.0 005.7 -000.0 100 100 5.4e-020
00520 153.0 006.5 -000.1 100 100 2.8e-020
00580 162.0 006.9 -000.0 100 100 1.9e-019
00640 168.0 006.3 0000.1 100 100 1.3e-019
00700 179.0 004.1 0000.1 100 100 5.6e-020
00760 181.0 002.9 0000.1 100 100 4.0e-020
00820 193.0 002.4 -000.1 100 100 1.2e-020
00880 235.0 007.3 0000.0 100 100 3.8e-021
00940 247.0 006.4 0000.0 100 100 7.3e-021
01000 242.0 008.1 -000.1 100 100 5.4e-021
01060 209.0 002.6 -000.0 100 100 1.9e-021
01120 203.0 003.3 -000.1 100 100 2.8e-021
01180 212.0 004.5 -000.2 100 100 4.2e-021
01240 209.0 005.7 -000.1 100 100 3.3e-021
01300 214.0 006.5 -000.2 100 100 4.1e-021
01360 212.0 007.9 -000.3 100 100 4.7e-021
01420 214.0 008.7 -000.5 100 100 3.3e-021
01480 217.0 009.6 -000.3 100 100 3.3e-021
01540 221.0 010.3 -000.2 100 100 4.1e-021
01600 223.0 011.5 -000.3 100 100 4.9e-021
01660 231.0 012.3 -000.1 100 100 3.0e-021
01720 230.0 012.9 -001.0 100 100 1.6e-021
01780 229.0 012.3 -000.1 100 100 1.5e-021
01840 227.0 012.5 -000.1 100 100 2.0e-021
01900 227.0 012.3 -000.1 100 100 1.9e-021
01960 228.0 012.6 0000.0 100 100 1.4e-021
02020 226.0 012.4 0000.0 100 100 1.2e-021
02080 220.0 011.3 -000.2 100 100 1.2e-021
02140 218.0 010.9 -000.0 100 100 1.8e-021
02200 217.0 010.9 0000.2 100 100 2.7e-021
02260 210.0 010.6 -000.1 100 100 3.4e-021
02320 203.0 010.1 0000.2 100 100 3.2e-021
02380 209.0 010.2 0000.0 100 100 1.7e-021
02440 200.0 009.3 0000.0 100 100 2.3e-021
02500 205.0 009.8 -000.0 100 100 6.3e-021
02560 203.0 010.1 -000.1 100 100 6.9e-021
02620 200.0 010.3 0000.0 100 100 4.5e-021
02680 193.0 009.8 0000.0 100 100 4.6e-021
02740 196.0 008.7 -000.1 100 100 3.2e-021
02800 199.0 009.0 -000.2 100 100 3.1e-021
02860 203.0 008.9 -000.3 100 100 4.2e-021
02920 206.0 010.0 -000.5 100 100 6.9e-021
02980 208.0 008.5 -000.4 100 100 5.0e-021
03040 208.0 008.9 -000.3 100 100 6.2e-021
03100 215.0 007.8 -000.1 100 100 8.1e-021
03160 219.0 008.1 -000.0 100 100 1.2e-020
03220 224.0 009.2 -000.3 100 100 8.9e-021
03280 229.0 009.1 -000.0 100 100 6.7e-021
03340 227.0 009.0 -000.2 100 100 5.8e-021
03400 220.0 007.5 0000.0 100 100 7.0e-021
03460 220.0 007.6 0000.0 100 100 6.4e-021
03520 220.0 007.6 0000.0 100 100 5.2e-021
03580 231.0 010.5 0000.0 100 100 1.6e-021
03640 240.0 012.3 0000.0 100 100 2.5e-021
03700 238.0 009.9 0000.1 100 100 3.7e-021
03760 233.0 007.8 0000.3 100 100 5.5e-021
03820 234.0 007.9 0000.3 100 100 8.9e-021
03880 233.0 007.7 0000.2 100 100 1.2e-020
03940 235.0 008.8 0000.1 100 100 1.4e-020
04000 236.0 009.0 0000.0 100 100 1.1e-020
04060 238.0 010.5 0000.0 100 100 1.2e-020
04120 237.0 011.2 0000.6 100 100 1.5e-020
04180 235.0 011.7 0000.4 100 100 1.8e-020
04240 238.0 011.1 0000.3 100 100 1.1e-020
04300 237.0 010.5 0000.4 100 100 5.4e-021
04360 232.0 009.9 0000.1 100 100 1.5e-020
04420 233.0 010.7 0000.4 100 100 1.9e-020
04480 227.0 010.8 0000.5 100 100 3.0e-020
04540 230.0 010.9 0000.3 100 100 4.2e-020
04600 230.0 011.7 0000.4 100 100 8.0e-020
04660 232.0 011.7 0000.4 100 100 9.2e-020
04720 232.0 012.5 0000.3 100 100 6.6e-020
04780 235.0 010.5 0000.0 100 100 1.2e-020
04840 233.0 014.8 0000.5 100 100 1.3e-020
04900 229.0 012.4 0000.3 100 100 8.5e-021
04960 ///// ///// 0000.0 000 000 6.0e-021
05020 ///// ///// 0000.0 000 000 1.3e-021
05080 ///// ///// 0000.0 000 000 1.5e-021
05140 ///// ///// 0000.0 000 000 2.6e-021
05200 ///// ///// -000.3 000 000 1.7e-021
05260 ///// ///// -000.8 000 000 3.8e-021
05320 ///// ///// 0000.0 000 000 3.7e-021
05380 ///// ///// -000.1 000 000 2.1e-021
05440 ///// ///// -000.8 000 000 4.4e-021
05500 ///// ///// 0000.0 000 000 2.5e-021
05560 ///// ///// 0000.0 000 000 5.1e-021
05620 ///// ///// 0000.7 000 000 5.5e-021
05680 ///// ///// 0000.0 000 000 3.3e-021
05740 ///// ///// 0000.0 000 000 2.2e-021
05800 ///// ///// 0000.0 000 000 2.9e-021
05860 ///// ///// 0000.0 000 000 3.8e-021
05920 ///// ///// -000.2 000 000 5.5e-021
05980 ///// ///// 0001.2 000 000 3.3e-021
NNNN
