WNDROBS 01.20
57793 0114.3600 027.7900 00130.0 LC 20130628040000
ROBS
00100 191.0 001.0 0006.5 100 100 1.7e-018
00160 221.0 000.5 0006.3 100 100 1.4e-016
00220 277.0 000.8 0006.5 100 100 1.7e-016
00280 282.0 000.5 0007.0 100 100 1.7e-016
00340 292.0 000.9 0007.1 100 100 1.7e-016
00400 342.0 002.5 0007.1 100 100 1.6e-016
00460 292.0 002.9 0006.9 100 100 1.6e-016
00520 265.0 003.9 0006.8 100 100 1.5e-016
00580 222.0 001.4 0006.9 100 100 1.3e-016
00640 210.0 004.0 0007.3 100 100 1.5e-016
00700 203.0 005.8 0007.5 100 100 1.4e-016
00760 201.0 006.9 0007.5 100 100 1.5e-016
00820 216.0 007.2 0007.5 100 100 1.5e-016
00880 220.0 008.6 0007.4 100 100 1.5e-016
00940 223.0 009.5 0007.4 100 100 1.4e-016
01000 224.0 010.5 0007.4 100 100 1.5e-016
01060 222.0 010.0 0007.5 100 100 3.9e-017
01120 222.0 010.9 0007.7 100 100 4.4e-017
01180 221.0 011.5 0007.7 100 100 3.9e-017
01240 221.0 012.3 0007.7 100 100 4.3e-017
01300 222.0 013.3 0007.5 100 100 3.8e-017
01360 222.0 013.4 0007.6 100 100 4.0e-017
01420 223.0 014.8 0007.7 100 100 4.2e-017
01480 222.0 015.0 0007.7 100 100 4.2e-017
01540 223.0 015.1 0007.7 100 100 4.1e-017
01600 223.0 015.0 0007.8 100 100 4.4e-017
01660 224.0 015.0 0007.6 100 100 4.0e-017
01720 224.0 014.0 0007.7 100 100 4.1e-017
01780 226.0 013.3 0007.8 100 100 4.1e-017
01840 228.0 013.6 0007.7 100 100 4.5e-017
01900 230.0 013.3 0007.6 100 100 4.6e-017
01960 228.0 012.8 0007.7 100 100 4.5e-017
02020 226.0 012.3 0007.9 100 100 4.4e-017
02080 229.0 012.4 0007.8 100 100 4.9e-017
02140 231.0 012.5 0007.7 100 100 5.0e-017
02200 230.0 012.6 0007.8 100 100 4.9e-017
02260 230.0 012.9 0007.8 100 100 4.9e-017
02320 231.0 012.7 0007.8 100 100 4.8e-017
02380 229.0 012.0 0007.9 100 100 5.2e-017
02440 229.0 012.1 0007.9 100 100 5.4e-017
02500 232.0 011.8 0008.0 100 100 5.2e-017
02560 232.0 011.9 0007.9 100 100 5.3e-017
02620 232.0 012.5 0008.0 100 100 5.5e-017
02680 231.0 011.9 0007.8 100 100 5.4e-017
02740 232.0 012.2 0008.1 100 100 5.2e-017
02800 234.0 012.4 0007.8 100 100 5.1e-017
02860 235.0 012.0 0007.9 100 100 5.2e-017
02920 233.0 011.8 0007.7 100 100 5.1e-017
02980 235.0 012.0 0007.9 100 100 5.4e-017
03040 236.0 012.0 0007.8 100 100 5.3e-017
03100 239.0 012.8 0008.0 100 100 5.2e-017
03160 238.0 012.4 0008.0 100 100 5.1e-017
03220 241.0 012.0 0007.9 100 100 5.1e-017
03280 242.0 012.5 0007.9 100 100 5.4e-017
03340 242.0 013.1 0008.1 100 100 5.3e-017
03400 243.0 012.8 0008.0 100 100 5.6e-017
03460 239.0 011.7 0007.7 100 100 5.2e-017
03520 238.0 012.8 0008.0 100 100 5.8e-017
03580 237.0 013.6 0007.9 100 100 5.8e-017
03640 232.0 014.5 0008.0 100 100 6.1e-017
03700 234.0 013.8 0008.0 100 100 5.9e-017
03760 232.0 013.6 0007.8 100 100 5.9e-017
03820 231.0 014.5 0008.0 100 100 5.6e-017
03880 234.0 014.0 0008.0 100 100 5.7e-017
03940 230.0 014.1 0007.9 100 100 5.8e-017
04000 232.0 013.4 0008.0 100 100 5.5e-017
04060 231.0 013.3 0007.8 100 100 5.8e-017
04120 235.0 013.5 0007.8 100 100 5.7e-017
04180 232.0 013.6 0007.9 100 100 5.6e-017
04240 232.0 013.8 0008.0 100 100 5.4e-017
04300 233.0 014.1 0008.3 100 100 5.1e-017
04360 233.0 015.0 0008.2 100 100 5.2e-017
04420 232.0 015.5 0008.4 100 100 4.9e-017
04480 231.0 016.1 0008.4 100 100 5.0e-017
04540 231.0 015.7 0008.4 100 100 4.6e-017
04600 232.0 016.5 0008.0 100 100 5.0e-017
04660 228.0 015.9 0007.3 100 100 5.0e-017
04720 230.0 016.1 0006.4 100 100 5.6e-017
04780 243.0 013.8 0006.7 100 100 1.7e-017
04840 243.0 012.4 0003.8 100 100 2.3e-017
04900 241.0 007.7 0003.6 100 100 2.6e-017
04960 220.0 009.2 0005.1 100 100 2.6e-017
05020 229.0 009.2 0003.7 100 100 3.0e-017
05080 223.0 010.7 0003.2 100 100 2.9e-017
05140 228.0 011.1 0003.0 100 100 2.7e-017
05200 233.0 013.4 0002.7 100 100 2.5e-017
05260 229.0 015.9 0002.5 100 100 2.4e-017
05320 224.0 017.1 0002.3 100 100 1.8e-017
05380 224.0 017.1 0002.2 100 100 1.5e-017
05440 225.0 017.4 0002.2 100 100 1.2e-017
05500 225.0 017.7 0002.1 100 100 8.9e-018
05560 226.0 017.8 0002.1 100 100 6.5e-018
05620 228.0 017.6 0002.0 100 100 5.6e-018
05680 229.0 017.5 0002.1 100 100 5.0e-018
05740 230.0 017.4 0002.1 100 100 4.6e-018
05800 231.0 017.2 0002.0 100 100 4.2e-018
05860 232.0 017.1 0002.0 100 100 4.0e-018
05920 232.0 017.1 0002.0 100 100 3.4e-018
05980 232.0 016.9 0001.9 100 100 3.4e-018
NNNN
