WNDROBS 01.20
57793 0114.3600 027.7900 00130.0 LC 20130629042000
ROBS
00100 021.0 003.8 0002.4 100 100 1.2e-021
00160 036.0 002.8 0002.5 100 100 2.3e-021
00220 036.0 003.1 0002.5 100 100 2.4e-021
00280 050.0 003.5 -000.0 100 100 4.3e-021
00340 064.0 005.0 -000.0 100 100 3.6e-021
00400 143.0 005.9 -000.0 100 100 2.5e-021
00460 154.0 004.4 -000.2 100 100 3.9e-021
00520 153.0 004.2 -000.2 100 100 3.6e-020
00580 159.0 003.5 -000.3 100 100 7.5e-020
00640 173.0 002.0 -000.4 100 100 3.5e-020
00700 231.0 003.6 -000.2 100 100 1.7e-020
00760 229.0 005.0 -000.1 100 100 1.1e-020
00820 231.0 006.0 -000.1 100 100 2.1e-020
00880 232.0 007.7 -000.1 100 100 3.2e-020
00940 230.0 009.2 -000.2 100 100 1.3e-020
01000 227.0 010.3 -000.3 100 100 7.3e-021
01060 231.0 010.6 -000.2 100 100 2.1e-021
01120 229.0 010.9 -000.1 100 100 1.6e-021
01180 231.0 011.3 -000.3 100 100 1.5e-021
01240 232.0 012.3 -000.1 100 100 2.1e-021
01300 233.0 012.0 -000.1 100 100 5.1e-021
01360 235.0 012.5 -000.1 100 100 8.6e-021
01420 236.0 013.2 0000.0 100 100 1.2e-020
01480 237.0 014.0 -000.0 100 100 1.3e-020
01540 237.0 014.8 0000.0 100 100 1.5e-020
01600 238.0 015.6 -000.1 100 100 1.0e-020
01660 238.0 016.3 0000.0 100 100 7.2e-021
01720 240.0 016.7 -000.3 100 100 4.1e-021
01780 244.0 016.7 0000.0 100 100 2.3e-021
01840 241.0 015.3 -000.1 100 100 2.3e-021
01900 249.0 015.5 0000.0 100 100 1.4e-021
01960 251.0 015.9 -000.1 100 100 1.5e-021
02020 247.0 016.3 -000.1 100 100 2.2e-021
02080 244.0 016.4 0000.1 100 100 2.5e-021
02140 245.0 017.2 0000.0 100 100 3.1e-021
02200 246.0 018.9 0000.0 100 100 3.7e-021
02260 242.0 017.2 -000.3 100 100 4.9e-021
02320 243.0 018.1 -000.5 100 100 5.1e-021
02380 243.0 016.8 -000.3 100 100 4.2e-021
02440 247.0 016.6 -001.5 100 100 3.9e-021
02500 247.0 016.8 -001.5 100 100 4.1e-021
02560 245.0 015.5 -000.6 100 100 4.0e-021
02620 244.0 015.8 -000.2 100 100 5.1e-021
02680 245.0 013.8 -001.1 100 100 2.4e-021
02740 246.0 013.8 -000.3 100 100 2.7e-021
02800 238.0 014.6 0000.0 100 100 1.8e-021
02860 239.0 015.9 -000.3 100 100 3.7e-021
02920 244.0 016.0 0000.1 100 100 5.0e-021
02980 240.0 016.1 0000.0 100 100 3.4e-021
03040 241.0 014.8 0000.0 100 100 2.9e-021
03100 239.0 015.2 0000.0 100 100 2.3e-021
03160 239.0 015.4 0000.0 100 100 2.6e-021
03220 239.0 015.6 0000.0 100 100 3.0e-021
03280 239.0 014.3 0000.1 100 100 4.8e-021
03340 236.0 014.4 0000.0 100 100 4.5e-021
03400 241.0 013.7 0000.0 100 100 9.0e-021
03460 235.0 014.6 0000.0 100 100 3.9e-021
03520 245.0 013.6 0000.0 100 100 3.4e-021
03580 234.0 009.4 0000.0 100 100 1.3e-021
03640 224.0 007.5 0001.0 100 100 4.2e-021
03700 ///// ///// 0000.0 000 000 1.0e-021
03760 ///// ///// -000.1 000 000 2.6e-021
03820 224.0 003.8 0000.3 100 100 2.6e-021
03880 209.0 003.9 0000.0 100 100 2.3e-021
03940 234.0 001.7 0000.0 100 100 1.0e-021
04000 224.0 004.0 -001.3 100 100 7.1e-022
04060 ///// ///// 0000.0 000 000 2.5e-021
04120 ///// ///// 0000.0 000 000 3.5e-022
04180 ///// ///// 0000.0 000 000 1.6e-021
04240 ///// ///// 0000.0 000 000 4.9e-022
04300 ///// ///// 0000.0 000 000 2.4e-021
04360 ///// ///// 0000.0 000 000 2.2e-021
04420 ///// ///// 0000.0 000 000 2.4e-021
04480 ///// ///// -000.3 000 000 1.0e-021
04540 ///// ///// -000.9 000 000 3.0e-021
04600 ///// ///// -000.3 000 000 3.0e-021
04660 ///// ///// -000.3 000 000 5.3e-021
04720 ///// ///// -000.4 000 000 7.1e-021
04780 ///// ///// 0000.1 000 000 2.9e-021
04840 ///// ///// -000.1 000 000 3.6e-021
04900 ///// ///// 0000.0 000 000 4.3e-021
04960 ///// ///// 0000.0 000 000 1.8e-021
05020 ///// ///// 0000.0 000 000 1.5e-021
05080 ///// ///// 0000.0 000 000 2.4e-021
05140 ///// ///// 0000.0 000 000 3.8e-021
05200 ///// ///// 0000.0 000 000 4.2e-021
05260 ///// ///// 0000.0 000 000 3.9e-021
05320 ///// ///// 0000.0 000 000 5.4e-021
05380 ///// ///// 0000.0 000 000 2.0e-021
05440 ///// ///// 0000.0 000 000 3.7e-021
05500 ///// ///// 0000.0 000 000 2.2e-021
05560 ///// ///// 0000.0 000 000 2.7e-021
05620 ///// ///// 0000.0 000 000 4.3e-021
05680 ///// ///// 0000.0 000 000 3.7e-021
05740 ///// ///// 0000.0 000 000 4.6e-021
05800 ///// ///// 0000.0 000 000 1.9e-021
05860 ///// ///// 0000.0 000 000 4.5e-021
05920 ///// ///// 0000.0 000 000 2.3e-021
05980 ///// ///// 0000.0 000 000 4.7e-021
NNNN
