WNDROBS 01.20
57793 0114.3600 027.7900 00130.0 LC 20130629055000
ROBS
00100 091.0 003.0 0000.2 100 100 3.0e-021
00160 091.0 003.3 0000.4 100 100 1.2e-020
00220 093.0 003.0 0000.2 100 100 1.0e-020
00280 105.0 002.5 0000.0 100 100 7.3e-021
00340 104.0 004.4 0000.2 100 100 2.4e-021
00400 104.0 004.9 0000.0 100 100 3.0e-021
00460 108.0 004.3 0000.1 100 100 5.6e-021
00520 136.0 003.8 0000.3 100 100 7.8e-021
00580 173.0 004.6 -000.0 100 100 2.2e-020
00640 174.0 004.4 0000.3 100 100 3.3e-020
00700 187.0 003.4 0000.1 100 100 5.7e-020
00760 200.0 003.3 0000.1 100 100 5.6e-020
00820 224.0 004.3 0000.1 100 100 3.7e-020
00880 235.0 006.3 0000.0 100 100 1.9e-020
00940 235.0 007.8 0000.1 100 100 1.4e-020
01000 226.0 009.4 0000.2 100 100 6.9e-021
01060 237.0 008.7 0000.1 100 100 1.9e-021
01120 235.0 008.8 0000.1 100 100 1.8e-021
01180 228.0 008.7 0000.4 100 100 1.1e-021
01240 228.0 009.4 0000.0 100 100 5.5e-022
01300 225.0 009.7 0000.1 100 100 1.1e-021
01360 230.0 009.8 0000.2 100 100 2.3e-021
01420 228.0 010.9 0000.2 100 100 7.8e-021
01480 230.0 011.6 0000.2 100 100 2.7e-020
01540 233.0 012.5 0000.2 100 100 2.5e-020
01600 237.0 013.0 0000.1 100 100 1.7e-020
01660 241.0 012.8 -000.0 100 100 9.6e-021
01720 244.0 013.2 0000.0 100 100 2.8e-021
01780 240.0 012.9 0000.0 100 100 1.2e-021
01840 250.0 013.3 0000.0 100 100 1.8e-021
01900 250.0 014.5 -000.2 100 100 1.8e-021
01960 254.0 015.4 0000.1 100 100 3.0e-021
02020 249.0 014.4 0000.3 100 100 3.5e-021
02080 247.0 014.0 -000.4 100 100 2.1e-021
02140 240.0 014.7 -000.0 100 100 2.8e-021
02200 238.0 015.1 0000.0 100 100 1.6e-021
02260 235.0 015.8 0000.0 100 100 1.9e-021
02320 238.0 015.2 0000.0 100 100 1.7e-021
02380 239.0 014.8 -000.1 100 100 2.4e-021
02440 236.0 016.0 0000.0 100 100 1.0e-021
02500 236.0 015.1 -000.2 100 100 9.5e-022
02560 237.0 015.1 -000.5 100 100 3.0e-021
02620 238.0 015.0 0000.0 100 100 2.8e-022
02680 239.0 015.1 0000.0 100 100 7.6e-022
02740 240.0 016.4 0000.0 100 100 2.8e-021
02800 246.0 014.5 0000.0 100 100 1.8e-021
02860 243.0 013.6 0000.0 100 100 7.2e-022
02920 252.0 013.7 0000.0 100 100 1.6e-021
02980 251.0 013.8 -000.2 100 100 1.8e-021
03040 251.0 013.5 0000.0 100 100 1.9e-021
03100 242.0 016.4 0000.0 100 100 1.7e-021
03160 246.0 014.8 0000.0 100 100 1.8e-021
03220 247.0 013.8 -000.3 100 100 1.9e-021
03280 246.0 013.2 0000.0 100 100 8.4e-022
03340 ///// ///// -000.8 000 000 7.9e-022
03400 ///// ///// 0000.0 000 000 9.4e-022
03460 ///// ///// 0000.0 000 000 6.1e-022
03520 ///// ///// 0000.0 000 000 7.4e-022
03580 ///// ///// -000.1 000 000 1.0e-021
03640 ///// ///// 0000.0 000 000 7.2e-022
03700 162.0 007.6 -001.0 100 100 5.3e-022
03760 147.0 005.9 0000.0 100 100 2.1e-021
03820 147.0 005.2 0000.0 100 100 2.6e-021
03880 166.0 004.7 0000.0 100 100 2.5e-021
03940 ///// ///// 0000.0 000 000 2.1e-021
04000 247.0 012.6 0000.0 100 100 2.7e-021
04060 248.0 014.4 0000.0 100 100 3.0e-021
04120 246.0 014.4 -000.0 100 100 3.9e-021
04180 ///// ///// -000.2 000 000 8.1e-022
04240 ///// ///// 0000.0 000 000 2.7e-021
04300 ///// ///// 0000.0 000 000 2.3e-021
04360 ///// ///// 0000.0 000 000 1.2e-021
04420 ///// ///// 0000.0 000 000 1.2e-021
04480 ///// ///// 0000.0 000 000 2.0e-021
04540 ///// ///// 0000.0 000 000 1.8e-021
04600 ///// ///// 0000.0 000 000 8.1e-022
04660 ///// ///// 0000.0 000 000 3.2e-021
04720 ///// ///// 0000.2 000 000 3.1e-021
04780 ///// ///// 0000.0 000 000 2.8e-021
04840 ///// ///// -001.0 000 000 4.0e-021
04900 ///// ///// 0000.0 000 000 9.8e-022
04960 ///// ///// 0000.0 000 000 3.2e-021
05020 ///// ///// 0000.0 000 000 1.4e-021
05080 ///// ///// 0000.0 000 000 4.5e-021
05140 ///// ///// 0000.0 000 000 3.0e-021
05200 ///// ///// -000.1 000 000 1.6e-021
05260 ///// ///// 0000.0 000 000 1.8e-021
05320 ///// ///// 0000.0 000 000 1.0e-021
05380 ///// ///// 0000.0 000 000 5.4e-022
05440 ///// ///// 0000.0 000 000 1.5e-021
05500 ///// ///// 0000.0 000 000 3.2e-021
05560 ///// ///// 0000.0 000 000 2.9e-021
05620 ///// ///// 0000.0 000 000 5.5e-021
05680 ///// ///// 0000.0 000 000 1.4e-021
05740 ///// ///// 0000.0 000 000 3.5e-021
05800 ///// ///// 0000.2 000 000 5.6e-021
05860 ///// ///// 0000.0 000 000 1.6e-021
05920 ///// ///// -001.2 000 000 4.5e-021
05980 ///// ///// 0000.0 000 000 2.1e-021
NNNN
