WNDROBS 01.20
57793 0114.3600 027.7900 00130.0 LC 20130629083500
ROBS
00100 113.0 004.6 0001.8 100 100 2.5e-021
00160 091.0 004.6 0000.7 100 100 6.7e-021
00220 121.0 005.1 0000.1 100 100 6.8e-021
00280 131.0 006.5 0000.1 100 100 4.6e-021
00340 128.0 007.2 0000.2 100 100 3.5e-021
00400 111.0 006.0 -000.1 100 100 7.0e-021
00460 120.0 005.8 0000.1 100 100 1.3e-020
00520 126.0 006.6 0000.1 100 100 1.7e-020
00580 137.0 006.7 0000.1 100 100 2.1e-020
00640 144.0 006.9 0000.1 100 100 3.0e-020
00700 150.0 007.1 0000.1 100 100 1.9e-020
00760 152.0 007.2 0000.3 100 100 6.4e-020
00820 159.0 007.6 0000.2 100 100 1.9e-019
00880 162.0 008.0 0000.2 100 100 3.1e-019
00940 164.0 006.8 0000.2 100 100 2.6e-019
01000 168.0 005.2 0000.0 100 100 8.2e-020
01060 165.0 005.1 0000.0 100 100 3.1e-020
01120 180.0 004.4 0000.0 100 100 1.8e-020
01180 180.0 004.3 0000.0 100 100 6.7e-021
01240 199.0 002.9 0000.2 100 100 1.9e-020
01300 196.0 003.9 0000.2 100 100 5.8e-020
01360 196.0 004.4 0000.3 100 100 3.4e-020
01420 208.0 005.4 0000.7 100 100 1.5e-020
01480 212.0 005.6 0000.4 100 100 1.9e-020
01540 213.0 006.9 0000.4 100 100 1.9e-020
01600 218.0 008.5 0000.8 100 100 2.4e-020
01660 223.0 008.6 0000.6 100 100 2.6e-020
01720 228.0 008.6 0000.3 100 100 2.8e-020
01780 230.0 009.8 0000.3 100 100 3.2e-020
01840 230.0 010.5 0000.4 100 100 5.1e-020
01900 231.0 010.6 0000.2 100 100 7.5e-020
01960 233.0 011.0 0000.1 100 100 7.8e-020
02020 230.0 010.6 0000.1 100 100 3.6e-020
02080 236.0 012.5 0000.0 100 100 4.4e-020
02140 235.0 012.1 0000.0 100 100 4.1e-020
02200 233.0 010.6 0000.2 100 100 3.0e-020
02260 231.0 009.9 -000.1 100 100 5.2e-020
02320 233.0 009.3 0000.2 100 100 5.5e-020
02380 234.0 009.4 -000.1 100 100 4.9e-020
02440 236.0 009.8 -000.1 100 100 3.8e-020
02500 239.0 009.7 -000.2 100 100 2.4e-020
02560 241.0 009.7 -000.3 100 100 2.8e-020
02620 245.0 009.6 -000.2 100 100 1.6e-020
02680 247.0 009.1 -000.4 100 100 1.3e-020
02740 244.0 009.5 -000.3 100 100 1.2e-020
02800 244.0 009.3 -000.0 100 100 1.3e-020
02860 240.0 009.3 0000.0 100 100 1.3e-020
02920 242.0 009.1 0000.0 100 100 1.7e-020
02980 240.0 009.8 -000.1 100 100 1.2e-020
03040 235.0 009.4 0000.1 100 100 7.7e-021
03100 231.0 010.0 -000.0 100 100 8.5e-021
03160 233.0 010.9 -000.1 100 100 9.5e-021
03220 234.0 011.4 0000.1 100 100 1.4e-020
03280 233.0 010.9 0000.1 100 100 1.3e-020
03340 241.0 011.4 0000.1 100 100 1.6e-020
03400 237.0 012.6 0000.2 100 100 1.2e-020
03460 237.0 013.2 -000.1 100 100 1.2e-020
03520 238.0 012.5 -000.3 100 100 1.2e-020
03580 241.0 012.2 -000.1 100 100 9.6e-021
03640 244.0 012.5 -000.3 100 100 1.0e-020
03700 243.0 012.6 -000.2 100 100 1.7e-020
03760 241.0 013.0 -000.2 100 100 2.8e-020
03820 240.0 012.7 -000.2 100 100 3.8e-020
03880 239.0 012.6 -000.2 100 100 5.3e-020
03940 234.0 012.5 -000.3 100 100 6.3e-020
04000 232.0 011.9 0000.0 100 100 6.1e-020
04060 235.0 011.7 -000.0 100 100 5.2e-020
04120 232.0 009.9 -000.1 100 100 4.8e-020
04180 234.0 010.4 -000.3 100 100 6.0e-020
04240 236.0 011.1 -000.1 100 100 3.8e-020
04300 237.0 012.0 0000.2 100 100 4.1e-020
04360 243.0 011.3 0000.1 100 100 2.8e-020
04420 245.0 011.7 0000.1 100 100 2.1e-020
04480 244.0 012.0 -000.0 100 100 2.0e-020
04540 245.0 012.2 0000.0 100 100 1.9e-020
04600 244.0 012.4 0000.2 100 100 1.7e-020
04660 242.0 012.6 -000.1 100 100 1.2e-020
04720 245.0 013.0 -000.1 100 100 1.4e-020
04780 244.0 012.4 0000.0 100 100 4.4e-021
04840 245.0 013.1 0000.0 100 100 1.2e-021
04900 ///// ///// -000.1 000 000 5.6e-021
04960 243.0 012.9 0000.1 100 100 6.3e-021
05020 245.0 013.0 -000.5 100 100 5.5e-021
05080 246.0 012.5 0000.1 100 100 5.2e-021
05140 245.0 014.0 -000.2 100 100 4.6e-021
05200 ///// ///// 0000.0 000 000 3.6e-021
05260 ///// ///// 0000.0 000 000 1.5e-021
05320 ///// ///// 0000.1 000 000 4.3e-021
05380 ///// ///// 0000.0 000 000 1.3e-021
05440 ///// ///// -001.2 000 000 1.3e-021
05500 ///// ///// 0001.1 000 000 4.3e-021
05560 ///// ///// 0000.0 000 000 3.8e-021
05620 ///// ///// 0000.0 000 000 3.5e-021
05680 ///// ///// 0000.0 000 000 3.7e-021
05740 ///// ///// 0000.0 000 000 2.6e-021
05800 ///// ///// 0000.0 000 000 2.9e-021
05860 ///// ///// 0000.0 000 000 3.5e-021
05920 ///// ///// 0000.0 000 000 1.9e-021
05980 ///// ///// 0000.0 000 000 3.2e-021
NNNN
