WNDROBS 01.20
57793 0114.3600 027.7900 00130.0 LC 20130629114000
ROBS
00100 107.0 006.0 0000.3 100 100 3.3e-021
00160 107.0 006.4 0000.3 100 100 1.0e-020
00220 109.0 006.5 0000.2 100 100 1.1e-020
00280 106.0 008.3 -000.1 100 100 4.8e-021
00340 111.0 007.6 0000.1 100 100 9.6e-021
00400 125.0 005.6 -000.0 100 100 1.1e-020
00460 142.0 007.3 -000.0 100 100 2.3e-020
00520 151.0 008.0 -000.1 100 100 5.1e-020
00580 157.0 009.2 -000.0 100 100 1.3e-020
00640 161.0 009.8 -000.1 100 100 7.0e-021
00700 163.0 010.0 0003.0 100 100 8.1e-021
00760 164.0 010.0 -000.1 100 100 6.9e-021
00820 169.0 009.9 0000.1 100 100 4.3e-021
00880 172.0 010.5 0000.0 100 100 7.1e-021
00940 176.0 009.5 0000.0 100 100 3.1e-020
01000 181.0 009.4 0000.1 100 100 9.6e-020
01060 183.0 009.2 0000.2 100 100 6.8e-020
01120 185.0 008.7 0000.1 100 100 4.6e-020
01180 187.0 007.7 -000.0 100 100 4.1e-020
01240 187.0 007.1 0000.0 100 100 3.0e-020
01300 190.0 005.9 0000.1 100 100 1.8e-020
01360 197.0 005.4 0000.0 100 100 1.6e-020
01420 209.0 005.4 0000.0 100 100 1.2e-020
01480 213.0 006.5 0000.1 100 100 1.0e-020
01540 214.0 008.1 0000.1 100 100 1.0e-020
01600 215.0 008.8 0000.1 100 100 1.3e-020
01660 222.0 009.3 0000.0 100 100 1.6e-020
01720 224.0 010.0 0003.8 100 100 8.8e-021
01780 228.0 010.1 0003.6 100 100 4.7e-021
01840 233.0 010.0 -000.0 100 100 4.6e-021
01900 237.0 010.2 0003.4 100 100 5.3e-021
01960 236.0 010.2 0003.2 100 100 3.8e-021
02020 236.0 010.0 0003.4 100 100 2.8e-021
02080 232.0 009.9 0003.6 100 100 3.1e-021
02140 231.0 009.9 0003.4 100 100 3.8e-021
02200 266.0 007.9 0003.3 100 100 2.8e-021
02260 266.0 008.0 -000.1 100 100 2.1e-021
02320 237.0 011.4 0003.3 100 100 2.3e-021
02380 267.0 013.0 0003.2 100 100 3.2e-021
02440 263.0 013.2 0003.2 100 100 3.0e-021
02500 256.0 007.6 0003.4 100 100 3.4e-021
02560 256.0 005.9 0003.0 100 100 3.6e-021
02620 255.0 006.6 0005.4 100 100 2.1e-021
02680 228.0 001.8 0005.2 100 100 2.5e-021
02740 186.0 001.4 0005.1 100 100 2.5e-021
02800 235.0 001.6 0005.2 100 100 2.4e-021
02860 236.0 004.3 0005.3 100 100 2.1e-021
02920 162.0 001.9 0005.0 100 100 2.4e-021
02980 235.0 004.1 0005.0 100 100 3.1e-021
03040 233.0 003.1 0005.1 100 100 4.4e-021
03100 162.0 004.0 0005.1 100 100 5.3e-021
03160 235.0 002.3 0005.0 100 100 4.8e-021
03220 282.0 003.8 0004.9 100 100 5.5e-021
03280 271.0 004.5 0005.1 100 100 7.1e-021
03340 256.0 001.9 0004.7 100 100 7.8e-021
03400 282.0 002.0 0004.5 100 100 8.4e-021
03460 271.0 001.7 0004.2 100 100 7.4e-021
03520 ///// ///// 0004.1 000 000 1.0e-020
03580 ///// ///// 0004.0 000 000 6.8e-021
03640 271.0 002.9 0003.9 100 100 7.2e-021
03700 256.0 003.2 0003.9 100 100 7.1e-021
03760 ///// ///// 0003.8 000 000 6.6e-021
03820 099.0 001.6 0003.7 100 100 7.4e-021
03880 202.0 001.5 0003.3 100 100 7.1e-021
03940 248.0 003.9 0003.4 100 100 4.4e-021
04000 099.0 003.0 0003.5 100 100 4.0e-021
04060 ///// ///// 0002.8 000 000 3.3e-021
04120 ///// ///// 0002.9 000 000 4.0e-021
04180 ///// ///// 0002.9 000 000 5.3e-021
04240 232.0 012.1 0002.3 100 100 1.7e-021
04300 215.0 014.7 0000.0 100 100 5.4e-021
04360 200.0 018.4 0003.5 100 100 5.4e-021
04420 196.0 016.1 -000.1 100 100 9.2e-021
04480 201.0 017.9 0002.4 100 100 5.6e-021
04540 205.0 017.6 0003.3 100 100 1.5e-020
04600 212.0 014.2 0003.2 100 100 1.8e-020
04660 225.0 011.4 0003.9 100 100 1.1e-020
04720 230.0 011.1 0000.0 100 100 9.5e-021
04780 220.0 014.6 0001.9 100 100 5.0e-021
04840 217.0 015.5 0000.8 100 100 6.7e-021
04900 233.0 014.8 0002.0 100 100 7.7e-021
04960 ///// ///// 0001.3 000 000 1.0e-020
05020 ///// ///// 0001.6 000 000 3.9e-021
05080 ///// ///// 0001.0 000 000 1.1e-020
05140 ///// ///// 0000.1 000 000 1.2e-020
05200 ///// ///// 0000.9 000 000 1.2e-020
05260 ///// ///// 0001.0 000 000 1.0e-020
05320 241.0 014.6 0000.7 100 100 9.7e-021
05380 244.0 014.9 0000.6 100 100 3.0e-021
05440 256.0 014.2 -000.2 100 100 5.9e-021
05500 245.0 015.1 0000.6 100 100 6.8e-021
05560 261.0 014.5 0000.0 100 100 7.9e-021
05620 246.0 015.2 0000.7 100 100 8.8e-021
05680 263.0 014.3 -000.1 100 100 1.0e-020
05740 257.0 014.0 0000.0 100 100 9.8e-021
05800 261.0 013.4 0000.1 100 100 9.8e-021
05860 256.0 013.4 0000.5 100 100 1.3e-020
05920 257.0 013.4 0000.7 100 100 1.4e-020
05980 259.0 013.2 0000.4 100 100 9.3e-021
NNNN
