WNDROBS 01.20
57793 0114.3600 027.7900 00130.0 LC 20130629215500
ROBS
00100 120.0 004.0 -000.1 100 100 3.9e-021
00160 112.0 004.1 -000.1 100 100 5.2e-021
00220 138.0 004.3 -000.1 100 100 6.0e-021
00280 101.0 003.6 -000.1 100 100 1.2e-020
00340 117.0 003.4 0000.0 100 100 1.5e-020
00400 134.0 002.5 0000.1 100 100 9.9e-021
00460 145.0 003.6 -000.0 100 100 1.5e-020
00520 146.0 005.8 -000.2 100 100 4.1e-020
00580 153.0 006.9 -000.1 100 100 5.5e-020
00640 167.0 006.9 -000.2 100 100 1.4e-019
00700 171.0 005.6 -000.2 100 100 2.5e-020
00760 178.0 003.8 -000.1 100 100 1.7e-020
00820 177.0 002.2 0000.0 100 100 1.4e-020
00880 179.0 003.4 -000.1 100 100 1.1e-020
00940 189.0 005.6 -000.1 100 100 5.4e-021
01000 193.0 005.9 0000.0 100 100 6.1e-021
01060 249.0 000.8 -000.2 100 100 1.2e-021
01120 221.0 001.3 -000.1 100 100 3.2e-021
01180 209.0 002.2 -000.1 100 100 2.5e-021
01240 213.0 003.7 0000.0 100 100 4.5e-021
01300 220.0 004.9 -000.1 100 100 5.1e-021
01360 217.0 006.0 -000.1 100 100 3.1e-021
01420 217.0 006.6 -000.1 100 100 3.1e-021
01480 215.0 007.9 -000.1 100 100 3.2e-021
01540 218.0 009.0 0000.0 100 100 3.6e-021
01600 223.0 010.1 -000.1 100 100 2.7e-021
01660 226.0 011.6 0000.1 100 100 1.9e-021
01720 229.0 011.8 -000.1 100 100 2.5e-021
01780 229.0 011.6 0000.0 100 100 2.3e-021
01840 230.0 012.0 -000.0 100 100 2.7e-021
01900 232.0 011.7 0000.1 100 100 3.0e-021
01960 232.0 011.9 0000.2 100 100 2.6e-021
02020 232.0 012.3 0000.3 100 100 2.9e-021
02080 231.0 012.0 0000.2 100 100 5.0e-021
02140 230.0 011.2 0000.1 100 100 7.8e-021
02200 229.0 010.9 0000.2 100 100 8.2e-021
02260 226.0 010.1 0000.1 100 100 2.9e-021
02320 208.0 011.3 0000.2 100 100 3.0e-021
02380 215.0 009.3 0000.3 100 100 3.9e-021
02440 207.0 009.2 -000.1 100 100 4.6e-021
02500 211.0 008.9 0000.2 100 100 2.6e-021
02560 212.0 008.8 -000.1 100 100 2.7e-021
02620 205.0 007.6 0000.0 100 100 1.2e-021
02680 212.0 008.3 0000.2 100 100 2.4e-021
02740 212.0 008.4 0000.6 100 100 3.3e-021
02800 226.0 010.7 0000.0 100 100 1.4e-021
02860 213.0 008.4 0000.0 100 100 9.7e-022
02920 207.0 005.9 0000.2 100 100 3.8e-021
02980 214.0 006.2 0000.0 100 100 3.3e-021
03040 209.0 006.2 0000.0 100 100 3.2e-021
03100 213.0 007.4 0000.0 100 100 3.9e-021
03160 220.0 006.6 -000.0 100 100 5.7e-021
03220 221.0 006.8 -000.1 100 100 5.3e-021
03280 221.0 006.7 0000.0 100 100 5.1e-021
03340 221.0 008.0 0000.0 100 100 6.9e-021
03400 215.0 006.8 0000.0 100 100 6.5e-021
03460 222.0 006.6 0000.1 100 100 6.3e-021
03520 222.0 006.7 0000.0 100 100 3.5e-021
03580 220.0 007.1 0000.0 100 100 4.4e-021
03640 217.0 007.6 0000.0 100 100 7.7e-021
03700 214.0 008.8 -000.1 100 100 3.9e-021
03760 225.0 007.0 0000.0 100 100 5.1e-022
03820 226.0 006.8 -000.1 100 100 3.3e-021
03880 239.0 007.4 -000.1 100 100 3.9e-021
03940 244.0 008.4 0000.3 100 100 6.2e-021
04000 243.0 008.8 0000.0 100 100 1.3e-020
04060 238.0 009.6 -000.1 100 100 2.2e-020
04120 238.0 009.3 -000.1 100 100 2.6e-020
04180 236.0 009.5 0000.1 100 100 3.1e-020
04240 234.0 010.7 -000.1 100 100 1.7e-020
04300 233.0 009.9 0000.3 100 100 2.1e-020
04360 233.0 009.0 0000.2 100 100 3.5e-020
04420 234.0 009.5 0000.3 100 100 4.9e-020
04480 235.0 009.2 0000.1 100 100 4.7e-020
04540 243.0 009.2 0000.0 100 100 4.9e-020
04600 247.0 010.0 -000.0 100 100 3.3e-020
04660 252.0 010.4 0000.1 100 100 3.1e-020
04720 244.0 010.7 0000.0 100 100 8.3e-020
04780 240.0 010.7 0000.0 100 100 2.3e-020
04840 242.0 010.7 -000.1 100 100 2.2e-020
04900 241.0 011.1 -000.0 100 100 2.6e-020
04960 241.0 010.7 -000.7 100 100 2.0e-020
05020 243.0 011.2 0000.0 100 100 7.2e-021
05080 242.0 010.3 0000.0 100 100 1.3e-020
05140 242.0 010.1 0000.8 100 100 7.6e-021
05200 ///// ///// 0000.0 000 000 9.7e-022
05260 ///// ///// 0000.0 000 000 4.4e-021
05320 ///// ///// 0000.7 000 000 1.5e-021
05380 ///// ///// 0000.0 000 000 2.9e-021
05440 ///// ///// 0000.0 000 000 3.0e-021
05500 ///// ///// 0000.0 000 000 5.1e-021
05560 ///// ///// 0000.0 000 000 3.1e-021
05620 ///// ///// 0000.0 000 000 2.9e-021
05680 ///// ///// 0000.0 000 000 5.4e-021
05740 ///// ///// 0000.0 000 000 5.0e-021
05800 ///// ///// -000.2 000 000 5.7e-021
05860 ///// ///// 0000.0 000 000 1.7e-021
05920 ///// ///// 0000.0 000 000 3.3e-021
05980 ///// ///// 0000.0 000 000 1.7e-021
NNNN
