WNDROBS 01.20
57793 0114.3600 027.7900 00130.0 LC 20130629104500
ROBS
00100 122.0 006.8 0001.4 100 100 2.3e-021
00160 116.0 006.5 0001.6 100 100 7.0e-021
00220 121.0 007.7 -000.3 100 100 5.4e-021
00280 115.0 006.7 -000.1 100 100 7.2e-021
00340 118.0 006.8 0000.1 100 100 1.1e-020
00400 133.0 005.5 -000.1 100 100 4.5e-020
00460 142.0 006.3 0000.1 100 100 2.8e-020
00520 149.0 007.8 0000.2 100 100 3.2e-020
00580 156.0 009.0 0000.3 100 100 9.4e-020
00640 159.0 009.0 0000.3 100 100 5.4e-020
00700 170.0 008.0 0000.3 100 100 4.9e-020
00760 162.0 007.1 0000.2 100 100 5.8e-020
00820 167.0 005.9 -000.1 100 100 4.3e-020
00880 156.0 006.3 -000.2 100 100 2.3e-020
00940 234.0 008.5 0000.1 100 100 1.1e-020
01000 238.0 008.6 0000.1 100 100 1.3e-020
01060 171.0 003.5 -000.1 100 100 3.2e-021
01120 187.0 003.5 -000.1 100 100 6.9e-021
01180 200.0 004.4 -000.2 100 100 8.7e-021
01240 208.0 005.2 -000.2 100 100 9.8e-021
01300 209.0 006.3 -000.2 100 100 1.2e-020
01360 214.0 007.6 0002.9 100 100 4.9e-021
01420 219.0 008.5 0001.9 100 100 3.7e-021
01480 222.0 009.3 -000.1 100 100 9.7e-021
01540 222.0 009.6 -000.1 100 100 2.0e-020
01600 220.0 010.0 -000.3 100 100 1.2e-020
01660 221.0 010.5 0000.1 100 100 9.9e-021
01720 223.0 011.1 0000.0 100 100 5.5e-021
01780 221.0 011.0 -000.0 100 100 1.0e-020
01840 222.0 011.0 0000.1 100 100 1.0e-020
01900 224.0 010.7 0000.0 100 100 7.4e-021
01960 227.0 010.7 0000.1 100 100 1.0e-020
02020 227.0 010.0 0000.0 100 100 1.6e-020
02080 223.0 009.3 0000.1 100 100 2.0e-020
02140 225.0 008.9 0000.2 100 100 1.7e-020
02200 221.0 008.7 0000.2 100 100 1.8e-020
02260 218.0 008.3 0000.1 100 100 1.2e-020
02320 227.0 009.0 0000.2 100 100 1.2e-020
02380 228.0 009.1 0000.1 100 100 1.4e-020
02440 230.0 009.3 0000.1 100 100 1.1e-020
02500 229.0 009.2 -000.1 100 100 8.9e-021
02560 228.0 009.9 0000.0 100 100 3.8e-021
02620 231.0 009.8 0000.0 100 100 1.5e-021
02680 228.0 009.0 -000.1 100 100 3.9e-021
02740 226.0 009.4 0000.0 100 100 4.8e-021
02800 228.0 009.2 -000.5 100 100 4.0e-021
02860 228.0 009.2 -000.4 100 100 3.9e-021
02920 227.0 009.5 0000.0 100 100 2.8e-021
02980 228.0 009.4 0000.0 100 100 2.5e-021
03040 231.0 010.0 0000.0 100 100 2.3e-021
03100 216.0 008.4 0000.0 100 100 2.4e-021
03160 216.0 008.3 0000.0 100 100 1.8e-021
03220 222.0 009.6 -000.3 100 100 3.7e-021
03280 232.0 010.8 0000.0 100 100 3.2e-021
03340 231.0 010.6 0000.0 100 100 3.3e-021
03400 232.0 011.8 -000.2 100 100 3.2e-021
03460 234.0 012.4 -000.1 100 100 5.6e-021
03520 234.0 012.6 -000.1 100 100 3.9e-021
03580 236.0 012.3 0000.1 100 100 1.1e-020
03640 234.0 013.0 -000.2 100 100 9.4e-021
03700 237.0 012.7 0000.0 100 100 6.1e-021
03760 239.0 013.0 0000.0 100 100 6.0e-021
03820 237.0 012.6 -000.1 100 100 7.4e-021
03880 238.0 013.2 -000.3 100 100 9.5e-021
03940 235.0 014.1 -000.2 100 100 9.8e-021
04000 231.0 012.3 0000.3 100 100 3.0e-021
04060 230.0 012.3 -000.7 100 100 7.7e-021
04120 230.0 013.1 -000.2 100 100 8.8e-021
04180 228.0 012.2 -000.5 100 100 5.4e-021
04240 229.0 013.1 -000.5 100 100 7.8e-021
04300 226.0 011.8 0000.0 100 100 1.6e-021
04360 224.0 011.1 -000.1 100 100 9.9e-021
04420 222.0 011.4 0000.0 100 100 1.1e-020
04480 221.0 011.7 0000.0 100 100 3.0e-021
04540 226.0 012.0 0000.0 100 100 7.9e-021
04600 226.0 012.1 0000.0 100 100 6.0e-021
04660 250.0 010.5 0000.0 100 100 2.2e-021
04720 236.0 009.5 0000.0 100 100 3.7e-021
04780 ///// ///// 0000.0 000 000 9.2e-022
04840 ///// ///// 0000.0 000 000 3.7e-022
04900 ///// ///// 0000.0 000 000 1.1e-021
04960 ///// ///// 0000.0 000 000 1.0e-021
05020 ///// ///// 0000.0 000 000 5.7e-022
05080 ///// ///// 0000.0 000 000 3.6e-021
05140 ///// ///// 0000.0 000 000 2.9e-021
05200 ///// ///// -000.0 000 000 4.8e-021
05260 ///// ///// 0000.0 000 000 2.8e-021
05320 ///// ///// 0000.0 000 000 3.8e-021
05380 ///// ///// 0001.2 000 000 4.0e-021
05440 ///// ///// 0000.0 000 000 2.7e-021
05500 ///// ///// 0000.1 000 000 3.0e-021
05560 ///// ///// 0000.4 000 000 6.2e-021
05620 ///// ///// 0000.0 000 000 1.9e-021
05680 ///// ///// 0000.0 000 000 5.3e-021
05740 ///// ///// 0000.0 000 000 1.4e-021
05800 ///// ///// 0000.0 000 000 4.4e-021
05860 ///// ///// 0000.0 000 000 2.6e-021
05920 ///// ///// 0000.0 000 000 5.0e-021
05980 ///// ///// -001.1 000 000 2.1e-021
NNNN
