WNDROBS 01.20
57793 0114.3600 027.7900 00130.0 LC 20130629224000
ROBS
00100 154.0 005.2 0001.9 100 100 1.9e-021
00160 152.0 005.3 0002.1 100 100 4.4e-021
00220 136.0 005.1 0002.0 100 100 2.3e-021
00280 133.0 004.5 -000.1 100 100 6.5e-021
00340 149.0 004.1 -000.1 100 100 1.1e-020
00400 160.0 004.2 -000.1 100 100 1.2e-020
00460 164.0 005.6 -000.1 100 100 4.2e-020
00520 168.0 007.4 -000.1 100 100 7.4e-020
00580 165.0 008.2 0000.1 100 100 2.7e-019
00640 178.0 008.1 -000.0 100 100 2.4e-019
00700 188.0 005.8 -000.1 100 100 1.2e-019
00760 196.0 003.4 0000.0 100 100 3.2e-020
00820 215.0 001.9 -000.0 100 100 2.2e-020
00880 201.0 003.8 0000.0 100 100 5.5e-021
00940 202.0 002.0 0000.0 100 100 1.2e-020
01000 220.0 002.2 -000.4 100 100 1.6e-020
01060 198.0 002.5 -000.1 100 100 5.1e-021
01120 215.0 003.3 -000.1 100 100 3.9e-021
01180 227.0 004.3 -000.3 100 100 2.4e-021
01240 219.0 005.6 -000.3 100 100 1.8e-021
01300 210.0 006.2 -000.4 100 100 1.2e-021
01360 221.0 008.0 -000.3 100 100 1.6e-021
01420 228.0 009.1 -000.3 100 100 3.0e-021
01480 226.0 009.6 -000.2 100 100 4.9e-021
01540 229.0 010.2 -000.6 100 100 3.4e-021
01600 227.0 011.4 -000.7 100 100 4.4e-021
01660 223.0 011.6 -000.6 100 100 1.0e-020
01720 227.0 012.2 -000.7 100 100 1.8e-020
01780 227.0 012.5 -000.7 100 100 6.0e-021
01840 233.0 012.2 -000.4 100 100 3.8e-021
01900 227.0 011.4 -000.4 100 100 3.0e-021
01960 233.0 012.0 0000.0 100 100 1.6e-021
02020 236.0 010.8 -000.5 100 100 1.3e-021
02080 235.0 010.6 -000.3 100 100 1.6e-021
02140 228.0 010.2 -000.2 100 100 1.9e-021
02200 224.0 011.4 -000.4 100 100 2.3e-021
02260 223.0 011.1 -000.3 100 100 3.2e-021
02320 223.0 011.2 -000.2 100 100 3.0e-021
02380 223.0 011.5 -000.1 100 100 3.9e-021
02440 220.0 011.4 -000.2 100 100 5.9e-021
02500 209.0 009.7 -000.1 100 100 6.8e-021
02560 207.0 009.9 0000.0 100 100 5.2e-021
02620 200.0 009.4 -000.3 100 100 3.4e-021
02680 200.0 009.2 0000.0 100 100 9.0e-022
02740 201.0 009.1 0000.0 100 100 2.5e-021
02800 180.0 008.3 0000.0 100 100 2.5e-022
02860 203.0 009.4 -000.1 100 100 2.3e-021
02920 182.0 007.5 0000.0 100 100 7.1e-022
02980 182.0 007.4 -000.2 100 100 9.0e-022
03040 181.0 007.4 -000.5 100 100 1.2e-021
03100 183.0 007.8 0000.0 100 100 9.2e-022
03160 183.0 007.3 -000.8 100 100 3.8e-022
03220 209.0 008.7 0000.0 100 100 1.9e-021
03280 207.0 008.7 0000.0 100 100 3.8e-021
03340 206.0 008.9 0000.0 100 100 2.5e-021
03400 203.0 008.7 0000.0 100 100 2.1e-021
03460 205.0 008.6 0000.0 100 100 2.6e-021
03520 196.0 008.1 0000.0 100 100 3.4e-021
03580 203.0 008.5 -001.3 100 100 2.2e-021
03640 219.0 006.2 0000.0 100 100 2.0e-021
03700 225.0 005.6 0000.2 100 100 2.5e-021
03760 227.0 005.3 0000.0 100 100 2.4e-021
03820 236.0 007.2 0000.0 100 100 3.9e-022
03880 238.0 009.0 0000.1 100 100 1.2e-021
03940 247.0 009.4 0000.0 100 100 4.5e-021
04000 250.0 007.0 -000.0 100 100 5.1e-021
04060 247.0 006.4 0000.3 100 100 2.9e-021
04120 249.0 005.6 -000.2 100 100 3.7e-021
04180 244.0 006.9 -000.3 100 100 8.1e-021
04240 245.0 007.2 -000.2 100 100 9.8e-021
04300 249.0 008.9 -000.2 100 100 1.4e-020
04360 251.0 008.5 -000.4 100 100 1.8e-020
04420 248.0 008.8 -000.7 100 100 1.8e-020
04480 246.0 009.5 -000.9 100 100 8.7e-021
04540 257.0 008.5 -000.6 100 100 1.0e-020
04600 248.0 008.8 -000.0 100 100 4.6e-021
04660 247.0 008.5 0000.3 100 100 1.1e-020
04720 243.0 008.3 -000.0 100 100 1.4e-020
04780 250.0 008.6 0000.1 100 100 1.5e-020
04840 243.0 009.1 -000.1 100 100 1.7e-020
04900 241.0 008.9 -000.1 100 100 1.8e-020
04960 240.0 008.7 -000.3 100 100 1.5e-020
05020 242.0 008.7 0000.0 100 100 6.8e-021
05080 235.0 009.1 0000.0 100 100 3.9e-021
05140 241.0 008.4 -000.7 100 100 2.3e-021
05200 205.0 007.5 0000.0 100 100 6.4e-022
05260 ///// ///// 0000.0 000 000 1.3e-021
05320 ///// ///// 0000.0 000 000 1.6e-021
05380 ///// ///// -000.0 000 000 2.0e-021
05440 ///// ///// -000.2 000 000 5.7e-021
05500 ///// ///// 0000.0 000 000 3.1e-021
05560 ///// ///// 0000.0 000 000 1.7e-021
05620 ///// ///// 0000.0 000 000 3.7e-021
05680 ///// ///// 0000.0 000 000 1.9e-021
05740 ///// ///// 0000.0 000 000 3.9e-021
05800 ///// ///// 0000.0 000 000 3.7e-021
05860 ///// ///// 0000.0 000 000 5.2e-021
05920 ///// ///// 0000.0 000 000 5.4e-021
05980 ///// ///// 0000.0 000 000 5.4e-021
NNNN
