WNDROBS 01.20
57793 0114.3600 027.7900 00130.0 LC 20130628043500
ROBS
00100 047.0 002.8 0001.8 100 100 2.8e-020
00160 047.0 003.1 0001.9 100 100 1.1e-019
00220 046.0 002.8 0001.8 100 100 1.2e-019
00280 073.0 001.8 0001.6 100 100 1.3e-019
00340 087.0 001.1 0001.3 100 100 1.3e-019
00400 165.0 002.7 0001.0 100 100 1.4e-019
00460 183.0 003.2 0000.9 100 100 1.1e-019
00520 025.0 000.4 0002.3 100 100 8.4e-020
00580 019.0 001.8 0002.5 100 100 7.9e-020
00640 319.0 002.4 0002.8 100 100 7.0e-020
00700 335.0 004.3 0003.0 100 100 6.8e-020
00760 295.0 005.8 0002.7 100 100 5.4e-020
00820 279.0 005.0 0001.9 100 100 8.3e-020
00880 263.0 006.3 0001.7 100 100 7.0e-020
00940 237.0 006.8 0001.8 100 100 4.6e-020
01000 228.0 006.7 0001.8 100 100 4.1e-020
01060 233.0 007.9 0002.0 100 100 2.2e-020
01120 231.0 008.6 0001.8 100 100 2.1e-020
01180 222.0 008.1 0001.5 100 100 2.2e-020
01240 224.0 010.2 0001.4 100 100 2.1e-020
01300 234.0 013.2 0001.4 100 100 2.5e-020
01360 232.0 013.8 0001.2 100 100 2.2e-020
01420 231.0 014.6 0001.2 100 100 2.5e-020
01480 231.0 016.0 0001.6 100 100 2.3e-020
01540 234.0 016.9 0001.8 100 100 2.4e-020
01600 234.0 016.6 0001.4 100 100 2.3e-020
01660 233.0 017.3 0001.4 100 100 2.3e-020
01720 233.0 018.3 0001.4 100 100 2.2e-020
01780 232.0 018.4 0001.6 100 100 2.0e-020
01840 234.0 019.3 0001.8 100 100 2.1e-020
01900 233.0 018.5 0001.8 100 100 1.8e-020
01960 234.0 018.7 0001.8 100 100 2.0e-020
02020 234.0 018.0 0001.8 100 100 2.0e-020
02080 235.0 018.1 0001.7 100 100 2.1e-020
02140 235.0 018.6 0001.6 100 100 2.5e-020
02200 234.0 018.5 0001.2 100 100 2.2e-020
02260 232.0 017.4 0001.2 100 100 2.2e-020
02320 233.0 019.0 0001.0 100 100 2.0e-020
02380 230.0 017.3 0000.7 100 100 1.7e-020
02440 230.0 017.0 0000.1 100 100 1.7e-020
02500 229.0 017.3 0000.4 100 100 2.1e-020
02560 231.0 017.2 0000.1 100 100 2.1e-020
02620 231.0 017.4 -000.3 100 100 2.2e-020
02680 241.0 023.0 0000.5 100 100 2.0e-020
02740 241.0 022.6 -000.2 100 100 2.1e-020
02800 242.0 022.2 0000.5 100 100 2.7e-020
02860 242.0 022.5 -000.1 100 100 2.9e-020
02920 241.0 022.5 -000.3 100 100 2.8e-020
02980 240.0 022.8 -000.3 100 100 2.2e-020
03040 241.0 023.4 0002.0 100 100 2.0e-020
03100 240.0 023.8 0000.0 100 100 1.3e-020
03160 241.0 023.9 0000.1 100 100 1.6e-020
03220 242.0 023.5 -002.2 100 100 2.3e-020
03280 246.0 023.5 0000.0 100 100 1.9e-020
03340 251.0 023.1 0000.0 100 100 1.7e-020
03400 248.0 023.7 0000.0 100 100 1.4e-020
03460 ///// ///// 0000.7 000 000 1.1e-020
03520 219.0 010.8 0000.5 100 100 1.6e-020
03580 219.0 010.9 0000.4 100 100 1.7e-020
03640 232.0 009.6 0000.4 100 100 1.6e-020
03700 225.0 010.3 0000.8 100 100 1.1e-020
03760 229.0 010.0 0000.2 100 100 1.0e-020
03820 243.0 008.8 -000.3 100 100 7.4e-021
03880 236.0 009.6 0000.0 100 100 4.7e-021
03940 233.0 009.4 0000.0 100 100 5.3e-021
04000 224.0 010.3 0000.0 100 100 6.8e-021
04060 230.0 009.3 -000.4 100 100 7.5e-021
04120 226.0 008.9 -000.8 100 100 8.6e-021
04180 230.0 009.1 -000.2 100 100 9.8e-021
04240 221.0 007.8 0000.0 100 100 7.8e-021
04300 ///// ///// 0000.0 000 000 4.0e-021
04360 ///// ///// 0000.0 000 000 4.1e-021
04420 ///// ///// -006.8 000 000 2.7e-021
04480 ///// ///// 0000.0 000 000 4.4e-021
04540 ///// ///// 0000.0 000 000 5.0e-021
04600 ///// ///// 0001.4 000 000 6.7e-021
04660 ///// ///// 0000.0 000 000 4.1e-021
04720 ///// ///// 0000.0 000 000 1.7e-021
04780 ///// ///// 0004.1 000 000 4.9e-021
04840 ///// ///// 0000.0 000 000 3.9e-021
04900 ///// ///// 0000.0 000 000 5.5e-021
04960 ///// ///// 0000.0 000 000 4.6e-021
05020 ///// ///// 0000.0 000 000 4.2e-021
05080 ///// ///// 0000.0 000 000 5.1e-021
05140 ///// ///// 0000.0 000 000 6.9e-021
05200 ///// ///// 0000.0 000 000 8.0e-021
05260 249.0 008.1 0000.0 100 100 1.2e-020
05320 248.0 009.6 0000.0 100 100 1.4e-020
05380 251.0 010.2 0000.0 100 100 1.8e-020
05440 268.0 009.6 0000.0 100 100 4.2e-021
05500 277.0 009.7 0000.7 100 100 1.2e-020
05560 297.0 011.0 0000.0 100 100 3.0e-021
05620 275.0 009.7 0000.0 100 100 1.0e-020
05680 233.0 011.5 -004.4 100 100 1.2e-020
05740 234.0 011.8 0000.0 100 100 5.9e-022
05800 224.0 013.7 0000.8 100 100 1.1e-020
05860 223.0 014.3 0000.0 100 100 4.4e-021
05920 229.0 012.7 0000.9 100 100 1.3e-020
05980 232.0 012.3 0000.8 100 100 7.8e-021
NNNN
