WNDROBS 01.20
57793 0114.3600 027.7900 00130.0 LC 20130629210500
ROBS
00100 087.0 004.2 0002.1 100 100 3.7e-021
00160 087.0 004.7 0001.0 100 100 1.0e-020
00220 088.0 003.7 0002.1 100 100 2.0e-021
00280 122.0 003.9 0000.7 100 100 1.1e-020
00340 137.0 003.2 0000.8 100 100 1.3e-020
00400 159.0 002.4 0000.8 100 100 2.0e-020
00460 163.0 002.5 0000.9 100 100 3.0e-020
00520 178.0 004.9 0001.0 100 100 7.6e-020
00580 172.0 006.0 0001.1 100 100 1.1e-019
00640 183.0 006.2 0001.0 100 100 7.6e-020
00700 190.0 005.8 0000.7 100 100 1.3e-019
00760 195.0 004.5 0000.4 100 100 5.8e-020
00820 195.0 003.3 0000.2 100 100 2.5e-020
00880 212.0 003.0 0000.2 100 100 1.2e-020
00940 205.0 003.1 0000.0 100 100 6.3e-021
01000 207.0 003.3 0000.0 100 100 4.8e-021
01060 207.0 003.6 -000.2 100 100 2.0e-021
01120 211.0 003.5 -000.1 100 100 1.8e-021
01180 231.0 004.0 0000.0 100 100 2.9e-021
01240 225.0 004.1 -000.1 100 100 2.0e-021
01300 221.0 005.6 -000.0 100 100 1.4e-021
01360 218.0 005.9 -000.2 100 100 2.0e-021
01420 223.0 005.5 0000.1 100 100 4.6e-021
01480 224.0 007.7 -000.2 100 100 5.1e-021
01540 222.0 009.1 -000.2 100 100 4.0e-021
01600 223.0 010.0 0000.0 100 100 2.5e-021
01660 223.0 010.5 -000.2 100 100 1.3e-021
01720 230.0 012.4 -000.3 100 100 2.0e-021
01780 231.0 012.3 -000.3 100 100 2.2e-021
01840 231.0 012.2 0000.0 100 100 1.4e-021
01900 229.0 011.2 0000.0 100 100 1.2e-021
01960 214.0 009.0 0000.0 100 100 1.4e-021
02020 215.0 009.2 0000.0 100 100 1.3e-021
02080 194.0 007.6 -000.2 100 100 1.8e-021
02140 224.0 009.7 -000.7 100 100 2.0e-021
02200 216.0 009.7 0000.0 100 100 1.6e-021
02260 216.0 009.0 -000.4 100 100 1.3e-021
02320 203.0 007.9 -000.3 100 100 1.4e-021
02380 207.0 007.0 0000.2 100 100 2.0e-021
02440 202.0 008.3 -000.5 100 100 1.8e-021
02500 204.0 007.5 -001.2 100 100 1.7e-021
02560 206.0 007.5 -000.6 100 100 3.2e-021
02620 204.0 008.6 -000.4 100 100 4.3e-021
02680 205.0 008.6 -000.3 100 100 4.2e-021
02740 207.0 008.8 -000.2 100 100 3.0e-021
02800 207.0 008.7 -000.2 100 100 4.7e-021
02860 211.0 009.4 -000.3 100 100 5.8e-021
02920 205.0 009.2 -000.2 100 100 5.1e-021
02980 206.0 008.6 -000.6 100 100 4.1e-021
03040 203.0 008.3 0000.0 100 100 1.0e-021
03100 206.0 009.2 -000.6 100 100 6.4e-021
03160 210.0 008.5 -000.4 100 100 6.4e-021
03220 208.0 008.4 -000.3 100 100 6.7e-021
03280 212.0 008.9 -000.8 100 100 5.8e-021
03340 206.0 008.7 0000.0 100 100 4.1e-021
03400 200.0 008.0 0000.0 100 100 7.1e-021
03460 195.0 008.1 0000.0 100 100 7.0e-021
03520 187.0 007.9 0000.0 100 100 6.5e-021
03580 187.0 008.0 0000.0 100 100 6.5e-021
03640 188.0 007.8 -000.0 100 100 7.3e-021
03700 191.0 008.0 -000.3 100 100 5.9e-021
03760 215.0 009.7 0000.0 100 100 2.9e-021
03820 227.0 012.1 0001.0 100 100 5.2e-021
03880 230.0 013.0 0000.0 100 100 4.1e-021
03940 239.0 015.1 0000.0 100 100 3.4e-021
04000 230.0 012.0 0000.1 100 100 4.7e-021
04060 230.0 009.9 0000.0 100 100 3.1e-021
04120 ///// ///// 0000.3 000 000 2.1e-021
04180 ///// ///// 0000.1 000 000 4.3e-021
04240 221.0 010.8 0000.5 100 100 4.3e-021
04300 215.0 009.1 0000.5 100 100 5.0e-021
04360 201.0 008.5 0000.0 100 100 2.8e-021
04420 176.0 008.3 0000.1 100 100 6.0e-021
04480 206.0 007.9 0000.0 100 100 5.0e-021
04540 217.0 008.0 0000.1 100 100 5.0e-021
04600 230.0 010.6 0000.3 100 100 9.5e-021
04660 238.0 011.3 0000.0 100 100 3.5e-021
04720 241.0 011.8 0000.0 100 100 1.4e-020
04780 ///// ///// 0000.2 000 000 4.3e-021
04840 ///// ///// 0001.1 000 000 1.3e-021
04900 ///// ///// 0000.0 000 000 1.2e-021
04960 ///// ///// 0000.0 000 000 1.4e-021
05020 ///// ///// 0000.0 000 000 2.2e-021
05080 ///// ///// 0000.0 000 000 1.7e-021
05140 ///// ///// 0000.4 000 000 4.9e-021
05200 ///// ///// 0000.0 000 000 9.6e-022
05260 ///// ///// 0000.1 000 000 4.1e-021
05320 ///// ///// 0000.3 000 000 4.2e-021
05380 ///// ///// 0000.0 000 000 4.3e-021
05440 ///// ///// -000.9 000 000 4.5e-021
05500 ///// ///// 0000.0 000 000 1.6e-021
05560 ///// ///// 0000.2 000 000 5.1e-021
05620 ///// ///// -001.4 000 000 3.8e-021
05680 ///// ///// 0000.0 000 000 3.1e-021
05740 ///// ///// 0000.0 000 000 3.0e-021
05800 ///// ///// 0000.0 000 000 4.2e-021
05860 ///// ///// 0000.0 000 000 2.1e-021
05920 ///// ///// 0000.0 000 000 1.8e-021
05980 ///// ///// 0000.0 000 000 3.3e-021
NNNN
