WNDROBS 01.20
57793 0114.3600 027.7900 00130.0 LC 20130629040500
ROBS
00100 072.0 002.8 0000.3 100 100 2.7e-021
00160 072.0 002.2 0000.4 100 100 5.8e-021
00220 057.0 006.5 0000.4 100 100 6.5e-021
00280 035.0 004.2 0000.2 100 100 6.9e-021
00340 039.0 004.0 0000.4 100 100 4.4e-021
00400 048.0 003.4 0000.3 100 100 3.8e-021
00460 073.0 004.1 0000.1 100 100 4.0e-021
00520 110.0 003.7 0000.1 100 100 3.4e-020
00580 112.0 002.8 0000.4 100 100 2.4e-020
00640 134.0 002.9 0000.3 100 100 1.4e-020
00700 159.0 006.2 0000.0 100 100 4.5e-021
00760 195.0 004.5 -000.7 100 100 6.9e-021
00820 210.0 006.5 0000.1 100 100 1.7e-020
00880 228.0 008.7 0000.1 100 100 4.0e-020
00940 232.0 009.5 0000.2 100 100 2.9e-020
01000 235.0 010.3 0001.2 100 100 5.6e-021
01060 233.0 009.9 0000.0 100 100 3.2e-021
01120 234.0 010.8 0000.0 100 100 1.4e-021
01180 232.0 011.6 -000.2 100 100 2.4e-021
01240 238.0 011.7 -000.1 100 100 6.7e-021
01300 237.0 012.4 -000.2 100 100 8.3e-021
01360 238.0 012.8 -000.1 100 100 1.2e-020
01420 239.0 013.6 -000.1 100 100 1.1e-020
01480 239.0 014.4 -000.2 100 100 1.3e-020
01540 240.0 015.1 -000.2 100 100 1.4e-020
01600 239.0 016.1 -000.1 100 100 1.5e-020
01660 241.0 017.2 0000.1 100 100 7.6e-021
01720 243.0 019.8 0000.2 100 100 3.5e-021
01780 241.0 016.3 -000.3 100 100 2.7e-021
01840 245.0 016.0 -000.2 100 100 3.0e-021
01900 245.0 016.2 0000.0 100 100 2.5e-021
01960 244.0 017.3 -000.4 100 100 2.8e-021
02020 243.0 016.7 -000.5 100 100 4.4e-021
02080 246.0 016.2 -000.1 100 100 2.4e-021
02140 242.0 016.1 -000.4 100 100 2.1e-021
02200 242.0 016.0 0000.0 100 100 1.2e-021
02260 244.0 016.7 -000.0 100 100 2.1e-021
02320 242.0 015.4 0000.0 100 100 6.2e-022
02380 244.0 014.4 0000.0 100 100 1.7e-021
02440 239.0 013.8 -000.4 100 100 7.1e-022
02500 241.0 015.0 -000.3 100 100 2.4e-021
02560 239.0 013.9 0000.0 100 100 1.7e-021
02620 239.0 013.8 0000.0 100 100 1.6e-021
02680 239.0 014.0 0000.0 100 100 2.0e-021
02740 241.0 013.5 0000.6 100 100 2.0e-021
02800 246.0 013.7 -001.1 100 100 2.2e-021
02860 247.0 012.7 0000.0 100 100 8.7e-022
02920 241.0 007.0 0000.0 100 100 5.0e-022
02980 244.0 009.9 -000.5 100 100 1.6e-021
03040 249.0 010.4 0000.0 100 100 7.9e-022
03100 245.0 012.7 0000.0 100 100 2.1e-021
03160 245.0 013.5 0000.0 100 100 2.9e-021
03220 250.0 015.6 0000.0 100 100 1.8e-021
03280 ///// ///// 0000.0 000 000 1.6e-021
03340 ///// ///// 0000.0 000 000 1.9e-021
03400 ///// ///// 0000.0 000 000 1.6e-021
03460 ///// ///// -000.0 000 000 2.3e-021
03520 ///// ///// 0000.0 000 000 1.9e-021
03580 ///// ///// 0000.0 000 000 8.1e-022
03640 ///// ///// 0000.0 000 000 5.1e-022
03700 ///// ///// -000.6 000 000 1.7e-021
03760 ///// ///// 0000.0 000 000 2.1e-021
03820 ///// ///// 0000.0 000 000 2.2e-021
03880 ///// ///// 0000.0 000 000 1.7e-021
03940 ///// ///// 0000.0 000 000 9.0e-022
04000 ///// ///// 0000.0 000 000 6.5e-022
04060 ///// ///// 0000.0 000 000 1.9e-021
04120 ///// ///// 0000.0 000 000 2.1e-021
04180 ///// ///// -000.1 000 000 1.1e-021
04240 ///// ///// -000.3 000 000 3.4e-021
04300 ///// ///// 0000.0 000 000 2.8e-021
04360 ///// ///// 0000.0 000 000 3.0e-021
04420 ///// ///// 0000.0 000 000 2.1e-021
04480 ///// ///// 0000.0 000 000 5.5e-021
04540 199.0 006.8 -000.2 100 100 5.3e-021
04600 249.0 009.2 -000.1 100 100 5.3e-021
04660 ///// ///// -000.3 000 000 5.5e-021
04720 244.0 010.8 -000.0 100 100 7.3e-021
04780 ///// ///// 0000.0 000 000 4.4e-021
04840 ///// ///// -000.1 000 000 5.3e-021
04900 ///// ///// -000.2 000 000 6.5e-021
04960 ///// ///// 0000.0 000 000 1.9e-021
05020 ///// ///// 0000.0 000 000 2.5e-021
05080 ///// ///// 0000.0 000 000 2.9e-021
05140 ///// ///// 0000.0 000 000 6.3e-021
05200 ///// ///// 0000.0 000 000 3.1e-021
05260 ///// ///// -000.4 000 000 4.1e-021
05320 ///// ///// 0000.0 000 000 5.7e-021
05380 ///// ///// 0000.0 000 000 1.9e-021
05440 ///// ///// -000.3 000 000 3.2e-021
05500 ///// ///// 0000.0 000 000 1.5e-021
05560 ///// ///// 0000.4 000 000 6.2e-021
05620 ///// ///// 0000.0 000 000 4.4e-021
05680 ///// ///// 0000.0 000 000 4.9e-021
05740 ///// ///// 0000.0 000 000 1.4e-021
05800 ///// ///// -002.2 000 000 5.3e-021
05860 ///// ///// 0000.0 000 000 1.4e-021
05920 ///// ///// 0000.0 000 000 5.5e-021
05980 ///// ///// 0000.0 000 000 5.4e-022
NNNN
