WNDROBS 01.20
57793 0114.3600 027.7900 00130.0 LC 20130629034500
ROBS
00100 078.0 004.7 -000.0 100 100 2.1e-021
00160 078.0 005.2 0000.4 100 100 6.4e-021
00220 086.0 005.3 -000.0 100 100 4.0e-021
00280 065.0 001.9 -000.1 100 100 3.7e-021
00340 089.0 001.5 0000.0 100 100 2.6e-021
00400 126.0 002.2 -000.1 100 100 2.1e-021
00460 124.0 002.9 0000.1 100 100 2.8e-021
00520 168.0 002.4 0000.2 100 100 6.7e-021
00580 181.0 003.5 0000.2 100 100 2.2e-020
00640 181.0 003.1 -000.1 100 100 1.6e-020
00700 228.0 003.7 0000.1 100 100 1.3e-020
00760 241.0 005.9 0000.0 100 100 7.9e-021
00820 230.0 008.5 -000.6 100 100 1.2e-020
00880 227.0 009.3 -001.1 100 100 6.3e-021
00940 230.0 010.0 -000.3 100 100 5.5e-021
01000 227.0 010.4 0000.0 100 100 4.6e-021
01060 228.0 010.8 -000.0 100 100 1.8e-021
01120 230.0 011.2 0000.1 100 100 2.7e-021
01180 232.0 011.7 0000.0 100 100 4.2e-021
01240 232.0 012.7 0000.1 100 100 5.6e-021
01300 232.0 013.3 0000.0 100 100 7.4e-021
01360 233.0 013.8 0000.1 100 100 1.2e-020
01420 234.0 014.3 0000.0 100 100 2.0e-020
01480 234.0 015.4 -000.0 100 100 3.0e-020
01540 236.0 016.5 0000.4 100 100 2.2e-020
01600 239.0 018.4 0000.1 100 100 4.1e-021
01660 239.0 018.2 -000.3 100 100 1.5e-021
01720 233.0 019.4 -000.1 100 100 1.7e-021
01780 241.0 017.0 -000.4 100 100 2.8e-021
01840 245.0 016.7 -000.2 100 100 2.9e-021
01900 245.0 016.3 -000.1 100 100 4.7e-021
01960 245.0 016.4 -000.1 100 100 2.7e-021
02020 244.0 016.7 0000.2 100 100 2.9e-021
02080 244.0 017.2 0000.2 100 100 3.3e-021
02140 247.0 016.3 0000.0 100 100 2.5e-021
02200 248.0 013.8 0000.0 100 100 2.5e-021
02260 244.0 014.3 -000.4 100 100 2.8e-021
02320 241.0 014.8 -000.5 100 100 2.1e-021
02380 246.0 014.4 0000.0 100 100 1.3e-021
02440 250.0 015.5 0000.0 100 100 1.9e-021
02500 254.0 015.1 -000.0 100 100 2.0e-021
02560 257.0 013.4 0000.4 100 100 2.3e-021
02620 245.0 011.7 -001.3 100 100 1.6e-021
02680 250.0 012.4 -000.8 100 100 1.6e-021
02740 247.0 012.5 -000.3 100 100 2.4e-021
02800 246.0 011.8 -000.0 100 100 2.4e-021
02860 244.0 012.0 0000.0 100 100 1.7e-021
02920 241.0 008.9 0000.3 100 100 2.4e-021
02980 234.0 009.6 -000.4 100 100 2.4e-021
03040 240.0 012.4 0000.3 100 100 2.5e-021
03100 243.0 014.5 0000.0 100 100 2.4e-021
03160 244.0 018.0 -000.8 100 100 2.2e-021
03220 ///// ///// 0000.0 000 000 2.1e-021
03280 240.0 011.8 0000.0 100 100 8.1e-022
03340 ///// ///// -000.1 000 000 2.7e-021
03400 ///// ///// 0000.2 000 000 2.1e-021
03460 ///// ///// 0000.0 000 000 2.5e-021
03520 ///// ///// 0000.0 000 000 2.3e-021
03580 ///// ///// 0000.0 000 000 2.1e-021
03640 ///// ///// 0000.0 000 000 3.1e-022
03700 ///// ///// 0000.0 000 000 2.5e-021
03760 ///// ///// 0000.0 000 000 2.9e-021
03820 ///// ///// 0000.0 000 000 4.2e-022
03880 ///// ///// 0000.0 000 000 1.3e-021
03940 ///// ///// 0000.0 000 000 2.2e-021
04000 ///// ///// -000.2 000 000 2.4e-021
04060 ///// ///// -000.3 000 000 3.3e-021
04120 ///// ///// -000.3 000 000 3.4e-021
04180 ///// ///// 0000.0 000 000 2.5e-021
04240 ///// ///// -000.3 000 000 8.2e-021
04300 ///// ///// 0000.0 000 000 2.5e-021
04360 ///// ///// 0000.0 000 000 9.5e-022
04420 ///// ///// 0000.0 000 000 4.7e-021
04480 ///// ///// 0000.0 000 000 1.8e-021
04540 ///// ///// -000.2 000 000 7.8e-021
04600 242.0 009.3 0000.0 100 100 1.3e-020
04660 230.0 010.5 0000.2 100 100 2.3e-020
04720 230.0 010.9 0000.2 100 100 3.7e-020
04780 233.0 010.7 0000.2 100 100 8.2e-021
04840 ///// ///// 0000.4 000 000 5.8e-021
04900 234.0 010.1 0000.2 100 100 7.3e-021
04960 ///// ///// -000.1 000 000 6.0e-021
05020 ///// ///// 0000.0 000 000 5.1e-021
05080 ///// ///// -001.3 000 000 6.4e-021
05140 ///// ///// 0000.1 000 000 1.9e-021
05200 ///// ///// 0000.0 000 000 3.7e-021
05260 ///// ///// 0000.0 000 000 1.0e-021
05320 ///// ///// 0000.0 000 000 1.6e-021
05380 ///// ///// 0000.0 000 000 4.0e-021
05440 ///// ///// 0000.0 000 000 2.3e-021
05500 ///// ///// 0000.0 000 000 1.5e-021
05560 ///// ///// 0000.0 000 000 4.5e-021
05620 ///// ///// 0000.0 000 000 1.5e-021
05680 ///// ///// 0000.0 000 000 5.0e-021
05740 ///// ///// -000.1 000 000 5.8e-021
05800 ///// ///// 0000.0 000 000 5.5e-021
05860 ///// ///// 0000.0 000 000 2.3e-021
05920 ///// ///// -000.6 000 000 6.8e-021
05980 ///// ///// 0000.0 000 000 2.7e-021
NNNN
