WNDROBS 01.20
57793 0114.3600 027.7900 00130.0 LC 20130629144500
ROBS
00100 112.0 004.2 -000.3 100 100 4.8e-021
00160 111.0 004.8 -000.3 100 100 1.2e-020
00220 111.0 005.3 -000.4 100 100 2.2e-020
00280 115.0 005.2 0000.0 100 100 1.2e-020
00340 128.0 004.2 -000.1 100 100 1.5e-020
00400 128.0 004.6 -000.1 100 100 3.1e-020
00460 148.0 007.0 -000.1 100 100 1.3e-019
00520 162.0 008.9 -000.1 100 100 2.6e-020
00580 165.0 010.1 -000.3 100 100 7.9e-021
00640 163.0 011.7 0000.1 100 100 4.8e-021
00700 172.0 012.3 -000.2 100 100 1.2e-020
00760 171.0 012.3 -000.2 100 100 1.3e-020
00820 171.0 013.2 -000.0 100 100 4.0e-020
00880 171.0 013.4 -000.1 100 100 1.2e-019
00940 173.0 013.5 0000.1 100 100 9.0e-020
01000 176.0 011.4 0000.2 100 100 2.5e-019
01060 191.0 010.7 -000.0 100 100 1.2e-019
01120 188.0 011.6 -000.1 100 100 8.7e-020
01180 190.0 009.2 -000.1 100 100 5.3e-020
01240 195.0 007.9 -000.1 100 100 3.3e-020
01300 196.0 006.6 0000.1 100 100 4.2e-020
01360 204.0 006.9 -000.0 100 100 4.0e-020
01420 203.0 007.3 -000.0 100 100 3.4e-020
01480 203.0 007.5 0000.0 100 100 2.2e-020
01540 205.0 008.2 -000.1 100 100 1.3e-020
01600 209.0 008.8 -000.2 100 100 1.4e-020
01660 214.0 009.5 -000.1 100 100 9.3e-021
01720 217.0 009.8 -000.2 100 100 8.8e-021
01780 222.0 010.6 -000.2 100 100 1.1e-020
01840 227.0 011.0 -000.1 100 100 1.2e-020
01900 230.0 011.7 -000.1 100 100 1.3e-020
01960 228.0 010.7 0000.1 100 100 7.4e-021
02020 234.0 011.1 -000.3 100 100 6.8e-021
02080 228.0 010.7 -000.1 100 100 1.1e-020
02140 232.0 011.2 -000.3 100 100 1.5e-020
02200 236.0 010.9 -000.8 100 100 2.3e-020
02260 238.0 010.7 -000.5 100 100 1.0e-020
02320 237.0 011.8 -000.9 100 100 4.0e-021
02380 232.0 011.4 0000.0 100 100 2.9e-021
02440 228.0 010.5 0000.0 100 100 1.9e-021
02500 226.0 010.9 -000.2 100 100 4.7e-021
02560 230.0 010.3 0000.2 100 100 6.1e-021
02620 230.0 010.4 -000.1 100 100 1.0e-020
02680 227.0 009.9 -000.2 100 100 6.8e-021
02740 230.0 010.4 0001.4 100 100 8.1e-021
02800 229.0 009.6 -000.0 100 100 3.6e-021
02860 236.0 010.7 0000.0 100 100 2.4e-021
02920 235.0 010.4 -000.0 100 100 2.8e-021
02980 232.0 009.7 -000.4 100 100 3.1e-021
03040 219.0 007.4 -000.1 100 100 4.2e-021
03100 233.0 011.5 -000.1 100 100 5.2e-021
03160 233.0 010.9 0000.1 100 100 7.0e-021
03220 235.0 010.8 -000.1 100 100 6.1e-021
03280 233.0 010.8 0000.0 100 100 5.0e-021
03340 234.0 010.3 -000.2 100 100 5.8e-021
03400 237.0 010.0 0000.0 100 100 4.0e-021
03460 234.0 009.6 0000.0 100 100 4.4e-021
03520 234.0 009.7 0000.0 100 100 4.3e-021
03580 236.0 007.0 0000.0 100 100 1.5e-021
03640 231.0 009.9 0000.0 100 100 5.9e-021
03700 231.0 010.0 0000.4 100 100 6.1e-021
03760 236.0 008.0 0001.2 100 100 2.4e-021
03820 236.0 008.1 0000.0 100 100 3.5e-021
03880 222.0 009.8 0000.0 100 100 2.8e-021
03940 207.0 008.5 0000.5 100 100 2.6e-021
04000 206.0 008.3 0000.1 100 100 3.6e-021
04060 205.0 008.7 0000.0 100 100 2.6e-021
04120 204.0 008.8 0000.0 100 100 3.6e-021
04180 208.0 008.7 0000.0 100 100 4.9e-021
04240 203.0 008.3 0000.0 100 100 2.9e-021
04300 ///// ///// 0000.2 000 000 2.9e-021
04360 ///// ///// 0000.1 000 000 1.3e-021
04420 ///// ///// 0000.1 000 000 1.8e-021
04480 ///// ///// 0000.2 000 000 3.4e-021
04540 ///// ///// 0000.1 000 000 1.7e-021
04600 ///// ///// -000.0 000 000 7.9e-021
04660 ///// ///// 0000.0 000 000 4.8e-021
04720 ///// ///// 0000.0 000 000 4.8e-021
04780 ///// ///// 0000.1 000 000 3.2e-021
04840 ///// ///// 0000.0 000 000 3.2e-021
04900 ///// ///// -000.0 000 000 3.6e-021
04960 ///// ///// 0000.0 000 000 6.5e-022
05020 ///// ///// 0000.0 000 000 2.5e-021
05080 ///// ///// 0000.0 000 000 3.1e-021
05140 ///// ///// 0000.0 000 000 2.4e-021
05200 ///// ///// 0000.0 000 000 3.1e-021
05260 ///// ///// 0000.0 000 000 4.2e-021
05320 ///// ///// 0000.0 000 000 6.6e-022
05380 ///// ///// 0000.0 000 000 4.6e-021
05440 ///// ///// 0000.0 000 000 1.7e-021
05500 ///// ///// 0000.0 000 000 1.6e-021
05560 ///// ///// 0000.0 000 000 1.4e-021
05620 ///// ///// 0000.0 000 000 1.6e-021
05680 ///// ///// 0000.0 000 000 4.1e-021
05740 ///// ///// 0000.0 000 000 1.4e-021
05800 ///// ///// 0000.0 000 000 2.0e-021
05860 ///// ///// 0000.0 000 000 5.0e-021
05920 ///// ///// 0000.0 000 000 3.8e-021
05980 ///// ///// 0000.0 000 000 2.0e-021
NNNN
