WNDROBS 01.20
57793 0114.3600 027.7900 00130.0 LC 20130629040000
ROBS
00100 072.0 002.5 -000.3 100 100 1.5e-021
00160 072.0 002.8 0000.2 100 100 3.6e-021
00220 072.0 003.1 -000.4 100 100 6.0e-021
00280 065.0 001.6 -000.2 100 100 7.7e-021
00340 051.0 001.0 -000.2 100 100 6.7e-021
00400 066.0 002.9 -000.1 100 100 2.9e-021
00460 103.0 003.5 0000.0 100 100 2.4e-021
00520 099.0 003.2 0000.2 100 100 6.4e-021
00580 126.0 002.5 0000.5 100 100 2.6e-020
00640 151.0 002.4 0000.2 100 100 8.2e-020
00700 155.0 001.8 -000.0 100 100 1.7e-020
00760 206.0 002.2 -000.1 100 100 2.1e-020
00820 185.0 004.2 -000.1 100 100 7.2e-021
00880 209.0 006.6 -000.1 100 100 1.9e-020
00940 230.0 010.5 -000.2 100 100 2.4e-020
01000 229.0 010.9 -000.1 100 100 1.5e-020
01060 231.0 011.4 -000.2 100 100 3.9e-021
01120 231.0 011.8 0000.0 100 100 2.9e-021
01180 232.0 012.4 -000.0 100 100 2.4e-021
01240 232.0 012.5 -000.2 100 100 6.2e-021
01300 234.0 013.0 -000.2 100 100 1.3e-020
01360 235.0 014.0 -000.3 100 100 1.8e-020
01420 235.0 015.0 -000.4 100 100 1.2e-020
01480 238.0 015.7 -000.2 100 100 1.5e-020
01540 238.0 017.0 -000.2 100 100 9.6e-021
01600 242.0 018.0 -000.2 100 100 3.5e-021
01660 241.0 020.0 -000.0 100 100 2.2e-021
01720 241.0 019.8 -000.1 100 100 1.7e-021
01780 239.0 018.5 -000.6 100 100 2.0e-021
01840 243.0 017.7 -000.4 100 100 2.1e-021
01900 245.0 018.3 0000.0 100 100 2.4e-021
01960 245.0 017.8 -000.3 100 100 3.8e-021
02020 245.0 017.9 -000.5 100 100 4.0e-021
02080 242.0 018.1 -000.2 100 100 4.8e-021
02140 244.0 018.1 -000.1 100 100 2.3e-021
02200 241.0 017.4 0000.0 100 100 1.6e-021
02260 245.0 017.8 0000.0 100 100 2.1e-021
02320 238.0 014.5 0000.0 100 100 1.4e-021
02380 238.0 014.2 0000.1 100 100 2.8e-021
02440 242.0 016.6 -000.3 100 100 2.6e-021
02500 241.0 017.6 -000.3 100 100 2.5e-021
02560 245.0 015.3 -000.2 100 100 1.5e-021
02620 252.0 012.1 0000.1 100 100 2.3e-021
02680 255.0 013.6 0000.0 100 100 7.7e-022
02740 246.0 012.0 0000.0 100 100 1.4e-021
02800 254.0 010.8 0000.0 100 100 1.7e-021
02860 245.0 011.3 0000.0 100 100 2.1e-021
02920 239.0 012.3 0000.1 100 100 2.8e-021
02980 231.0 014.6 0000.0 100 100 2.6e-021
03040 225.0 014.2 0000.2 100 100 2.4e-021
03100 232.0 014.8 -000.1 100 100 2.2e-021
03160 235.0 016.3 0000.0 100 100 2.6e-021
03220 ///// ///// 0000.4 000 000 9.4e-022
03280 229.0 014.1 0000.0 100 100 2.0e-021
03340 ///// ///// 0000.0 000 000 2.6e-021
03400 ///// ///// 0000.0 000 000 2.4e-021
03460 ///// ///// 0000.0 000 000 2.8e-021
03520 ///// ///// 0000.0 000 000 2.9e-021
03580 ///// ///// 0000.0 000 000 1.7e-021
03640 ///// ///// 0000.0 000 000 1.8e-021
03700 ///// ///// 0000.0 000 000 1.5e-021
03760 ///// ///// 0000.0 000 000 2.2e-021
03820 ///// ///// 0000.0 000 000 9.0e-022
03880 ///// ///// 0000.0 000 000 1.8e-021
03940 ///// ///// 0000.0 000 000 6.1e-022
04000 ///// ///// 0000.0 000 000 6.4e-022
04060 ///// ///// 0000.0 000 000 1.9e-021
04120 ///// ///// 0000.0 000 000 1.7e-021
04180 ///// ///// 0000.0 000 000 1.9e-021
04240 ///// ///// -000.4 000 000 1.6e-021
04300 ///// ///// -000.2 000 000 3.7e-021
04360 ///// ///// -000.3 000 000 5.1e-021
04420 228.0 008.5 0000.0 100 100 1.6e-021
04480 233.0 009.6 0000.0 100 100 3.9e-021
04540 241.0 009.3 0000.0 100 100 6.5e-021
04600 231.0 010.8 -000.0 100 100 8.1e-021
04660 236.0 008.4 0000.2 100 100 9.2e-021
04720 226.0 008.9 -000.1 100 100 7.7e-021
04780 183.0 006.1 0000.6 100 100 4.3e-021
04840 ///// ///// 0000.1 000 000 4.1e-021
04900 ///// ///// 0000.0 000 000 4.5e-021
04960 ///// ///// 0000.5 000 000 3.7e-021
05020 ///// ///// 0000.2 000 000 6.0e-021
05080 ///// ///// -000.0 000 000 4.5e-021
05140 ///// ///// 0000.0 000 000 1.8e-021
05200 ///// ///// 0000.0 000 000 7.5e-021
05260 ///// ///// 0000.0 000 000 7.8e-021
05320 ///// ///// 0000.5 000 000 6.7e-021
05380 ///// ///// 0000.3 000 000 6.1e-021
05440 ///// ///// -001.1 000 000 6.0e-021
05500 ///// ///// 0000.0 000 000 3.3e-021
05560 ///// ///// 0000.0 000 000 1.7e-021
05620 ///// ///// 0000.0 000 000 5.7e-021
05680 ///// ///// 0000.0 000 000 3.6e-021
05740 ///// ///// 0000.0 000 000 1.1e-021
05800 ///// ///// 0000.0 000 000 1.8e-021
05860 ///// ///// 0000.2 000 000 1.9e-021
05920 ///// ///// -000.2 000 000 5.4e-021
05980 ///// ///// 0000.0 000 000 3.7e-021
NNNN
