WNDROBS 01.20
57793 0114.3600 027.7900 00130.0 LC 20130629015000
ROBS
00100 081.0 001.3 -000.0 100 100 1.8e-021
00160 078.0 001.4 -000.0 100 100 2.6e-021
00220 077.0 001.6 -000.0 100 100 4.6e-021
00280 067.0 001.8 0000.1 100 100 6.4e-021
00340 098.0 002.3 -000.0 100 100 7.7e-021
00400 088.0 001.8 -000.0 100 100 4.2e-021
00460 086.0 001.3 -000.0 100 100 3.5e-021
00520 141.0 001.3 -000.3 100 100 5.3e-021
00580 217.0 001.5 0000.0 100 100 4.3e-021
00640 252.0 001.8 -000.1 100 100 1.3e-021
00700 237.0 007.2 -000.5 100 100 2.1e-021
00760 232.0 007.6 0000.3 100 100 3.0e-021
00820 225.0 007.2 0000.1 100 100 4.2e-021
00880 232.0 007.4 -001.1 100 100 3.5e-021
00940 215.0 007.0 0000.3 100 100 3.8e-021
01000 217.0 008.4 0000.8 100 100 5.6e-021
01060 222.0 010.0 0000.3 100 100 1.0e-021
01120 225.0 010.8 0000.3 100 100 1.5e-021
01180 227.0 011.4 0000.3 100 100 3.5e-021
01240 224.0 010.9 0000.5 100 100 4.7e-021
01300 228.0 011.9 0000.5 100 100 4.1e-021
01360 232.0 013.3 0000.5 100 100 4.0e-021
01420 236.0 013.8 0000.3 100 100 5.1e-021
01480 238.0 014.6 0000.4 100 100 7.8e-021
01540 239.0 015.6 0000.5 100 100 4.0e-021
01600 238.0 015.8 0000.6 100 100 4.8e-021
01660 238.0 016.5 0000.1 100 100 4.0e-021
01720 240.0 017.1 0000.5 100 100 3.8e-021
01780 239.0 016.2 0000.5 100 100 3.4e-021
01840 237.0 016.2 0000.5 100 100 2.2e-021
01900 236.0 016.0 0000.3 100 100 3.1e-021
01960 237.0 018.0 0000.4 100 100 3.8e-021
02020 248.0 015.1 0000.2 100 100 3.9e-021
02080 247.0 014.7 0000.5 100 100 2.8e-021
02140 243.0 013.2 0000.0 100 100 3.0e-021
02200 239.0 013.8 0000.4 100 100 3.6e-021
02260 239.0 014.4 0000.3 100 100 3.5e-021
02320 237.0 014.6 0000.4 100 100 3.5e-021
02380 236.0 014.8 0001.3 100 100 3.6e-021
02440 240.0 014.3 0000.0 100 100 1.7e-021
02500 235.0 015.1 0000.9 100 100 3.4e-021
02560 242.0 014.4 -000.0 100 100 2.7e-021
02620 238.0 012.5 0000.0 100 100 2.5e-021
02680 240.0 013.6 0000.0 100 100 2.2e-021
02740 240.0 013.7 0000.1 100 100 3.0e-021
02800 252.0 013.9 0000.0 100 100 1.7e-021
02860 246.0 014.6 -000.1 100 100 2.8e-021
02920 249.0 014.5 0000.0 100 100 1.8e-021
02980 ///// ///// 0000.0 000 000 1.5e-021
03040 ///// ///// 0000.0 000 000 9.0e-022
03100 ///// ///// -000.2 000 000 1.5e-021
03160 ///// ///// 0000.0 000 000 2.0e-022
03220 ///// ///// 0000.0 000 000 5.6e-022
03280 ///// ///// -000.1 000 000 9.1e-022
03340 ///// ///// -000.3 000 000 2.9e-021
03400 256.0 012.1 0000.0 100 100 7.7e-022
03460 256.0 012.0 0000.0 100 100 3.3e-021
03520 260.0 016.1 0000.0 100 100 2.6e-021
03580 270.0 019.9 -001.2 100 100 2.9e-021
03640 269.0 019.8 0000.0 100 100 5.3e-022
03700 277.0 018.0 0000.0 100 100 1.7e-021
03760 283.0 014.2 0000.0 100 100 2.4e-021
03820 283.0 010.6 0000.0 100 100 1.3e-021
03880 286.0 009.3 0000.0 100 100 1.6e-021
03940 287.0 008.9 0000.0 100 100 9.2e-022
04000 ///// ///// 0000.0 000 000 9.5e-022
04060 ///// ///// 0000.0 000 000 1.2e-021
04120 ///// ///// 0000.0 000 000 2.1e-021
04180 ///// ///// -001.1 000 000 2.6e-021
04240 ///// ///// 0000.0 000 000 2.3e-021
04300 ///// ///// 0000.0 000 000 4.9e-022
04360 ///// ///// 0000.9 000 000 3.0e-021
04420 ///// ///// 0000.0 000 000 3.2e-021
04480 ///// ///// 0000.0 000 000 2.9e-021
04540 ///// ///// -001.1 000 000 4.0e-021
04600 ///// ///// -000.7 000 000 3.0e-021
04660 ///// ///// -000.5 000 000 3.7e-021
04720 ///// ///// -000.7 000 000 3.5e-021
04780 ///// ///// 0000.0 000 000 1.5e-021
04840 ///// ///// 0000.0 000 000 2.9e-021
04900 ///// ///// -000.8 000 000 4.3e-021
04960 ///// ///// -000.9 000 000 6.7e-021
05020 ///// ///// -001.1 000 000 4.9e-021
05080 ///// ///// -000.3 000 000 2.4e-021
05140 ///// ///// 0000.0 000 000 4.8e-021
05200 ///// ///// -000.7 000 000 2.0e-021
05260 ///// ///// -000.5 000 000 4.8e-021
05320 ///// ///// 0000.1 000 000 6.4e-021
05380 ///// ///// 0000.0 000 000 3.4e-021
05440 ///// ///// 0000.5 000 000 6.3e-021
05500 ///// ///// 0000.4 000 000 2.0e-021
05560 ///// ///// -000.9 000 000 4.4e-021
05620 ///// ///// -000.3 000 000 2.5e-021
05680 ///// ///// 0000.0 000 000 5.1e-021
05740 ///// ///// -000.3 000 000 6.6e-021
05800 ///// ///// -000.2 000 000 6.6e-021
05860 ///// ///// -000.9 000 000 8.9e-021
05920 ///// ///// 0000.0 000 000 2.9e-021
05980 ///// ///// -000.2 000 000 2.6e-021
NNNN
