WNDROBS 01.20
57793 0114.3600 027.7900 00130.0 LC 20130629153500
ROBS
00100 125.0 004.7 0000.3 100 100 1.7e-020
00160 126.0 005.3 0000.4 100 100 3.9e-020
00220 123.0 006.2 0000.2 100 100 2.7e-020
00280 125.0 006.6 0000.1 100 100 1.7e-020
00340 132.0 006.4 0000.2 100 100 4.8e-020
00400 134.0 006.9 0000.1 100 100 1.4e-019
00460 145.0 007.6 0000.1 100 100 5.7e-020
00520 153.0 008.1 -000.1 100 100 8.6e-021
00580 163.0 010.4 -000.2 100 100 1.1e-020
00640 165.0 010.3 -000.2 100 100 1.6e-020
00700 171.0 010.3 -000.3 100 100 1.7e-020
00760 181.0 010.6 -000.2 100 100 1.0e-020
00820 180.0 011.0 -000.2 100 100 1.3e-020
00880 200.0 012.9 -000.3 100 100 2.1e-020
00940 183.0 012.8 -000.5 100 100 4.1e-020
01000 186.0 013.6 -000.5 100 100 7.5e-020
01060 186.0 013.1 -000.4 100 100 3.3e-020
01120 185.0 012.9 -000.4 100 100 3.6e-020
01180 185.0 011.4 -000.3 100 100 4.3e-020
01240 188.0 010.4 -000.3 100 100 5.2e-020
01300 186.0 009.1 -000.4 100 100 3.7e-020
01360 188.0 007.8 -000.5 100 100 2.8e-020
01420 189.0 007.9 -000.2 100 100 3.3e-020
01480 189.0 006.4 -000.2 100 100 4.9e-020
01540 194.0 005.3 -000.2 100 100 3.4e-020
01600 202.0 005.8 -000.1 100 100 3.1e-020
01660 204.0 006.8 -000.1 100 100 2.1e-020
01720 210.0 007.6 -000.4 100 100 1.5e-020
01780 212.0 008.7 -000.2 100 100 1.0e-020
01840 213.0 009.4 -000.1 100 100 8.1e-021
01900 219.0 010.1 -000.4 100 100 9.0e-021
01960 222.0 011.6 -000.2 100 100 1.1e-020
02020 224.0 011.4 -000.2 100 100 8.4e-021
02080 227.0 011.5 -000.3 100 100 8.9e-021
02140 229.0 012.3 -000.5 100 100 1.0e-020
02200 229.0 012.7 -000.3 100 100 1.1e-020
02260 227.0 011.8 -000.3 100 100 1.1e-020
02320 232.0 011.0 -000.2 100 100 5.8e-021
02380 231.0 010.5 -000.3 100 100 4.1e-021
02440 232.0 010.8 -000.5 100 100 3.6e-021
02500 230.0 010.8 -000.6 100 100 4.3e-021
02560 220.0 009.7 -000.3 100 100 6.0e-021
02620 221.0 009.8 -000.7 100 100 4.6e-021
02680 222.0 009.0 -000.1 100 100 4.0e-021
02740 222.0 009.4 -000.1 100 100 4.9e-021
02800 221.0 009.5 -000.1 100 100 5.6e-021
02860 218.0 010.0 0000.0 100 100 7.5e-021
02920 229.0 009.4 -000.3 100 100 1.1e-020
02980 230.0 009.9 -000.1 100 100 1.0e-020
03040 232.0 010.3 -000.2 100 100 5.9e-021
03100 234.0 008.9 0000.0 100 100 4.3e-021
03160 243.0 008.3 0000.0 100 100 8.5e-021
03220 234.0 009.1 0000.0 100 100 2.6e-021
03280 245.0 008.3 0000.0 100 100 4.1e-021
03340 246.0 008.4 0000.0 100 100 3.5e-021
03400 237.0 006.1 0000.0 100 100 1.7e-021
03460 241.0 007.0 0000.0 100 100 6.1e-022
03520 239.0 006.3 -001.0 100 100 1.9e-021
03580 238.0 006.3 0000.0 100 100 1.2e-021
03640 237.0 006.5 0000.0 100 100 2.1e-021
03700 201.0 003.6 -000.6 100 100 1.4e-021
03760 200.0 003.8 0000.0 100 100 2.1e-021
03820 134.0 005.5 0000.0 100 100 6.8e-022
03880 206.0 005.4 0000.0 100 100 3.7e-021
03940 188.0 005.7 0000.0 100 100 1.1e-021
04000 179.0 005.7 0000.0 100 100 1.4e-021
04060 ///// ///// 0000.0 000 000 9.4e-022
04120 149.0 006.5 0000.0 100 100 3.5e-021
04180 213.0 007.9 0000.0 100 100 8.6e-022
04240 196.0 006.6 -000.2 100 100 3.0e-021
04300 217.0 005.3 0000.1 100 100 3.4e-021
04360 202.0 006.6 0000.0 100 100 6.6e-021
04420 208.0 008.4 0000.1 100 100 1.8e-020
04480 209.0 008.7 0000.0 100 100 1.2e-020
04540 210.0 008.6 0000.1 100 100 1.7e-020
04600 214.0 008.4 0000.1 100 100 1.6e-020
04660 218.0 007.6 0000.2 100 100 1.2e-020
04720 218.0 009.0 0000.2 100 100 1.0e-020
04780 203.0 006.8 0000.0 100 100 4.0e-021
04840 ///// ///// -000.0 000 000 4.0e-021
04900 ///// ///// 0000.1 000 000 4.5e-021
04960 ///// ///// 0000.0 000 000 4.2e-021
05020 ///// ///// 0000.0 000 000 4.1e-022
05080 ///// ///// 0000.6 000 000 4.7e-021
05140 ///// ///// 0000.3 000 000 1.8e-021
05200 ///// ///// -000.4 000 000 3.1e-021
05260 ///// ///// 0000.0 000 000 3.7e-021
05320 ///// ///// 0000.0 000 000 3.9e-021
05380 ///// ///// 0000.0 000 000 2.2e-021
05440 ///// ///// 0001.3 000 000 4.8e-021
05500 ///// ///// 0000.0 000 000 4.4e-022
05560 ///// ///// 0000.0 000 000 4.8e-021
05620 ///// ///// 0000.0 000 000 2.5e-022
05680 ///// ///// -000.1 000 000 3.0e-021
05740 ///// ///// 0000.0 000 000 2.3e-021
05800 ///// ///// 0000.0 000 000 2.3e-021
05860 ///// ///// 0000.0 000 000 3.1e-021
05920 ///// ///// 0000.0 000 000 1.9e-021
05980 ///// ///// 0000.0 000 000 2.0e-021
NNNN
