WNDROBS 01.20
57793 0114.3600 027.7900 00130.0 LC 20130628061000
ROBS
00100 066.0 000.7 0006.2 100 100 1.4e-018
00160 012.0 001.0 0006.9 100 100 5.9e-018
00220 008.0 006.0 0006.8 100 100 3.8e-018
00280 005.0 006.1 0008.8 100 100 7.3e-018
00340 010.0 006.6 0008.4 100 100 7.8e-018
00400 001.0 007.7 0007.8 100 100 9.1e-018
00460 011.0 005.1 0007.2 100 100 6.7e-018
00520 044.0 003.0 0006.7 100 100 7.6e-018
00580 072.0 002.6 0006.2 100 100 6.9e-018
00640 046.0 001.4 0005.5 100 100 8.0e-018
00700 086.0 004.7 0005.4 100 100 8.9e-018
00760 102.0 002.9 0005.4 100 100 7.2e-018
00820 098.0 004.4 0008.6 100 100 8.1e-018
00880 198.0 004.6 0008.7 100 100 9.6e-018
00940 216.0 003.2 0008.2 100 100 1.1e-017
01000 237.0 004.8 0008.0 100 100 1.2e-017
01060 181.0 001.5 0003.5 100 100 2.1e-018
01120 191.0 003.4 0003.3 100 100 2.2e-018
01180 201.0 003.5 0003.3 100 100 2.4e-018
01240 272.0 001.6 0003.1 100 100 2.3e-018
01300 245.0 001.7 0004.6 100 100 2.3e-018
01360 231.0 002.1 0004.4 100 100 2.0e-018
01420 243.0 002.9 0004.7 100 100 2.1e-018
01480 247.0 005.5 0005.5 100 100 1.9e-018
01540 243.0 004.2 0005.0 100 100 2.0e-018
01600 233.0 004.1 0005.0 100 100 2.0e-018
01660 240.0 004.5 0005.2 100 100 1.9e-018
01720 243.0 005.9 0005.1 100 100 2.1e-018
01780 238.0 005.9 0005.2 100 100 2.1e-018
01840 237.0 006.5 0005.2 100 100 2.2e-018
01900 237.0 006.9 0005.0 100 100 2.1e-018
01960 240.0 006.4 0005.0 100 100 2.1e-018
02020 241.0 006.9 0005.1 100 100 2.1e-018
02080 244.0 007.0 0005.0 100 100 2.1e-018
02140 243.0 008.2 0005.1 100 100 2.4e-018
02200 238.0 009.4 0005.3 100 100 2.2e-018
02260 234.0 008.8 0000.0 100 100 1.5e-019
02320 228.0 009.0 0005.9 100 100 2.2e-018
02380 231.0 009.5 0005.7 100 100 2.4e-018
02440 238.0 013.4 0005.8 100 100 2.9e-018
02500 227.0 011.4 0005.9 100 100 2.5e-018
02560 218.0 010.0 0007.4 100 100 1.9e-018
02620 223.0 010.4 0006.2 100 100 2.6e-018
02680 226.0 011.6 0006.4 100 100 2.6e-018
02740 217.0 011.3 0006.4 100 100 2.6e-018
02800 234.0 013.0 0006.9 100 100 3.7e-018
02860 234.0 011.3 0006.8 100 100 3.5e-018
02920 219.0 021.6 0007.1 100 100 4.8e-018
02980 211.0 018.9 0007.2 100 100 4.4e-018
03040 226.0 023.8 0007.5 100 100 6.8e-018
03100 226.0 023.8 0007.4 100 100 7.0e-018
03160 235.0 022.6 0007.1 100 100 5.1e-018
03220 222.0 021.7 0007.1 100 100 6.2e-018
03280 224.0 023.9 0007.3 100 100 7.7e-018
03340 223.0 023.2 0007.1 100 100 8.2e-018
03400 223.0 021.7 0007.1 100 100 6.7e-018
03460 239.0 016.8 0007.3 100 100 6.9e-019
03520 250.0 017.9 0007.6 100 100 8.5e-018
03580 247.0 016.6 0007.6 100 100 8.7e-019
03640 252.0 016.7 0007.7 100 100 9.1e-018
03700 251.0 016.4 0007.6 100 100 1.0e-018
03760 256.0 016.7 0007.6 100 100 1.1e-017
03820 253.0 016.5 0007.9 100 100 1.1e-018
03880 255.0 017.4 0007.8 100 100 1.2e-017
03940 254.0 017.2 0007.8 100 100 1.2e-018
04000 260.0 016.9 0007.9 100 100 1.3e-017
04060 262.0 016.9 0008.2 100 100 1.2e-018
04120 247.0 016.4 0008.2 100 100 1.1e-017
04180 257.0 021.1 0008.0 100 100 1.4e-018
04240 258.0 022.3 0008.3 100 100 1.5e-017
04300 265.0 020.8 0007.9 100 100 1.7e-018
04360 268.0 020.0 0007.9 100 100 1.9e-017
04420 245.0 023.5 0008.1 100 100 2.4e-017
04480 243.0 023.6 0008.1 100 100 2.5e-017
04540 242.0 023.8 0008.3 100 100 2.4e-017
04600 245.0 022.8 0008.0 100 100 2.0e-018
04660 244.0 022.8 0007.5 100 100 2.4e-017
04720 243.0 018.4 0006.8 100 100 2.3e-018
04780 235.0 018.2 0000.0 100 100 6.1e-019
04840 231.0 023.2 0002.8 100 100 1.7e-017
04900 222.0 021.0 0002.8 100 100 1.9e-017
04960 230.0 020.1 0002.8 100 100 2.2e-017
05020 233.0 018.0 0002.9 100 100 2.5e-017
05080 233.0 018.2 0002.8 100 100 2.9e-017
05140 232.0 018.2 0002.6 100 100 2.8e-017
05200 231.0 018.8 0002.6 100 100 3.1e-017
05260 228.0 020.6 0002.6 100 100 2.8e-017
05320 228.0 019.4 0002.5 100 100 2.6e-017
05380 226.0 020.1 0002.3 100 100 2.0e-017
05440 228.0 019.4 0002.1 100 100 1.6e-017
05500 224.0 019.0 0001.9 100 100 1.1e-017
05560 228.0 018.4 0001.6 100 100 7.4e-018
05620 222.0 019.6 0001.4 100 100 5.2e-018
05680 222.0 018.1 0001.3 100 100 3.8e-018
05740 224.0 018.4 0001.2 100 100 2.8e-018
05800 222.0 018.5 0001.1 100 100 2.2e-018
05860 222.0 019.1 0001.0 100 100 1.8e-018
05920 220.0 019.9 0001.0 100 100 1.4e-018
05980 223.0 019.3 0000.9 100 100 1.2e-018
NNNN
