WNDROBS 01.20
57793 0114.3600 027.7900 00130.0 LC 20130629095500
ROBS
00100 076.0 005.2 0000.9 100 100 3.3e-021
00160 076.0 005.8 0001.0 100 100 9.1e-021
00220 078.0 007.6 0000.5 100 100 6.4e-021
00280 090.0 006.5 0000.1 100 100 8.7e-021
00340 108.0 005.9 0001.3 100 100 6.4e-021
00400 114.0 005.0 -000.2 100 100 1.2e-020
00460 139.0 005.2 -000.2 100 100 1.6e-020
00520 151.0 006.0 -000.3 100 100 4.7e-020
00580 154.0 007.0 -000.3 100 100 6.9e-020
00640 159.0 008.1 -000.3 100 100 6.9e-020
00700 157.0 010.0 -000.3 100 100 8.1e-020
00760 169.0 009.4 -000.2 100 100 9.5e-020
00820 178.0 008.6 -000.4 100 100 2.2e-020
00880 175.0 006.7 -000.4 100 100 7.2e-021
00940 204.0 005.1 -000.5 100 100 6.8e-021
01000 205.0 003.0 -000.1 100 100 4.9e-021
01060 202.0 003.4 -000.1 100 100 2.3e-021
01120 218.0 003.4 -000.3 100 100 1.1e-021
01180 226.0 003.1 -000.2 100 100 1.4e-021
01240 236.0 003.2 -000.3 100 100 3.7e-021
01300 235.0 003.8 -000.2 100 100 9.6e-021
01360 227.0 004.7 -000.1 100 100 1.6e-020
01420 226.0 005.9 -000.2 100 100 2.1e-020
01480 226.0 007.4 -000.4 100 100 8.7e-021
01540 229.0 008.3 -000.1 100 100 3.6e-021
01600 228.0 008.7 -000.1 100 100 4.3e-021
01660 224.0 009.6 -000.3 100 100 4.9e-021
01720 226.0 010.4 -000.0 100 100 5.1e-021
01780 225.0 010.6 -000.5 100 100 3.4e-021
01840 225.0 010.6 -000.3 100 100 3.3e-021
01900 228.0 010.8 -000.3 100 100 5.3e-021
01960 232.0 011.7 -000.3 100 100 1.2e-020
02020 231.0 011.2 -000.5 100 100 6.5e-021
02080 232.0 011.1 -000.2 100 100 7.0e-021
02140 233.0 011.0 -000.3 100 100 9.9e-021
02200 234.0 011.5 -000.3 100 100 5.3e-021
02260 237.0 012.1 0000.1 100 100 3.5e-021
02320 236.0 012.6 -000.3 100 100 2.4e-021
02380 234.0 013.1 -000.1 100 100 4.4e-021
02440 236.0 013.2 -000.3 100 100 6.6e-021
02500 237.0 013.2 -000.2 100 100 6.5e-021
02560 241.0 012.6 -000.3 100 100 9.0e-021
02620 239.0 012.5 -000.0 100 100 1.4e-020
02680 239.0 012.2 -000.1 100 100 1.2e-020
02740 238.0 012.1 0000.0 100 100 4.1e-021
02800 241.0 012.1 0000.0 100 100 2.5e-021
02860 239.0 011.5 0000.0 100 100 9.6e-022
02920 242.0 011.2 0000.0 100 100 2.5e-021
02980 243.0 011.3 -007.3 100 100 3.3e-021
03040 246.0 011.2 0000.0 100 100 9.1e-022
03100 254.0 010.8 0000.0 100 100 2.9e-021
03160 301.0 011.0 -002.4 100 100 2.7e-021
03220 246.0 006.4 0000.0 100 100 8.2e-022
03280 346.0 007.7 -000.1 100 100 2.2e-021
03340 338.0 007.4 0000.0 100 100 2.1e-021
03400 341.0 006.4 0000.0 100 100 3.1e-021
03460 341.0 007.4 -000.1 100 100 9.5e-022
03520 351.0 006.7 0000.0 100 100 2.1e-021
03580 009.0 004.8 0000.0 100 100 2.1e-021
03640 051.0 005.0 0000.0 100 100 1.3e-021
03700 060.0 005.9 -000.1 100 100 2.0e-021
03760 060.0 006.6 0000.0 100 100 2.9e-021
03820 043.0 004.8 0000.0 100 100 1.4e-021
03880 057.0 009.4 0000.0 100 100 2.2e-021
03940 ///// ///// 0000.0 000 000 2.2e-021
04000 ///// ///// 0000.0 000 000 3.3e-021
04060 ///// ///// -000.1 000 000 2.9e-021
04120 ///// ///// -000.2 000 000 1.0e-021
04180 ///// ///// 0000.2 000 000 3.0e-021
04240 ///// ///// 0000.0 000 000 3.4e-021
04300 ///// ///// 0000.0 000 000 4.2e-021
04360 ///// ///// 0000.3 000 000 5.1e-021
04420 ///// ///// 0000.2 000 000 7.2e-021
04480 ///// ///// 0000.1 000 000 1.7e-021
04540 ///// ///// 0000.1 000 000 8.4e-021
04600 ///// ///// -000.1 000 000 1.4e-020
04660 ///// ///// 0000.0 000 000 1.2e-020
04720 ///// ///// 0000.0 000 000 1.1e-020
04780 ///// ///// 0000.0 000 000 2.7e-021
04840 ///// ///// 0000.0 000 000 1.4e-021
04900 ///// ///// 0000.0 000 000 3.8e-021
04960 107.0 010.7 -001.1 100 100 4.5e-021
05020 219.0 004.2 0000.0 100 100 3.9e-021
05080 234.0 005.9 0000.0 100 100 1.6e-021
05140 250.0 010.8 0000.0 100 100 3.7e-021
05200 258.0 011.1 0000.0 100 100 3.4e-021
05260 260.0 010.7 0000.0 100 100 1.6e-021
05320 260.0 011.0 -001.1 100 100 5.0e-021
05380 272.0 010.4 -000.6 100 100 4.7e-021
05440 259.0 010.6 -000.1 100 100 3.1e-021
05500 249.0 011.9 0000.0 100 100 5.6e-021
05560 242.0 013.8 0000.0 100 100 5.2e-021
05620 251.0 013.7 -000.1 100 100 3.5e-021
05680 253.0 013.2 0000.0 100 100 4.0e-021
05740 252.0 007.8 0000.0 100 100 4.8e-021
05800 246.0 007.3 0000.0 100 100 5.6e-021
05860 251.0 013.1 0000.0 100 100 4.6e-021
05920 228.0 007.1 0000.0 100 100 1.9e-021
05980 215.0 006.5 0000.0 100 100 4.4e-021
NNNN
