WNDROBS 01.20
57793 0114.3600 027.7900 00130.0 LC 20130629035500
ROBS
00100 062.0 003.1 0000.0 100 100 3.7e-021
00160 064.0 003.4 0000.2 100 100 9.6e-021
00220 071.0 003.0 -000.0 100 100 8.4e-021
00280 072.0 003.3 -000.1 100 100 4.0e-021
00340 070.0 003.8 -000.3 100 100 5.0e-021
00400 099.0 003.3 -000.3 100 100 2.5e-021
00460 101.0 002.6 -000.2 100 100 1.8e-021
00520 135.0 002.0 -000.2 100 100 5.9e-021
00580 161.0 003.2 0000.0 100 100 3.5e-020
00640 170.0 003.7 -000.1 100 100 5.3e-020
00700 180.0 003.5 -000.2 100 100 9.8e-021
00760 222.0 004.1 -000.4 100 100 1.1e-020
00820 230.0 006.8 -000.1 100 100 3.9e-021
00880 229.0 007.3 -000.3 100 100 6.5e-021
00940 226.0 009.1 -000.0 100 100 9.0e-021
01000 229.0 010.2 -000.2 100 100 1.4e-020
01060 228.0 010.5 -000.3 100 100 5.4e-021
01120 230.0 011.3 -000.3 100 100 5.4e-021
01180 230.0 012.0 -000.2 100 100 4.1e-021
01240 233.0 012.7 -000.2 100 100 4.8e-021
01300 233.0 013.1 -000.4 100 100 7.9e-021
01360 235.0 013.8 -000.4 100 100 1.2e-020
01420 236.0 014.7 -000.4 100 100 1.7e-020
01480 238.0 015.4 -000.4 100 100 1.6e-020
01540 239.0 016.6 -000.4 100 100 7.6e-021
01600 248.0 016.3 -000.4 100 100 2.9e-021
01660 249.0 018.3 -000.3 100 100 1.8e-021
01720 247.0 019.0 -000.5 100 100 2.0e-021
01780 242.0 018.4 -000.6 100 100 1.6e-021
01840 251.0 017.4 -001.2 100 100 1.5e-021
01900 251.0 016.5 -000.3 100 100 1.8e-021
01960 244.0 015.8 -000.3 100 100 3.0e-021
02020 248.0 016.6 -000.5 100 100 2.3e-021
02080 249.0 016.5 0000.0 100 100 1.5e-021
02140 246.0 014.8 -000.2 100 100 3.2e-021
02200 246.0 015.0 0000.0 100 100 3.4e-021
02260 246.0 015.2 0000.0 100 100 3.3e-021
02320 246.0 015.3 0000.3 100 100 3.3e-021
02380 244.0 014.8 0000.0 100 100 1.2e-021
02440 243.0 013.9 -000.3 100 100 2.8e-021
02500 246.0 015.0 -001.0 100 100 2.5e-021
02560 248.0 013.2 -000.3 100 100 3.0e-021
02620 243.0 011.4 -000.7 100 100 3.6e-021
02680 246.0 013.7 0000.0 100 100 2.9e-021
02740 238.0 011.8 0000.0 100 100 2.0e-021
02800 238.0 011.9 0000.0 100 100 2.3e-021
02860 242.0 013.5 0000.0 100 100 2.2e-021
02920 233.0 009.9 -000.3 100 100 1.3e-021
02980 232.0 010.1 0000.0 100 100 2.3e-022
03040 243.0 012.5 0000.0 100 100 1.2e-021
03100 243.0 012.6 0000.0 100 100 1.8e-021
03160 267.0 011.7 0000.0 100 100 2.2e-021
03220 265.0 012.9 0000.1 100 100 2.5e-021
03280 241.0 012.3 -000.5 100 100 1.9e-021
03340 233.0 013.5 0000.0 100 100 1.5e-021
03400 233.0 013.6 0000.0 100 100 2.1e-021
03460 235.0 013.5 -000.2 100 100 1.9e-021
03520 235.0 013.5 0000.0 100 100 1.3e-021
03580 ///// ///// 0000.0 000 000 1.7e-021
03640 ///// ///// 0000.0 000 000 8.5e-022
03700 ///// ///// 0000.0 000 000 2.3e-021
03760 ///// ///// 0000.0 000 000 2.4e-021
03820 ///// ///// 0000.0 000 000 1.5e-021
03880 ///// ///// 0000.0 000 000 5.2e-022
03940 ///// ///// 0000.0 000 000 8.2e-022
04000 ///// ///// 0000.0 000 000 2.9e-021
04060 ///// ///// 0000.0 000 000 9.8e-022
04120 ///// ///// 0000.0 000 000 2.3e-021
04180 ///// ///// 0000.0 000 000 2.1e-021
04240 ///// ///// 0000.0 000 000 1.7e-021
04300 ///// ///// 0000.0 000 000 2.9e-021
04360 ///// ///// -000.2 000 000 4.9e-021
04420 233.0 009.9 -000.0 100 100 4.4e-021
04480 231.0 008.9 -000.0 100 100 7.0e-021
04540 233.0 009.6 0000.1 100 100 9.9e-021
04600 235.0 009.9 0000.1 100 100 1.1e-020
04660 238.0 010.1 0000.4 100 100 1.3e-020
04720 235.0 010.7 0000.1 100 100 9.1e-021
04780 ///// ///// 0000.4 000 000 5.8e-021
04840 ///// ///// -000.0 000 000 5.2e-021
04900 ///// ///// 0000.0 000 000 1.8e-021
04960 ///// ///// 0000.0 000 000 3.9e-021
05020 ///// ///// -000.1 000 000 6.9e-021
05080 ///// ///// 0000.5 000 000 6.0e-021
05140 ///// ///// 0000.0 000 000 1.7e-021
05200 ///// ///// 0000.2 000 000 6.3e-021
05260 ///// ///// -000.1 000 000 3.3e-021
05320 ///// ///// 0000.0 000 000 2.9e-021
05380 ///// ///// 0000.0 000 000 5.0e-021
05440 ///// ///// 0000.0 000 000 3.0e-021
05500 ///// ///// 0000.0 000 000 5.7e-021
05560 ///// ///// 0000.0 000 000 2.9e-021
05620 ///// ///// 0000.0 000 000 2.4e-022
05680 ///// ///// 0000.0 000 000 2.3e-021
05740 ///// ///// 0000.0 000 000 6.0e-021
05800 ///// ///// 0000.0 000 000 1.2e-021
05860 ///// ///// 0001.1 000 000 5.1e-021
05920 ///// ///// 0000.0 000 000 5.8e-021
05980 ///// ///// 0000.6 000 000 6.2e-021
NNNN
