WNDROBS 01.20
57793 0114.3600 027.7900 00130.0 LC 20130629031000
ROBS
00100 029.0 002.0 0000.2 100 100 1.1e-021
00160 054.0 001.4 0000.2 100 100 2.5e-021
00220 086.0 001.3 0000.2 100 100 3.6e-021
00280 086.0 002.1 0000.2 100 100 4.7e-021
00340 072.0 000.9 0000.1 100 100 4.2e-021
00400 076.0 001.1 0000.1 100 100 3.8e-021
00460 127.0 001.4 0000.1 100 100 5.7e-021
00520 140.0 001.5 0000.4 100 100 1.0e-020
00580 183.0 001.9 0000.3 100 100 1.6e-020
00640 217.0 002.0 0000.3 100 100 1.0e-020
00700 233.0 004.8 0000.2 100 100 1.1e-020
00760 233.0 006.7 0000.1 100 100 1.5e-020
00820 228.0 008.7 0000.0 100 100 2.0e-020
00880 227.0 010.0 -000.2 100 100 6.3e-021
00940 207.0 008.0 0000.0 100 100 4.8e-021
01000 208.0 007.8 -000.0 100 100 7.0e-021
01060 228.0 010.6 -000.2 100 100 1.6e-021
01120 229.0 011.0 -000.1 100 100 1.6e-021
01180 229.0 011.1 -000.1 100 100 2.1e-021
01240 241.0 012.0 0000.0 100 100 4.0e-021
01300 235.0 012.2 -000.1 100 100 6.5e-021
01360 234.0 013.6 -000.1 100 100 7.8e-021
01420 237.0 014.4 -000.0 100 100 1.4e-020
01480 236.0 015.3 -000.1 100 100 2.0e-020
01540 238.0 016.3 -000.2 100 100 2.0e-020
01600 239.0 017.5 -000.4 100 100 1.2e-020
01660 241.0 018.6 -000.3 100 100 9.1e-021
01720 243.0 017.9 -000.1 100 100 3.2e-021
01780 245.0 017.4 -000.3 100 100 2.2e-021
01840 244.0 017.3 0000.0 100 100 2.3e-021
01900 246.0 016.0 -000.0 100 100 1.8e-021
01960 244.0 015.9 -000.3 100 100 1.9e-021
02020 253.0 014.2 0000.0 100 100 5.6e-022
02080 255.0 016.0 0000.0 100 100 6.0e-022
02140 258.0 014.4 -000.2 100 100 2.5e-021
02200 246.0 014.8 0000.0 100 100 1.4e-021
02260 252.0 015.4 -000.6 100 100 1.8e-021
02320 251.0 014.8 0000.0 100 100 1.4e-021
02380 248.0 015.6 0000.4 100 100 2.0e-021
02440 247.0 014.7 0000.2 100 100 3.4e-021
02500 248.0 014.6 -000.1 100 100 2.4e-021
02560 244.0 015.4 -000.2 100 100 2.2e-021
02620 251.0 013.8 -001.2 100 100 1.4e-021
02680 243.0 015.3 -000.1 100 100 2.2e-021
02740 240.0 015.8 0000.0 100 100 9.0e-022
02800 248.0 015.1 0000.0 100 100 6.8e-022
02860 249.0 016.6 0000.0 100 100 2.0e-021
02920 247.0 017.3 0000.0 100 100 2.3e-021
02980 241.0 014.1 0000.2 100 100 2.1e-021
03040 232.0 011.9 0000.0 100 100 2.6e-021
03100 238.0 012.1 0000.0 100 100 2.1e-021
03160 243.0 009.8 0000.0 100 100 5.5e-022
03220 249.0 009.6 0000.0 100 100 1.5e-021
03280 251.0 009.6 -000.1 100 100 1.9e-021
03340 243.0 010.1 0000.0 100 100 2.0e-021
03400 ///// ///// 0000.0 000 000 1.7e-021
03460 ///// ///// 0001.1 000 000 1.8e-021
03520 ///// ///// 0000.0 000 000 2.6e-022
03580 ///// ///// 0000.0 000 000 1.2e-021
03640 ///// ///// 0000.7 000 000 2.3e-021
03700 ///// ///// -000.1 000 000 1.8e-021
03760 ///// ///// 0000.0 000 000 1.9e-021
03820 ///// ///// 0000.0 000 000 1.5e-021
03880 ///// ///// -000.1 000 000 2.0e-021
03940 ///// ///// 0000.0 000 000 1.7e-021
04000 ///// ///// -000.1 000 000 2.4e-021
04060 ///// ///// -000.2 000 000 2.9e-021
04120 ///// ///// 0000.0 000 000 2.8e-021
04180 ///// ///// -000.0 000 000 3.7e-021
04240 ///// ///// 0000.0 000 000 1.7e-021
04300 ///// ///// 0000.0 000 000 2.7e-021
04360 ///// ///// 0000.0 000 000 1.2e-021
04420 ///// ///// 0000.3 000 000 4.2e-021
04480 ///// ///// 0001.0 000 000 5.2e-021
04540 ///// ///// 0000.0 000 000 1.5e-021
04600 ///// ///// 0000.0 000 000 2.7e-021
04660 ///// ///// 0000.0 000 000 4.7e-021
04720 ///// ///// 0001.1 000 000 7.7e-021
04780 ///// ///// 0001.1 000 000 2.5e-021
04840 ///// ///// 0000.0 000 000 5.2e-021
04900 ///// ///// 0000.0 000 000 2.4e-021
04960 ///// ///// 0000.0 000 000 2.9e-021
05020 ///// ///// 0000.0 000 000 3.0e-021
05080 ///// ///// 0000.0 000 000 2.3e-021
05140 ///// ///// 0000.0 000 000 1.7e-021
05200 ///// ///// 0000.7 000 000 5.8e-021
05260 ///// ///// 0000.3 000 000 4.5e-021
05320 ///// ///// 0000.6 000 000 4.4e-021
05380 ///// ///// 0000.0 000 000 1.7e-021
05440 ///// ///// 0000.0 000 000 4.1e-021
05500 ///// ///// 0000.0 000 000 4.1e-021
05560 ///// ///// 0000.0 000 000 2.3e-021
05620 ///// ///// 0000.0 000 000 1.9e-021
05680 ///// ///// 0000.0 000 000 2.0e-021
05740 ///// ///// -000.3 000 000 3.4e-021
05800 ///// ///// 0000.0 000 000 3.4e-021
05860 ///// ///// 0000.0 000 000 7.2e-022
05920 ///// ///// 0000.0 000 000 2.6e-021
05980 ///// ///// 0000.0 000 000 4.0e-021
NNNN
