WNDROBS 01.20
57793 0114.3600 027.7900 00130.0 LC 20130629200000
ROBS
00100 146.0 005.2 0000.4 100 100 1.6e-021
00160 124.0 005.7 0000.5 100 100 9.6e-021
00220 139.0 006.0 0000.2 100 100 5.1e-021
00280 135.0 003.7 0000.3 100 100 5.9e-021
00340 148.0 003.5 0000.1 100 100 9.0e-021
00400 157.0 003.7 -000.1 100 100 1.1e-020
00460 154.0 004.2 0000.1 100 100 2.3e-020
00520 160.0 006.8 0000.0 100 100 1.0e-019
00580 166.0 007.2 -000.3 100 100 1.5e-019
00640 167.0 008.0 -000.3 100 100 1.7e-019
00700 178.0 007.7 -000.4 100 100 1.6e-019
00760 181.0 007.3 -000.4 100 100 1.3e-019
00820 189.0 007.2 -000.1 100 100 7.8e-020
00880 189.0 004.7 0000.2 100 100 3.1e-020
00940 221.0 007.3 0000.2 100 100 9.8e-021
01000 210.0 004.1 0000.3 100 100 2.2e-020
01060 194.0 002.1 0000.1 100 100 8.2e-021
01120 219.0 002.6 -000.1 100 100 8.7e-021
01180 207.0 003.1 0000.0 100 100 6.7e-021
01240 214.0 004.1 -000.1 100 100 5.3e-021
01300 223.0 005.2 0000.1 100 100 3.9e-021
01360 220.0 005.7 0000.0 100 100 2.7e-021
01420 220.0 006.7 -000.1 100 100 2.9e-021
01480 220.0 007.6 0000.2 100 100 3.0e-021
01540 223.0 008.8 0000.1 100 100 2.3e-021
01600 221.0 009.8 0000.3 100 100 2.3e-021
01660 218.0 011.2 0000.0 100 100 2.7e-021
01720 223.0 011.7 0000.2 100 100 3.8e-021
01780 221.0 013.4 0000.2 100 100 5.0e-021
01840 223.0 012.5 0000.2 100 100 4.2e-021
01900 221.0 011.6 0000.3 100 100 2.7e-021
01960 216.0 011.2 0000.2 100 100 3.5e-021
02020 218.0 010.2 0000.4 100 100 5.0e-021
02080 213.0 010.0 0000.6 100 100 3.8e-021
02140 218.0 010.1 0000.0 100 100 1.4e-021
02200 214.0 009.7 0000.0 100 100 3.4e-021
02260 218.0 008.8 0000.0 100 100 8.0e-022
02320 217.0 008.7 0000.0 100 100 2.3e-021
02380 219.0 008.4 0000.1 100 100 2.6e-021
02440 208.0 007.3 -000.1 100 100 1.8e-021
02500 204.0 008.1 -000.0 100 100 1.7e-021
02560 203.0 008.1 0000.1 100 100 2.0e-021
02620 201.0 008.6 -000.8 100 100 2.9e-021
02680 208.0 009.1 0000.0 100 100 2.2e-021
02740 201.0 008.9 0000.0 100 100 3.2e-021
02800 207.0 009.3 -000.4 100 100 3.2e-021
02860 206.0 008.9 0000.1 100 100 3.5e-021
02920 204.0 008.4 0000.0 100 100 9.5e-022
02980 208.0 007.7 0000.0 100 100 2.2e-021
03040 206.0 007.9 0000.1 100 100 3.1e-021
03100 207.0 008.2 0000.4 100 100 3.0e-021
03160 210.0 007.7 0000.1 100 100 2.7e-021
03220 217.0 006.7 0000.9 100 100 2.6e-021
03280 227.0 006.6 0000.1 100 100 3.5e-021
03340 247.0 006.3 0000.0 100 100 2.4e-021
03400 238.0 004.5 0000.9 100 100 2.4e-021
03460 213.0 006.8 -000.1 100 100 4.1e-021
03520 223.0 009.1 0000.1 100 100 6.8e-021
03580 218.0 011.4 0000.2 100 100 1.3e-020
03640 218.0 010.0 0000.1 100 100 1.6e-020
03700 214.0 010.1 0000.1 100 100 1.2e-020
03760 213.0 010.3 0000.7 100 100 1.6e-020
03820 214.0 010.1 0000.8 100 100 1.5e-020
03880 210.0 010.3 0001.0 100 100 1.4e-020
03940 213.0 009.3 0000.6 100 100 1.7e-020
04000 213.0 009.6 0000.3 100 100 2.7e-020
04060 220.0 010.1 0000.1 100 100 4.4e-020
04120 213.0 009.5 0000.3 100 100 4.6e-020
04180 214.0 010.5 0000.1 100 100 7.0e-020
04240 214.0 010.7 0000.2 100 100 3.9e-020
04300 214.0 010.9 0000.3 100 100 1.8e-020
04360 216.0 011.2 0000.3 100 100 1.1e-020
04420 223.0 010.7 0000.0 100 100 6.8e-021
04480 229.0 011.3 0000.0 100 100 7.6e-021
04540 229.0 010.1 0000.0 100 100 8.8e-021
04600 228.0 010.8 0000.0 100 100 9.1e-021
04660 227.0 011.3 0000.0 100 100 5.0e-021
04720 ///// ///// 0000.0 000 000 1.0e-021
04780 ///// ///// 0000.7 000 000 3.7e-021
04840 ///// ///// 0000.0 000 000 3.1e-021
04900 ///// ///// -000.1 000 000 2.1e-021
04960 ///// ///// 0000.0 000 000 3.8e-021
05020 ///// ///// 0000.0 000 000 3.9e-021
05080 ///// ///// 0000.0 000 000 4.4e-021
05140 ///// ///// -000.3 000 000 3.9e-021
05200 ///// ///// -000.3 000 000 6.9e-021
05260 ///// ///// 0000.0 000 000 2.5e-021
05320 ///// ///// -000.1 000 000 8.3e-021
05380 ///// ///// -000.2 000 000 1.0e-020
05440 ///// ///// 0000.0 000 000 2.9e-021
05500 ///// ///// 0000.0 000 000 7.2e-021
05560 ///// ///// 0000.0 000 000 6.2e-021
05620 ///// ///// 0000.0 000 000 1.9e-021
05680 ///// ///// 0000.0 000 000 3.0e-021
05740 ///// ///// -000.2 000 000 6.2e-021
05800 ///// ///// 0000.0 000 000 8.9e-022
05860 ///// ///// 0000.0 000 000 2.9e-021
05920 ///// ///// 0000.0 000 000 3.4e-021
05980 ///// ///// 0000.0 000 000 6.2e-021
NNNN
