WNDROBS 01.20
57793 0114.3600 027.7900 00130.0 LC 20130629231500
ROBS
00100 158.0 005.8 -000.2 100 100 1.9e-021
00160 157.0 006.2 -000.2 100 100 4.0e-021
00220 151.0 005.4 -000.2 100 100 6.9e-021
00280 150.0 004.0 -000.3 100 100 2.5e-020
00340 162.0 004.1 -000.2 100 100 2.9e-020
00400 161.0 005.6 -000.2 100 100 4.1e-020
00460 170.0 006.8 -000.1 100 100 6.2e-020
00520 175.0 008.5 -000.1 100 100 2.6e-019
00580 176.0 006.7 0000.0 100 100 1.9e-019
00640 176.0 004.4 0000.2 100 100 1.1e-019
00700 216.0 002.0 0000.2 100 100 7.3e-020
00760 193.0 002.8 0000.3 100 100 2.5e-020
00820 239.0 001.6 0000.2 100 100 7.6e-021
00880 234.0 001.7 -000.1 100 100 1.0e-020
00940 227.0 002.8 -000.1 100 100 8.3e-021
01000 233.0 003.9 -000.1 100 100 6.6e-021
01060 236.0 003.8 0000.0 100 100 2.7e-021
01120 230.0 004.9 -000.1 100 100 1.8e-021
01180 225.0 006.1 -000.1 100 100 1.6e-021
01240 222.0 006.9 -000.9 100 100 1.8e-021
01300 220.0 007.6 -001.2 100 100 2.2e-021
01360 221.0 008.5 -000.1 100 100 3.7e-021
01420 222.0 009.0 -000.4 100 100 3.5e-021
01480 224.0 009.8 -000.2 100 100 4.1e-021
01540 224.0 009.8 -000.2 100 100 3.6e-021
01600 232.0 012.2 0000.1 100 100 1.2e-020
01660 231.0 012.2 -000.2 100 100 1.8e-020
01720 229.0 011.4 -000.4 100 100 1.2e-020
01780 228.0 011.6 -000.5 100 100 1.1e-020
01840 231.0 012.2 -000.1 100 100 5.2e-021
01900 230.0 010.1 -000.0 100 100 3.2e-021
01960 234.0 011.3 0000.0 100 100 1.8e-021
02020 235.0 011.4 0000.0 100 100 1.8e-021
02080 235.0 012.3 0000.0 100 100 2.1e-021
02140 232.0 011.4 -000.3 100 100 2.9e-021
02200 239.0 008.8 0000.0 100 100 1.3e-021
02260 239.0 008.9 0000.0 100 100 1.6e-021
02320 233.0 009.5 0000.0 100 100 1.5e-021
02380 227.0 010.4 -000.3 100 100 2.1e-021
02440 219.0 008.6 0000.0 100 100 2.2e-021
02500 215.0 009.4 0000.0 100 100 2.1e-021
02560 214.0 008.7 0000.0 100 100 2.9e-021
02620 216.0 008.9 0000.0 100 100 8.0e-022
02680 227.0 006.8 0000.0 100 100 8.0e-022
02740 224.0 006.7 0000.0 100 100 2.1e-021
02800 223.0 006.8 -000.2 100 100 2.4e-021
02860 215.0 008.5 0000.0 100 100 3.4e-021
02920 212.0 008.5 0000.0 100 100 9.6e-022
02980 214.0 009.1 -000.2 100 100 5.4e-021
03040 214.0 008.9 -000.1 100 100 9.3e-021
03100 212.0 008.7 -000.1 100 100 8.9e-021
03160 208.0 008.6 0000.0 100 100 9.1e-021
03220 209.0 008.3 0000.0 100 100 5.4e-021
03280 207.0 008.6 0000.0 100 100 4.4e-021
03340 207.0 008.7 0000.0 100 100 4.3e-021
03400 207.0 009.1 0000.0 100 100 4.7e-021
03460 208.0 008.6 0000.3 100 100 3.1e-021
03520 210.0 008.1 0000.0 100 100 4.3e-021
03580 204.0 008.5 0000.0 100 100 4.1e-021
03640 205.0 008.4 0000.0 100 100 4.2e-021
03700 202.0 008.7 0000.0 100 100 2.9e-021
03760 170.0 007.8 0000.0 100 100 3.1e-021
03820 203.0 007.9 0000.0 100 100 3.7e-021
03880 200.0 009.1 0000.0 100 100 3.5e-021
03940 197.0 010.2 0000.0 100 100 2.1e-021
04000 203.0 008.3 0000.0 100 100 3.0e-021
04060 208.0 007.9 0000.0 100 100 2.8e-021
04120 ///// ///// 0000.0 000 000 2.5e-021
04180 205.0 004.6 -000.7 100 100 7.4e-022
04240 236.0 006.8 0000.0 100 100 4.6e-021
04300 235.0 007.7 0000.0 100 100 7.1e-021
04360 242.0 007.9 -000.1 100 100 6.4e-021
04420 250.0 009.2 0000.2 100 100 9.4e-021
04480 245.0 007.8 0000.0 100 100 5.7e-021
04540 245.0 008.3 -000.6 100 100 9.7e-021
04600 242.0 008.0 0000.0 100 100 9.1e-021
04660 240.0 007.5 0000.5 100 100 1.0e-020
04720 240.0 010.2 0000.0 100 100 9.1e-021
04780 250.0 013.0 0000.0 100 100 3.8e-021
04840 253.0 010.3 -000.1 100 100 3.2e-021
04900 254.0 009.6 0000.0 100 100 1.3e-020
04960 247.0 007.8 0000.1 100 100 3.4e-020
05020 244.0 008.0 0000.2 100 100 2.4e-020
05080 246.0 008.1 0000.4 100 100 3.0e-020
05140 243.0 008.5 0000.0 100 100 2.2e-020
05200 251.0 007.7 0000.0 100 100 2.5e-020
05260 248.0 008.8 0000.0 100 100 2.4e-020
05320 245.0 008.2 0000.0 100 100 1.9e-020
05380 243.0 009.1 0000.0 100 100 1.3e-020
05440 ///// ///// 0000.0 000 000 1.4e-021
05500 ///// ///// 0000.0 000 000 4.6e-021
05560 ///// ///// 0000.0 000 000 4.2e-021
05620 ///// ///// 0000.0 000 000 4.8e-021
05680 ///// ///// 0000.0 000 000 4.9e-021
05740 ///// ///// 0000.0 000 000 4.1e-021
05800 ///// ///// 0000.0 000 000 2.0e-021
05860 ///// ///// 0000.0 000 000 9.4e-022
05920 ///// ///// 0000.0 000 000 4.8e-021
05980 ///// ///// 0000.0 000 000 5.5e-021
NNNN
