WNDROBS 01.20
57793 0114.3600 027.7900 00130.0 LC 20130629073000
ROBS
00100 133.0 002.3 0000.4 100 100 6.1e-021
00160 129.0 002.3 0000.5 100 100 1.3e-020
00220 076.0 004.7 0000.2 100 100 1.1e-020
00280 061.0 003.1 0000.1 100 100 6.2e-021
00340 070.0 003.4 -000.0 100 100 6.3e-021
00400 076.0 005.8 -000.0 100 100 3.4e-021
00460 074.0 005.0 -000.2 100 100 4.5e-021
00520 080.0 004.8 -000.1 100 100 3.7e-021
00580 091.0 003.5 -000.1 100 100 6.0e-021
00640 131.0 005.0 -000.2 100 100 1.3e-020
00700 149.0 005.0 -000.2 100 100 3.0e-020
00760 160.0 004.6 -000.4 100 100 1.0e-019
00820 164.0 003.9 -000.3 100 100 9.0e-020
00880 151.0 002.5 -000.1 100 100 4.5e-020
00940 150.0 002.4 -000.0 100 100 4.8e-020
01000 203.0 002.6 -000.1 100 100 6.1e-020
01060 214.0 002.2 -000.0 100 100 2.7e-020
01120 233.0 003.4 -000.1 100 100 2.0e-020
01180 243.0 004.8 -000.0 100 100 2.1e-020
01240 243.0 005.7 -000.1 100 100 1.0e-020
01300 240.0 006.6 -000.0 100 100 1.2e-020
01360 237.0 007.3 -000.1 100 100 1.3e-020
01420 236.0 008.0 -000.0 100 100 1.0e-020
01480 235.0 008.7 -000.0 100 100 1.1e-020
01540 235.0 009.2 -000.0 100 100 1.0e-020
01600 237.0 010.6 -000.2 100 100 1.1e-020
01660 240.0 011.4 -000.2 100 100 5.3e-021
01720 240.0 012.1 -000.1 100 100 4.4e-021
01780 239.0 011.6 -000.2 100 100 3.8e-021
01840 239.0 010.6 -000.3 100 100 2.6e-021
01900 238.0 011.2 0000.2 100 100 2.6e-021
01960 241.0 011.4 -000.2 100 100 4.4e-021
02020 239.0 011.6 0000.4 100 100 5.5e-021
02080 239.0 011.4 0000.0 100 100 5.7e-021
02140 238.0 010.0 0000.1 100 100 8.2e-021
02200 243.0 011.4 0000.3 100 100 9.8e-021
02260 243.0 011.8 0000.5 100 100 1.6e-020
02320 240.0 011.8 0000.6 100 100 2.0e-020
02380 240.0 012.1 0000.7 100 100 3.7e-020
02440 244.0 013.2 0000.7 100 100 4.8e-020
02500 242.0 012.1 0000.2 100 100 3.5e-020
02560 241.0 013.1 0000.1 100 100 1.5e-020
02620 247.0 012.5 0000.1 100 100 1.0e-020
02680 249.0 013.5 0000.0 100 100 6.6e-021
02740 231.0 011.0 -000.1 100 100 7.8e-021
02800 249.0 010.9 0000.6 100 100 6.4e-021
02860 235.0 010.6 0000.3 100 100 7.6e-021
02920 234.0 010.8 0000.3 100 100 6.2e-021
02980 234.0 010.9 0000.0 100 100 3.8e-021
03040 234.0 010.7 0000.0 100 100 3.4e-021
03100 231.0 009.8 0000.0 100 100 4.9e-021
03160 240.0 012.5 0000.0 100 100 2.8e-021
03220 246.0 016.8 0000.0 100 100 2.8e-021
03280 242.0 013.9 -000.4 100 100 3.4e-021
03340 ///// ///// 0000.0 000 000 1.2e-021
03400 ///// ///// 0000.0 000 000 1.8e-021
03460 ///// ///// 0000.0 000 000 2.7e-021
03520 ///// ///// 0000.0 000 000 3.3e-021
03580 ///// ///// -001.0 000 000 2.6e-021
03640 ///// ///// 0000.0 000 000 1.9e-021
03700 ///// ///// 0000.0 000 000 3.2e-021
03760 ///// ///// 0000.0 000 000 2.2e-021
03820 ///// ///// 0000.0 000 000 7.5e-022
03880 ///// ///// -000.3 000 000 2.3e-021
03940 ///// ///// 0000.0 000 000 1.9e-021
04000 ///// ///// -000.6 000 000 2.3e-021
04060 ///// ///// 0001.3 000 000 1.7e-021
04120 ///// ///// 0000.0 000 000 2.1e-021
04180 ///// ///// 0000.7 000 000 9.1e-022
04240 ///// ///// 0002.2 000 000 3.0e-021
04300 ///// ///// 0000.0 000 000 2.3e-021
04360 ///// ///// -001.2 000 000 2.9e-021
04420 ///// ///// 0000.9 000 000 4.2e-021
04480 ///// ///// 0000.0 000 000 1.3e-021
04540 ///// ///// 0000.0 000 000 1.2e-021
04600 ///// ///// 0000.0 000 000 5.7e-022
04660 ///// ///// 0000.0 000 000 2.6e-021
04720 ///// ///// 0000.0 000 000 2.3e-021
04780 ///// ///// 0000.0 000 000 1.3e-021
04840 ///// ///// 0000.0 000 000 4.3e-021
04900 ///// ///// 0000.0 000 000 1.4e-021
04960 ///// ///// 0000.0 000 000 2.7e-021
05020 ///// ///// 0000.0 000 000 1.1e-021
05080 ///// ///// 0000.0 000 000 3.5e-021
05140 ///// ///// 0000.0 000 000 3.9e-021
05200 ///// ///// 0000.0 000 000 1.3e-021
05260 ///// ///// 0000.0 000 000 3.5e-021
05320 ///// ///// -001.3 000 000 1.2e-021
05380 ///// ///// -001.3 000 000 3.9e-021
05440 ///// ///// 0000.0 000 000 3.4e-021
05500 ///// ///// 0000.0 000 000 1.9e-021
05560 ///// ///// 0000.0 000 000 4.6e-021
05620 ///// ///// 0000.0 000 000 3.4e-021
05680 ///// ///// 0000.0 000 000 2.5e-021
05740 ///// ///// 0000.0 000 000 4.3e-021
05800 ///// ///// 0000.0 000 000 2.0e-021
05860 ///// ///// 0000.0 000 000 2.2e-021
05920 ///// ///// 0000.0 000 000 5.0e-021
05980 ///// ///// -000.5 000 000 2.0e-021
NNNN
