WNDROBS 01.20
57793 0114.3600 027.7900 00130.0 LC 20130629020000
ROBS
00100 074.0 001.8 -000.1 100 100 1.5e-021
00160 058.0 002.2 -000.1 100 100 2.9e-021
00220 074.0 002.2 -000.2 100 100 5.0e-021
00280 073.0 003.4 -000.1 100 100 4.8e-021
00340 073.0 001.7 0000.1 100 100 5.1e-021
00400 094.0 001.8 -000.0 100 100 3.0e-021
00460 113.0 001.7 -000.2 100 100 4.0e-021
00520 149.0 001.6 -000.2 100 100 1.0e-020
00580 156.0 001.8 -000.1 100 100 7.2e-021
00640 241.0 004.4 -000.0 100 100 4.2e-021
00700 236.0 005.2 -000.5 100 100 5.8e-021
00760 238.0 007.9 0000.0 100 100 3.3e-021
00820 239.0 007.8 0000.1 100 100 6.6e-021
00880 225.0 009.6 0000.2 100 100 6.1e-021
00940 227.0 010.2 -000.3 100 100 1.0e-020
01000 226.0 010.5 0000.2 100 100 1.0e-020
01060 224.0 010.8 -000.1 100 100 1.9e-021
01120 227.0 010.8 -000.1 100 100 3.0e-021
01180 227.0 011.3 -000.2 100 100 4.6e-021
01240 228.0 012.3 -000.3 100 100 5.5e-021
01300 229.0 013.2 -000.1 100 100 5.4e-021
01360 233.0 013.6 0000.0 100 100 6.5e-021
01420 235.0 014.0 0000.1 100 100 8.5e-021
01480 237.0 015.3 0000.0 100 100 4.6e-021
01540 235.0 016.5 0000.0 100 100 1.8e-021
01600 230.0 017.6 0000.1 100 100 2.0e-021
01660 226.0 018.3 0000.2 100 100 2.2e-021
01720 232.0 017.4 -000.3 100 100 2.3e-021
01780 238.0 016.9 -000.0 100 100 1.9e-021
01840 236.0 016.2 -000.1 100 100 1.6e-021
01900 238.0 016.0 -000.1 100 100 2.2e-021
01960 239.0 015.2 -000.1 100 100 5.1e-021
02020 242.0 015.5 0000.1 100 100 4.4e-021
02080 242.0 014.9 0000.0 100 100 3.3e-021
02140 242.0 014.8 0000.0 100 100 1.9e-021
02200 247.0 013.8 -000.2 100 100 2.1e-021
02260 238.0 014.1 -000.2 100 100 3.3e-021
02320 238.0 014.2 0000.3 100 100 4.2e-021
02380 239.0 014.3 0000.2 100 100 3.1e-021
02440 238.0 014.1 0000.0 100 100 3.2e-021
02500 237.0 013.7 0000.0 100 100 2.3e-021
02560 228.0 014.9 0000.0 100 100 1.7e-021
02620 230.0 013.5 0000.0 100 100 2.0e-021
02680 229.0 013.6 -000.4 100 100 2.1e-021
02740 238.0 017.9 0000.0 100 100 3.6e-022
02800 249.0 016.5 0000.0 100 100 1.6e-021
02860 234.0 015.0 0000.0 100 100 1.3e-021
02920 252.0 015.8 0000.0 100 100 1.0e-021
02980 ///// ///// 0000.0 000 000 2.3e-021
03040 ///// ///// -000.2 000 000 2.0e-021
03100 ///// ///// 0000.0 000 000 1.2e-021
03160 ///// ///// 0000.0 000 000 1.2e-021
03220 ///// ///// 0000.1 000 000 1.7e-021
03280 ///// ///// -000.5 000 000 1.8e-021
03340 ///// ///// -000.6 000 000 2.2e-021
03400 ///// ///// 0000.0 000 000 1.6e-021
03460 ///// ///// 0000.3 000 000 3.3e-021
03520 ///// ///// -000.2 000 000 4.2e-021
03580 ///// ///// 0000.0 000 000 1.6e-021
03640 ///// ///// 0000.0 000 000 1.1e-021
03700 ///// ///// -000.9 000 000 2.3e-021
03760 ///// ///// 0000.0 000 000 2.5e-021
03820 255.0 010.3 0000.1 100 100 2.5e-021
03880 252.0 009.2 0000.0 100 100 2.8e-021
03940 ///// ///// 0000.0 000 000 8.4e-022
04000 ///// ///// 0000.0 000 000 2.3e-021
04060 ///// ///// 0000.0 000 000 7.9e-022
04120 ///// ///// -001.3 000 000 2.4e-021
04180 ///// ///// 0000.3 000 000 2.7e-021
04240 ///// ///// 0000.2 000 000 1.6e-021
04300 ///// ///// 0000.5 000 000 1.3e-021
04360 ///// ///// 0000.3 000 000 4.0e-021
04420 ///// ///// 0000.0 000 000 2.0e-021
04480 ///// ///// 0000.0 000 000 2.9e-021
04540 ///// ///// 0000.0 000 000 2.6e-021
04600 ///// ///// 0000.0 000 000 2.9e-021
04660 ///// ///// 0000.2 000 000 5.2e-021
04720 ///// ///// 0000.5 000 000 6.4e-021
04780 ///// ///// 0000.0 000 000 2.5e-021
04840 ///// ///// 0000.0 000 000 2.0e-021
04900 ///// ///// 0000.0 000 000 4.8e-021
04960 ///// ///// 0000.6 000 000 3.4e-021
05020 ///// ///// 0000.5 000 000 3.3e-021
05080 ///// ///// 0000.9 000 000 4.0e-021
05140 ///// ///// 0000.0 000 000 2.9e-021
05200 ///// ///// 0000.0 000 000 7.4e-022
05260 ///// ///// 0000.1 000 000 3.9e-021
05320 ///// ///// 0001.1 000 000 5.0e-021
05380 ///// ///// 0000.1 000 000 3.3e-021
05440 ///// ///// 0000.0 000 000 1.4e-021
05500 ///// ///// -001.1 000 000 4.9e-021
05560 ///// ///// -000.1 000 000 4.7e-021
05620 ///// ///// 0000.0 000 000 3.3e-021
05680 ///// ///// 0000.0 000 000 2.4e-021
05740 ///// ///// 0000.0 000 000 2.6e-021
05800 ///// ///// -001.2 000 000 5.9e-021
05860 ///// ///// -000.7 000 000 4.5e-021
05920 ///// ///// 0001.5 000 000 6.7e-021
05980 ///// ///// 0000.0 000 000 4.0e-021
NNNN
