WNDROBS 01.20
57793 0114.3600 027.7900 00130.0 LC 20130629234000
ROBS
00100 130.0 006.2 -000.3 100 100 3.1e-021
00160 130.0 006.9 -000.3 100 100 6.7e-021
00220 127.0 004.0 -000.3 100 100 1.2e-020
00280 141.0 003.5 -000.3 100 100 1.5e-020
00340 149.0 003.6 -000.2 100 100 2.6e-020
00400 163.0 005.7 -000.2 100 100 7.5e-020
00460 161.0 007.5 -000.4 100 100 1.5e-019
00520 165.0 007.1 -000.4 100 100 3.7e-019
00580 165.0 005.3 -000.5 100 100 3.0e-019
00640 187.0 003.5 0000.1 100 100 2.7e-019
00700 206.0 003.4 0000.0 100 100 2.0e-019
00760 224.0 002.7 0000.1 100 100 4.4e-020
00820 240.0 002.4 0000.0 100 100 7.1e-021
00880 240.0 003.5 0000.1 100 100 1.4e-020
00940 232.0 004.6 0000.1 100 100 1.2e-020
01000 225.0 004.5 0000.2 100 100 5.1e-021
01060 219.0 004.1 0000.8 100 100 3.2e-021
01120 221.0 004.6 0001.1 100 100 1.9e-021
01180 227.0 004.4 -000.2 100 100 2.3e-021
01240 227.0 005.3 -000.2 100 100 3.0e-021
01300 227.0 006.3 0000.0 100 100 3.8e-021
01360 221.0 007.6 0000.1 100 100 5.3e-021
01420 220.0 008.5 0000.2 100 100 7.2e-021
01480 229.0 010.2 0000.2 100 100 6.8e-021
01540 224.0 011.4 0000.1 100 100 7.5e-021
01600 230.0 011.1 0000.0 100 100 5.8e-021
01660 227.0 012.9 0000.1 100 100 9.4e-021
01720 231.0 011.6 0000.3 100 100 1.1e-020
01780 236.0 012.3 0000.2 100 100 8.7e-021
01840 235.0 011.7 0000.5 100 100 5.0e-021
01900 231.0 010.3 0000.8 100 100 4.5e-021
01960 230.0 011.0 0000.3 100 100 3.4e-021
02020 232.0 010.5 0000.0 100 100 1.5e-021
02080 235.0 010.6 0000.3 100 100 1.9e-021
02140 228.0 010.5 0000.1 100 100 2.3e-021
02200 236.0 011.2 0000.2 100 100 2.3e-021
02260 229.0 010.3 0000.0 100 100 1.7e-021
02320 231.0 009.9 0000.0 100 100 1.6e-021
02380 229.0 009.8 0000.0 100 100 1.7e-021
02440 214.0 007.4 -000.1 100 100 1.5e-021
02500 214.0 007.5 -000.1 100 100 2.4e-021
02560 209.0 007.3 -000.2 100 100 2.3e-021
02620 211.0 008.2 0000.0 100 100 1.8e-021
02680 212.0 008.1 -000.2 100 100 2.1e-021
02740 210.0 008.2 -000.3 100 100 3.5e-021
02800 212.0 008.6 -000.2 100 100 1.2e-020
02860 212.0 008.8 -000.3 100 100 4.5e-021
02920 216.0 008.1 -000.2 100 100 2.4e-021
02980 222.0 007.1 -000.4 100 100 2.6e-021
03040 221.0 006.8 0000.0 100 100 7.1e-022
03100 221.0 006.9 0000.0 100 100 2.0e-021
03160 219.0 006.7 0000.0 100 100 1.9e-021
03220 219.0 006.8 -000.2 100 100 2.2e-021
03280 219.0 006.9 0000.0 100 100 2.2e-021
03340 216.0 007.4 0000.0 100 100 2.1e-021
03400 216.0 007.5 0000.0 100 100 2.2e-021
03460 225.0 008.3 0000.0 100 100 2.1e-021
03520 217.0 009.2 0000.2 100 100 9.2e-022
03580 203.0 008.0 0000.0 100 100 4.0e-022
03640 203.0 009.3 0000.1 100 100 1.9e-021
03700 212.0 007.7 0000.0 100 100 1.1e-021
03760 203.0 008.6 0000.3 100 100 2.4e-021
03820 220.0 005.6 0000.6 100 100 2.9e-021
03880 212.0 004.0 0000.0 100 100 3.3e-021
03940 231.0 005.2 0000.3 100 100 2.8e-021
04000 241.0 007.7 0000.0 100 100 3.0e-021
04060 226.0 008.5 0000.0 100 100 2.8e-021
04120 ///// ///// 0000.1 000 000 3.1e-021
04180 ///// ///// 0000.2 000 000 3.5e-021
04240 ///// ///// 0000.3 000 000 3.3e-021
04300 ///// ///// 0000.5 000 000 4.3e-021
04360 242.0 007.1 0000.6 100 100 6.7e-021
04420 243.0 007.5 0000.7 100 100 1.8e-020
04480 246.0 009.3 0000.5 100 100 2.2e-020
04540 249.0 009.5 0000.4 100 100 2.8e-020
04600 251.0 008.9 0000.0 100 100 2.0e-020
04660 249.0 009.4 0001.4 100 100 2.4e-020
04720 247.0 009.5 0000.5 100 100 1.9e-020
04780 250.0 010.2 0000.4 100 100 3.5e-021
04840 247.0 009.6 0000.5 100 100 8.3e-021
04900 242.0 009.0 0000.8 100 100 9.8e-021
04960 240.0 008.3 0000.9 100 100 1.5e-020
05020 230.0 009.5 0000.2 100 100 1.3e-020
05080 241.0 009.5 0000.4 100 100 1.0e-020
05140 245.0 009.7 0000.2 100 100 7.9e-021
05200 238.0 009.3 0000.4 100 100 1.1e-020
05260 237.0 009.4 0000.0 100 100 6.8e-021
05320 239.0 010.0 0000.0 100 100 8.4e-021
05380 241.0 007.4 0000.0 100 100 1.8e-021
05440 ///// ///// 0000.1 000 000 3.4e-021
05500 ///// ///// -000.1 000 000 5.5e-021
05560 ///// ///// 0000.0 000 000 1.1e-021
05620 ///// ///// 0000.0 000 000 2.1e-021
05680 ///// ///// 0000.1 000 000 4.8e-021
05740 ///// ///// 0000.0 000 000 4.6e-021
05800 ///// ///// 0000.0 000 000 1.3e-021
05860 ///// ///// 0000.0 000 000 3.0e-021
05920 ///// ///// 0000.0 000 000 3.1e-021
05980 ///// ///// 0000.0 000 000 1.1e-021
NNNN
