WNDROBS 01.20
57793 0114.3600 027.7900 00130.0 LC 20130629140000
ROBS
00100 060.0 004.4 0000.1 100 100 1.6e-020
00160 060.0 004.9 0000.1 100 100 3.5e-020
00220 073.0 004.5 0000.2 100 100 4.5e-020
00280 088.0 005.4 0000.0 100 100 1.2e-020
00340 075.0 005.3 -000.1 100 100 7.3e-021
00400 123.0 004.4 0000.1 100 100 1.1e-020
00460 137.0 005.0 -000.2 100 100 1.5e-020
00520 151.0 007.2 -000.2 100 100 7.9e-020
00580 159.0 008.5 -000.3 100 100 2.4e-020
00640 170.0 010.0 -000.1 100 100 3.9e-021
00700 169.0 011.8 -000.3 100 100 5.2e-021
00760 170.0 011.9 -000.1 100 100 5.3e-021
00820 172.0 014.2 -000.1 100 100 1.1e-020
00880 183.0 014.5 -000.3 100 100 1.5e-020
00940 177.0 014.4 -000.2 100 100 3.7e-020
01000 181.0 013.1 -000.0 100 100 5.3e-020
01060 179.0 012.8 -000.2 100 100 1.7e-020
01120 181.0 011.5 -000.1 100 100 2.7e-020
01180 189.0 010.8 -000.1 100 100 3.0e-020
01240 193.0 009.9 -000.2 100 100 2.7e-020
01300 189.0 008.6 -000.2 100 100 2.1e-020
01360 189.0 008.8 -000.2 100 100 2.0e-020
01420 190.0 008.3 -000.3 100 100 2.2e-020
01480 189.0 007.6 -000.4 100 100 2.1e-020
01540 190.0 007.1 -000.6 100 100 2.2e-020
01600 194.0 006.6 -000.5 100 100 2.0e-020
01660 198.0 006.4 -000.3 100 100 1.9e-020
01720 202.0 006.7 -000.3 100 100 1.3e-020
01780 209.0 007.7 -000.1 100 100 1.1e-020
01840 215.0 008.0 -000.2 100 100 1.5e-020
01900 218.0 008.7 0000.0 100 100 1.9e-020
01960 222.0 008.4 0001.4 100 100 1.1e-020
02020 225.0 007.4 0000.3 100 100 6.9e-021
02080 223.0 009.0 0000.2 100 100 5.4e-021
02140 215.0 009.0 -000.0 100 100 6.1e-021
02200 212.0 008.3 0000.1 100 100 9.4e-021
02260 226.0 009.9 -000.1 100 100 5.8e-021
02320 224.0 010.7 0000.0 100 100 5.4e-021
02380 227.0 009.5 -000.4 100 100 3.7e-021
02440 217.0 010.1 0000.0 100 100 3.0e-021
02500 227.0 009.9 -000.0 100 100 3.0e-021
02560 227.0 009.6 0000.0 100 100 2.6e-021
02620 225.0 009.9 -000.1 100 100 3.5e-021
02680 224.0 010.2 -000.1 100 100 3.5e-021
02740 216.0 009.2 0000.0 100 100 2.7e-021
02800 218.0 008.3 -001.0 100 100 2.6e-021
02860 228.0 010.8 0000.0 100 100 2.6e-021
02920 216.0 008.6 0000.0 100 100 9.5e-022
02980 216.0 008.7 0000.0 100 100 2.7e-021
03040 216.0 008.8 0000.0 100 100 2.8e-021
03100 228.0 007.1 -000.1 100 100 2.2e-021
03160 246.0 005.8 0000.0 100 100 1.8e-021
03220 251.0 007.7 0000.0 100 100 2.8e-021
03280 249.0 007.8 -000.0 100 100 4.5e-021
03340 249.0 008.0 0000.0 100 100 3.4e-021
03400 247.0 008.0 -000.1 100 100 6.0e-021
03460 247.0 009.0 0000.2 100 100 1.9e-020
03520 241.0 009.6 0000.0 100 100 1.4e-020
03580 239.0 009.9 0001.1 100 100 5.4e-021
03640 230.0 007.9 0000.0 100 100 3.7e-021
03700 228.0 007.2 0000.0 100 100 2.3e-021
03760 230.0 007.5 0000.0 100 100 6.8e-021
03820 248.0 006.1 0000.0 100 100 4.7e-021
03880 254.0 009.0 0000.0 100 100 4.9e-021
03940 252.0 007.9 0000.0 100 100 3.1e-021
04000 258.0 007.0 0000.0 100 100 2.2e-021
04060 ///// ///// 0000.0 000 000 3.1e-021
04120 282.0 006.2 0000.0 100 100 1.0e-021
04180 ///// ///// -000.1 000 000 3.7e-021
04240 ///// ///// 0000.0 000 000 8.9e-022
04300 ///// ///// 0001.0 000 000 3.0e-021
04360 ///// ///// 0000.0 000 000 2.6e-021
04420 ///// ///// 0000.0 000 000 2.2e-021
04480 ///// ///// 0000.0 000 000 1.8e-021
04540 ///// ///// 0000.2 000 000 4.3e-021
04600 ///// ///// 0000.3 000 000 3.6e-021
04660 ///// ///// -000.4 000 000 3.3e-021
04720 ///// ///// 0000.0 000 000 5.0e-021
04780 ///// ///// 0000.0 000 000 2.8e-021
04840 ///// ///// 0000.0 000 000 3.4e-021
04900 ///// ///// -000.2 000 000 3.5e-021
04960 ///// ///// 0000.0 000 000 3.7e-021
05020 ///// ///// 0000.0 000 000 3.9e-021
05080 ///// ///// -001.0 000 000 2.8e-021
05140 ///// ///// 0000.0 000 000 2.9e-021
05200 ///// ///// 0000.0 000 000 4.1e-021
05260 ///// ///// 0000.0 000 000 1.5e-021
05320 ///// ///// 0001.3 000 000 4.6e-021
05380 ///// ///// 0000.0 000 000 1.8e-021
05440 ///// ///// 0000.0 000 000 2.8e-021
05500 ///// ///// 0000.0 000 000 3.3e-021
05560 ///// ///// 0000.0 000 000 8.7e-022
05620 ///// ///// 0000.0 000 000 2.9e-021
05680 ///// ///// 0000.0 000 000 4.4e-021
05740 ///// ///// 0000.0 000 000 5.4e-021
05800 ///// ///// 0000.0 000 000 5.4e-022
05860 ///// ///// 0000.0 000 000 4.2e-021
05920 ///// ///// 0000.0 000 000 1.9e-021
05980 ///// ///// 0000.0 000 000 1.5e-021
NNNN
