WNDROBS 01.20
57793 0114.3600 027.7900 00130.0 LC 20130628040500
ROBS
00100 191.0 004.9 0007.1 100 100 3.8e-018
00160 146.0 004.5 0007.3 100 100 1.2e-016
00220 067.0 003.7 0007.2 100 100 1.3e-016
00280 062.0 004.3 0007.1 100 100 1.4e-016
00340 007.0 002.8 0007.3 100 100 1.3e-016
00400 342.0 002.4 0007.2 100 100 1.3e-016
00460 345.0 001.9 0006.2 100 100 1.2e-016
00520 294.0 005.0 0005.8 100 100 8.5e-017
00580 286.0 004.4 0005.8 100 100 8.7e-017
00640 299.0 001.6 0005.1 100 100 6.5e-017
00700 244.0 003.6 0006.7 100 100 9.8e-017
00760 239.0 004.7 0006.7 100 100 9.0e-017
00820 230.0 005.9 0006.4 100 100 9.9e-017
00880 221.0 007.6 0006.3 100 100 8.0e-017
00940 225.0 007.4 0006.1 100 100 9.0e-017
01000 222.0 008.1 0006.1 100 100 8.9e-017
01060 231.0 007.5 0005.1 100 100 2.5e-017
01120 231.0 008.4 0005.2 100 100 2.5e-017
01180 230.0 009.0 0007.0 100 100 2.7e-017
01240 231.0 010.2 0007.1 100 100 2.6e-017
01300 231.0 010.6 0007.1 100 100 2.9e-017
01360 234.0 012.3 0006.9 100 100 2.5e-017
01420 225.0 011.5 0006.7 100 100 2.5e-017
01480 235.0 014.6 0006.7 100 100 3.2e-017
01540 228.0 013.0 0006.9 100 100 3.1e-017
01600 227.0 013.2 0006.8 100 100 3.0e-017
01660 230.0 012.1 0006.6 100 100 3.0e-017
01720 231.0 012.1 0006.6 100 100 3.4e-017
01780 229.0 013.1 0006.7 100 100 3.5e-017
01840 231.0 011.8 0006.7 100 100 3.2e-017
01900 233.0 011.8 0006.6 100 100 3.7e-017
01960 233.0 011.5 0006.8 100 100 3.6e-017
02020 236.0 011.2 0006.5 100 100 3.4e-017
02080 236.0 010.5 0006.5 100 100 3.3e-017
02140 239.0 010.5 0006.7 100 100 3.7e-017
02200 236.0 010.8 0006.6 100 100 4.1e-017
02260 232.0 010.6 0007.1 100 100 3.9e-017
02320 233.0 011.0 0007.2 100 100 4.0e-017
02380 236.0 010.7 0007.1 100 100 4.3e-017
02440 231.0 010.9 0006.9 100 100 3.7e-017
02500 233.0 010.8 0006.5 100 100 3.9e-017
02560 233.0 010.7 0007.1 100 100 4.4e-017
02620 230.0 011.5 0007.0 100 100 4.3e-017
02680 232.0 011.4 0007.0 100 100 4.0e-017
02740 232.0 011.6 0007.3 100 100 4.1e-017
02800 230.0 011.2 0007.4 100 100 4.0e-017
02860 232.0 010.8 0007.5 100 100 4.0e-017
02920 232.0 010.3 0007.2 100 100 4.2e-017
02980 240.0 009.8 0007.6 100 100 3.3e-017
03040 233.0 011.1 0007.9 100 100 4.0e-017
03100 245.0 009.9 0007.8 100 100 3.3e-017
03160 234.0 011.0 0007.7 100 100 4.1e-017
03220 244.0 010.3 0007.5 100 100 3.2e-017
03280 237.0 010.7 0007.7 100 100 3.9e-017
03340 231.0 011.3 0007.6 100 100 4.1e-017
03400 231.0 011.1 0007.5 100 100 3.9e-017
03460 228.0 010.9 0007.7 100 100 4.1e-017
03520 231.0 010.4 0007.7 100 100 3.7e-017
03580 232.0 011.0 0007.8 100 100 3.5e-017
03640 230.0 011.3 0008.0 100 100 3.4e-017
03700 233.0 011.1 0008.0 100 100 3.3e-017
03760 230.0 011.9 0008.0 100 100 3.3e-017
03820 232.0 011.7 0007.9 100 100 3.3e-017
03880 231.0 011.7 0007.8 100 100 2.9e-017
03940 236.0 012.9 0008.1 100 100 2.9e-017
04000 232.0 012.8 0007.7 100 100 2.7e-017
04060 233.0 012.6 0008.3 100 100 2.6e-017
04120 231.0 012.3 0008.1 100 100 2.6e-017
04180 235.0 013.0 0008.1 100 100 2.5e-017
04240 237.0 013.3 0008.2 100 100 2.6e-017
04300 237.0 012.5 0008.2 100 100 2.3e-017
04360 233.0 012.1 0008.3 100 100 2.3e-017
04420 233.0 011.8 0008.4 100 100 2.3e-017
04480 233.0 012.4 0008.6 100 100 2.4e-017
04540 233.0 012.0 0008.1 100 100 2.4e-017
04600 231.0 012.2 0007.3 100 100 2.6e-017
04660 231.0 012.0 0006.5 100 100 2.5e-017
04720 231.0 012.3 0005.5 100 100 2.7e-017
04780 218.0 015.2 0003.9 100 100 8.3e-018
04840 215.0 016.8 0004.8 100 100 1.0e-017
04900 219.0 015.2 0004.1 100 100 1.2e-017
04960 235.0 008.7 0003.9 100 100 1.1e-017
05020 238.0 009.6 0003.3 100 100 1.2e-017
05080 236.0 010.1 0002.8 100 100 1.1e-017
05140 234.0 010.6 0002.6 100 100 1.0e-017
05200 228.0 013.5 0002.4 100 100 1.0e-017
05260 231.0 015.2 0002.1 100 100 9.3e-018
05320 227.0 015.9 0002.0 100 100 8.0e-018
05380 227.0 016.0 0001.9 100 100 6.1e-018
05440 226.0 016.4 0001.8 100 100 4.6e-018
05500 226.0 016.9 0001.8 100 100 3.8e-018
05560 227.0 017.0 0001.8 100 100 2.9e-018
05620 228.0 017.2 0001.8 100 100 2.5e-018
05680 229.0 017.0 0001.9 100 100 2.3e-018
05740 230.0 017.1 0001.9 100 100 2.1e-018
05800 232.0 017.1 0002.0 100 100 2.0e-018
05860 234.0 017.1 0002.0 100 100 1.7e-018
05920 235.0 017.1 0002.0 100 100 1.6e-018
05980 235.0 017.1 0002.0 100 100 1.5e-018
NNNN
