WNDROBS 01.20
57793 0114.3600 027.7900 00130.0 LC 20130629181500
ROBS
00100 100.0 003.4 0000.8 100 100 4.4e-021
00160 100.0 003.8 0000.9 100 100 9.5e-021
00220 101.0 003.4 0000.1 100 100 1.1e-020
00280 107.0 003.5 0000.0 100 100 7.7e-021
00340 121.0 003.2 -000.2 100 100 8.2e-021
00400 121.0 004.2 -000.3 100 100 1.3e-020
00460 144.0 004.5 -000.3 100 100 1.4e-020
00520 161.0 006.4 -000.2 100 100 2.5e-020
00580 154.0 007.7 -000.2 100 100 2.7e-020
00640 157.0 007.7 -000.3 100 100 8.3e-020
00700 177.0 008.5 -000.4 100 100 1.5e-019
00760 182.0 008.8 -000.4 100 100 1.6e-019
00820 190.0 007.8 -000.2 100 100 9.1e-020
00880 187.0 006.2 0000.1 100 100 7.5e-020
00940 192.0 004.9 0000.1 100 100 4.0e-020
01000 198.0 003.3 -000.2 100 100 1.3e-020
01060 209.0 003.9 -000.2 100 100 4.4e-021
01120 218.0 003.5 -000.2 100 100 5.3e-021
01180 229.0 003.5 -000.5 100 100 2.6e-021
01240 223.0 004.2 -000.3 100 100 2.4e-021
01300 212.0 004.0 -000.4 100 100 1.6e-021
01360 202.0 004.0 -000.6 100 100 2.8e-021
01420 215.0 005.4 -000.3 100 100 2.1e-021
01480 196.0 005.2 -000.5 100 100 2.3e-021
01540 194.0 005.1 -000.4 100 100 4.0e-021
01600 205.0 005.3 -000.4 100 100 6.8e-021
01660 215.0 006.8 -000.5 100 100 1.2e-020
01720 218.0 008.0 -000.6 100 100 2.0e-020
01780 225.0 009.3 -000.6 100 100 6.1e-021
01840 230.0 009.9 -000.5 100 100 4.9e-021
01900 234.0 010.8 -000.5 100 100 3.0e-021
01960 228.0 010.3 0000.0 100 100 1.5e-021
02020 226.0 010.1 -000.7 100 100 2.0e-021
02080 229.0 009.9 -000.4 100 100 3.1e-021
02140 227.0 010.2 -000.5 100 100 2.9e-021
02200 218.0 012.5 0000.0 100 100 1.9e-021
02260 228.0 011.2 0000.0 100 100 1.6e-021
02320 225.0 010.5 -000.1 100 100 1.8e-021
02380 230.0 009.9 -000.1 100 100 1.8e-021
02440 228.0 010.9 0000.0 100 100 1.7e-021
02500 229.0 011.3 0000.0 100 100 1.8e-021
02560 227.0 010.4 -000.3 100 100 2.7e-021
02620 220.0 010.1 -000.2 100 100 2.4e-021
02680 212.0 011.5 0000.0 100 100 2.6e-021
02740 232.0 008.3 0000.0 100 100 1.7e-021
02800 236.0 008.0 0000.0 100 100 2.2e-021
02860 234.0 008.3 -000.2 100 100 8.1e-022
02920 230.0 008.7 -000.2 100 100 3.2e-021
02980 228.0 008.7 0000.0 100 100 4.5e-021
03040 216.0 007.7 -000.1 100 100 3.0e-021
03100 212.0 007.6 0001.3 100 100 3.6e-021
03160 207.0 007.4 0000.0 100 100 3.3e-021
03220 205.0 007.8 -000.2 100 100 2.3e-021
03280 225.0 005.0 0000.0 100 100 1.4e-021
03340 223.0 005.0 0000.0 100 100 1.7e-021
03400 185.0 003.9 -000.2 100 100 2.1e-021
03460 222.0 004.2 -000.3 100 100 1.8e-021
03520 215.0 005.0 0000.0 100 100 2.8e-021
03580 218.0 004.7 -000.1 100 100 2.9e-021
03640 216.0 004.9 0000.0 100 100 2.8e-021
03700 215.0 005.6 0000.0 100 100 3.4e-021
03760 222.0 004.1 0001.0 100 100 3.9e-021
03820 242.0 003.1 0000.0 100 100 2.6e-021
03880 185.0 004.2 0000.0 100 100 2.9e-021
03940 207.0 006.5 0000.2 100 100 5.3e-021
04000 202.0 007.7 0000.3 100 100 5.4e-021
04060 203.0 007.4 0001.3 100 100 4.9e-021
04120 202.0 007.8 0000.0 100 100 4.5e-021
04180 202.0 007.9 0000.7 100 100 1.3e-020
04240 203.0 008.3 -000.1 100 100 8.4e-021
04300 202.0 009.8 0001.2 100 100 5.7e-021
04360 ///// ///// 0000.0 000 000 2.4e-021
04420 ///// ///// 0000.0 000 000 8.5e-022
04480 ///// ///// 0000.0 000 000 2.9e-021
04540 ///// ///// 0000.0 000 000 1.7e-021
04600 ///// ///// 0000.0 000 000 2.9e-021
04660 ///// ///// 0000.0 000 000 1.2e-021
04720 ///// ///// 0000.2 000 000 3.7e-021
04780 ///// ///// 0000.7 000 000 1.3e-021
04840 ///// ///// 0000.9 000 000 3.2e-021
04900 ///// ///// 0000.5 000 000 3.7e-021
04960 ///// ///// 0000.0 000 000 3.5e-021
05020 ///// ///// 0000.6 000 000 5.4e-021
05080 ///// ///// -000.7 000 000 5.5e-021
05140 232.0 007.7 0000.8 100 100 4.2e-021
05200 231.0 007.6 0000.0 100 100 5.5e-021
05260 227.0 007.2 0000.0 100 100 7.1e-021
05320 232.0 007.7 0000.0 100 100 1.8e-021
05380 ///// ///// -000.3 000 000 6.1e-021
05440 256.0 008.5 0001.3 100 100 6.3e-021
05500 ///// ///// 0000.0 000 000 2.1e-021
05560 ///// ///// 0000.0 000 000 1.3e-021
05620 ///// ///// 0000.0 000 000 1.1e-021
05680 ///// ///// 0000.0 000 000 3.6e-021
05740 ///// ///// 0000.0 000 000 1.0e-021
05800 ///// ///// 0000.0 000 000 2.1e-021
05860 ///// ///// 0000.0 000 000 3.7e-021
05920 ///// ///// 0000.0 000 000 4.3e-021
05980 ///// ///// 0000.0 000 000 5.2e-021
NNNN
