WNDROBS 01.20
57793 0114.3600 027.7900 00130.0 LC 20130630000000
ROBS
00100 074.0 002.9 0001.8 100 100 3.1e-021
00160 074.0 003.2 0002.0 100 100 6.7e-021
00220 121.0 001.9 0002.0 100 100 4.7e-021
00280 150.0 003.1 0000.1 100 100 1.2e-020
00340 161.0 003.2 0000.2 100 100 1.6e-020
00400 165.0 004.7 0000.3 100 100 5.4e-020
00460 168.0 006.3 0000.2 100 100 1.5e-019
00520 169.0 006.6 0000.1 100 100 3.0e-019
00580 164.0 003.8 0000.3 100 100 2.5e-019
00640 149.0 001.8 0000.3 100 100 2.0e-019
00700 182.0 001.1 0000.3 100 100 5.5e-020
00760 175.0 001.1 0000.4 100 100 1.7e-020
00820 216.0 002.3 0000.7 100 100 6.5e-021
00880 220.0 002.2 0000.3 100 100 9.1e-021
00940 217.0 003.4 0000.3 100 100 3.3e-020
01000 226.0 004.4 0000.7 100 100 5.2e-020
01060 222.0 004.1 0000.5 100 100 2.0e-020
01120 228.0 004.7 0000.4 100 100 1.7e-020
01180 237.0 006.0 -000.0 100 100 4.4e-021
01240 242.0 007.4 0000.1 100 100 2.3e-021
01300 231.0 008.4 -000.2 100 100 1.7e-021
01360 228.0 009.7 0000.0 100 100 1.4e-021
01420 228.0 010.2 -000.0 100 100 2.5e-021
01480 227.0 011.9 0000.0 100 100 4.3e-021
01540 230.0 013.2 -000.3 100 100 6.0e-021
01600 235.0 013.7 -000.3 100 100 1.6e-020
01660 238.0 014.9 -000.4 100 100 8.0e-021
01720 236.0 014.9 -000.1 100 100 6.4e-021
01780 235.0 013.5 -000.5 100 100 7.0e-021
01840 232.0 012.7 -000.1 100 100 5.5e-021
01900 231.0 012.3 -000.3 100 100 4.1e-021
01960 229.0 012.1 -000.4 100 100 3.6e-021
02020 228.0 011.0 -000.2 100 100 3.5e-021
02080 231.0 009.8 0000.0 100 100 2.0e-021
02140 233.0 010.0 0000.0 100 100 1.9e-021
02200 245.0 005.8 0000.0 100 100 1.1e-021
02260 251.0 008.4 0000.0 100 100 1.4e-021
02320 253.0 008.4 0000.2 100 100 1.6e-021
02380 247.0 008.7 0000.0 100 100 1.2e-021
02440 247.0 008.8 -000.4 100 100 1.7e-021
02500 244.0 007.4 0000.0 100 100 1.2e-021
02560 236.0 006.1 -000.2 100 100 1.5e-021
02620 239.0 006.3 0000.0 100 100 7.1e-022
02680 234.0 005.6 0000.0 100 100 8.0e-022
02740 227.0 005.6 0000.2 100 100 1.2e-021
02800 216.0 007.6 0000.0 100 100 1.2e-021
02860 219.0 007.0 -000.3 100 100 1.6e-021
02920 220.0 007.9 -000.1 100 100 3.6e-021
02980 211.0 009.2 0000.1 100 100 4.1e-021
03040 209.0 010.1 -000.0 100 100 9.5e-021
03100 208.0 010.7 0000.1 100 100 9.4e-021
03160 206.0 012.3 -000.3 100 100 2.5e-021
03220 203.0 010.8 0000.1 100 100 3.6e-021
03280 202.0 010.9 0000.0 100 100 1.1e-021
03340 197.0 010.2 0000.0 100 100 4.6e-021
03400 207.0 011.3 0000.0 100 100 1.9e-021
03460 214.0 011.3 0000.0 100 100 3.6e-021
03520 206.0 011.2 0000.0 100 100 2.2e-021
03580 207.0 011.5 0000.0 100 100 3.1e-021
03640 ///// ///// 0000.0 000 000 2.6e-021
03700 204.0 009.7 0000.0 100 100 1.9e-021
03760 200.0 002.7 0000.0 100 100 1.8e-021
03820 205.0 001.6 0000.0 100 100 1.2e-021
03880 ///// ///// 0000.1 000 000 2.7e-021
03940 ///// ///// 0000.0 000 000 4.3e-022
04000 ///// ///// 0000.0 000 000 1.3e-021
04060 ///// ///// 0000.3 000 000 3.0e-021
04120 187.0 004.2 0000.6 100 100 4.4e-021
04180 221.0 007.0 0000.2 100 100 3.9e-021
04240 236.0 007.8 0000.3 100 100 1.9e-021
04300 238.0 007.4 0000.3 100 100 7.7e-021
04360 246.0 007.6 0000.5 100 100 1.0e-020
04420 240.0 008.3 0000.4 100 100 1.9e-020
04480 240.0 009.0 0000.3 100 100 3.1e-020
04540 243.0 009.8 0000.1 100 100 4.7e-020
04600 242.0 009.9 -000.1 100 100 4.7e-020
04660 243.0 010.1 -000.1 100 100 3.6e-020
04720 242.0 010.8 -000.7 100 100 2.4e-020
04780 232.0 010.7 0000.0 100 100 7.0e-021
04840 243.0 009.8 0000.3 100 100 6.7e-021
04900 234.0 009.4 0000.0 100 100 7.4e-021
04960 230.0 009.3 0000.0 100 100 9.7e-022
05020 237.0 009.9 0000.2 100 100 1.1e-020
05080 229.0 008.9 0000.2 100 100 1.0e-020
05140 228.0 008.8 0000.3 100 100 9.0e-021
05200 234.0 009.7 -000.0 100 100 9.7e-021
05260 236.0 009.7 0000.0 100 100 2.5e-021
05320 240.0 008.0 -000.5 100 100 7.4e-021
05380 237.0 008.7 0000.0 100 100 8.2e-021
05440 ///// ///// 0000.0 000 000 3.1e-021
05500 ///// ///// 0001.2 000 000 1.7e-021
05560 ///// ///// 0000.0 000 000 5.5e-021
05620 ///// ///// 0000.0 000 000 4.2e-021
05680 ///// ///// 0000.0 000 000 1.9e-021
05740 ///// ///// 0001.6 000 000 3.7e-021
05800 ///// ///// 0000.0 000 000 1.1e-021
05860 ///// ///// -000.2 000 000 4.3e-021
05920 ///// ///// 0000.0 000 000 4.5e-021
05980 ///// ///// 0000.0 000 000 6.5e-021
NNNN
