WNDROBS 01.20
57793 0114.3600 027.7900 00130.0 LC 20130629053500
ROBS
00100 036.0 009.2 0000.2 100 100 2.1e-020
00160 051.0 008.0 0000.5 100 100 6.7e-020
00220 059.0 007.1 0000.8 100 100 2.6e-020
00280 066.0 007.0 0000.6 100 100 1.8e-020
00340 082.0 006.6 0000.3 100 100 8.7e-021
00400 085.0 006.6 0000.1 100 100 5.9e-021
00460 105.0 003.9 0000.1 100 100 5.4e-021
00520 124.0 003.1 -000.4 100 100 9.4e-021
00580 164.0 005.1 -000.3 100 100 1.2e-020
00640 164.0 005.1 0000.1 100 100 2.8e-020
00700 192.0 004.7 0000.1 100 100 1.6e-019
00760 214.0 004.9 -000.1 100 100 1.3e-019
00820 225.0 005.3 -000.2 100 100 7.1e-020
00880 227.0 006.4 -000.2 100 100 3.6e-020
00940 231.0 006.2 0001.4 100 100 5.1e-020
01000 225.0 008.2 0000.0 100 100 8.3e-020
01060 227.0 009.1 0000.1 100 100 2.4e-020
01120 229.0 010.7 0000.0 100 100 1.2e-020
01180 233.0 012.4 0000.1 100 100 4.5e-021
01240 231.0 012.0 0000.2 100 100 2.7e-021
01300 232.0 012.3 0000.2 100 100 3.1e-021
01360 233.0 012.1 0000.1 100 100 2.5e-021
01420 234.0 012.3 0000.1 100 100 4.5e-021
01480 233.0 012.6 0000.2 100 100 4.5e-021
01540 230.0 012.9 0000.3 100 100 7.4e-021
01600 233.0 014.2 0000.2 100 100 1.9e-020
01660 234.0 014.6 0000.3 100 100 1.6e-020
01720 237.0 014.3 -000.0 100 100 9.1e-021
01780 240.0 014.6 0000.0 100 100 1.4e-021
01840 239.0 015.4 -000.1 100 100 3.5e-021
01900 242.0 015.1 0000.0 100 100 1.1e-021
01960 241.0 015.5 0000.0 100 100 3.4e-021
02020 239.0 014.2 0000.3 100 100 7.4e-021
02080 239.0 013.4 0000.2 100 100 8.3e-021
02140 255.0 010.0 0000.4 100 100 2.4e-021
02200 262.0 006.5 0000.3 100 100 1.9e-021
02260 256.0 005.3 0000.2 100 100 3.2e-021
02320 251.0 006.2 0000.3 100 100 2.9e-021
02380 246.0 006.4 0000.5 100 100 3.1e-021
02440 256.0 006.2 0000.0 100 100 1.9e-021
02500 246.0 005.5 0000.0 100 100 1.8e-021
02560 246.0 005.9 -000.1 100 100 2.0e-021
02620 242.0 007.2 0000.3 100 100 1.8e-021
02680 243.0 007.6 0000.0 100 100 1.8e-021
02740 259.0 008.4 0001.5 100 100 1.9e-021
02800 ///// ///// 0000.0 000 000 2.0e-021
02860 265.0 011.9 0000.0 100 100 1.6e-021
02920 268.0 012.7 0000.0 100 100 1.7e-021
02980 288.0 016.2 0000.0 100 100 1.9e-021
03040 ///// ///// 0000.8 000 000 2.1e-021
03100 ///// ///// 0000.0 000 000 2.5e-021
03160 220.0 003.9 0000.3 100 100 2.9e-021
03220 198.0 006.2 0000.2 100 100 3.5e-021
03280 186.0 005.9 0000.0 100 100 1.3e-021
03340 232.0 008.1 0000.0 100 100 1.6e-021
03400 204.0 003.9 -000.8 100 100 2.9e-021
03460 ///// ///// 0000.0 000 000 2.4e-021
03520 251.0 011.9 0000.0 100 100 2.4e-021
03580 273.0 012.5 0000.0 100 100 2.3e-021
03640 276.0 014.2 -001.4 100 100 1.7e-021
03700 276.0 014.7 0001.1 100 100 2.7e-021
03760 270.0 015.7 0000.0 100 100 2.4e-021
03820 276.0 015.2 0000.0 100 100 4.0e-021
03880 247.0 011.5 0000.5 100 100 2.7e-021
03940 253.0 012.3 0000.3 100 100 2.9e-021
04000 244.0 010.6 0000.1 100 100 6.3e-021
04060 256.0 010.0 0000.1 100 100 6.9e-021
04120 243.0 011.9 0000.1 100 100 3.4e-021
04180 266.0 009.7 0000.0 100 100 5.7e-021
04240 273.0 013.0 0000.0 100 100 2.2e-021
04300 ///// ///// 0000.0 000 000 1.6e-021
04360 ///// ///// 0002.7 000 000 3.1e-021
04420 ///// ///// -000.2 000 000 4.9e-021
04480 266.0 012.2 0002.6 100 100 7.1e-021
04540 279.0 011.9 0002.8 100 100 6.7e-021
04600 246.0 012.9 0002.7 100 100 7.0e-021
04660 247.0 011.9 0002.3 100 100 4.4e-021
04720 266.0 009.8 -000.3 100 100 3.1e-021
04780 ///// ///// 0002.1 000 000 2.7e-021
04840 ///// ///// 0001.7 000 000 5.0e-021
04900 ///// ///// 0001.7 000 000 8.4e-021
04960 ///// ///// 0002.0 000 000 3.8e-021
05020 ///// ///// 0001.4 000 000 7.1e-021
05080 ///// ///// 0001.6 000 000 5.1e-021
05140 ///// ///// 0001.3 000 000 4.5e-021
05200 ///// ///// 0000.9 000 000 2.3e-021
05260 ///// ///// 0000.9 000 000 3.9e-021
05320 ///// ///// 0000.0 000 000 4.5e-021
05380 ///// ///// 0000.0 000 000 4.9e-021
05440 ///// ///// 0000.0 000 000 3.9e-021
05500 ///// ///// 0000.6 000 000 4.5e-021
05560 ///// ///// 0000.0 000 000 3.0e-021
05620 ///// ///// 0000.0 000 000 5.7e-021
05680 ///// ///// -000.9 000 000 4.5e-021
05740 ///// ///// 0000.3 000 000 6.0e-021
05800 ///// ///// 0000.1 000 000 4.9e-021
05860 ///// ///// 0000.0 000 000 4.0e-021
05920 ///// ///// 0000.2 000 000 4.5e-021
05980 ///// ///// 0000.0 000 000 6.3e-021
NNNN
