WNDROBS 01.20
57793 0114.3600 027.7900 00130.0 LC 20130629013500
ROBS
00100 093.0 003.9 -000.1 100 100 1.1e-021
00160 093.0 004.4 -000.1 100 100 1.9e-021
00220 094.0 004.0 -000.1 100 100 3.0e-021
00280 086.0 004.4 -000.1 100 100 3.4e-021
00340 100.0 003.2 -000.2 100 100 3.2e-021
00400 104.0 002.6 -000.1 100 100 3.4e-021
00460 121.0 002.4 -000.0 100 100 1.3e-020
00520 133.0 003.4 0001.1 100 100 1.0e-020
00580 241.0 003.9 -000.1 100 100 5.5e-021
00640 238.0 005.3 -000.1 100 100 5.8e-021
00700 239.0 004.9 0000.0 100 100 1.6e-021
00760 222.0 006.9 0000.0 100 100 2.4e-021
00820 222.0 006.7 -000.3 100 100 3.8e-021
00880 231.0 009.8 0000.0 100 100 3.8e-021
00940 230.0 010.6 0003.1 100 100 7.5e-021
01000 226.0 011.8 0000.2 100 100 1.0e-020
01060 229.0 011.5 0000.2 100 100 2.5e-021
01120 227.0 012.5 0000.0 100 100 2.4e-021
01180 226.0 013.2 0000.2 100 100 2.7e-021
01240 225.0 013.5 -000.0 100 100 2.7e-021
01300 226.0 014.3 0000.2 100 100 4.6e-021
01360 229.0 014.7 0000.1 100 100 6.2e-021
01420 233.0 015.2 0000.4 100 100 7.7e-021
01480 236.0 015.9 0000.6 100 100 4.1e-021
01540 238.0 014.8 0000.5 100 100 3.2e-021
01600 237.0 015.3 0000.5 100 100 2.9e-021
01660 241.0 015.9 0000.5 100 100 3.1e-021
01720 239.0 017.0 0000.3 100 100 4.6e-021
01780 240.0 017.9 0000.2 100 100 6.8e-021
01840 238.0 018.1 -000.1 100 100 2.7e-021
01900 236.0 018.1 0000.4 100 100 2.1e-021
01960 239.0 015.8 0000.3 100 100 1.7e-021
02020 240.0 017.7 0001.1 100 100 2.4e-021
02080 242.0 017.9 0000.6 100 100 2.3e-021
02140 262.0 014.5 0000.9 100 100 1.8e-021
02200 260.0 012.0 0000.8 100 100 1.8e-021
02260 256.0 008.6 0000.6 100 100 2.1e-021
02320 257.0 008.5 0000.5 100 100 2.3e-021
02380 257.0 008.6 0000.0 100 100 1.8e-021
02440 254.0 008.8 0000.0 100 100 2.3e-021
02500 297.0 008.4 0000.0 100 100 1.2e-021
02560 297.0 009.7 0000.0 100 100 1.6e-021
02620 313.0 012.1 0000.0 100 100 7.0e-022
02680 295.0 016.9 0000.0 100 100 1.5e-021
02740 280.0 015.4 0000.0 100 100 1.0e-021
02800 281.0 015.6 0000.0 100 100 5.4e-022
02860 ///// ///// 0000.0 000 000 1.3e-021
02920 263.0 012.4 0000.0 100 100 1.4e-021
02980 ///// ///// -000.6 000 000 1.5e-021
03040 ///// ///// 0000.0 000 000 2.4e-021
03100 ///// ///// 0000.0 000 000 2.1e-021
03160 ///// ///// 0000.0 000 000 1.4e-021
03220 ///// ///// -000.2 000 000 1.9e-021
03280 ///// ///// 0000.0 000 000 1.3e-021
03340 233.0 011.1 0000.0 100 100 2.5e-021
03400 246.0 011.9 -000.1 100 100 3.7e-021
03460 246.0 011.7 -000.4 100 100 3.1e-021
03520 254.0 011.1 0000.0 100 100 3.1e-021
03580 253.0 012.1 0000.1 100 100 3.9e-021
03640 255.0 013.4 0000.7 100 100 6.0e-021
03700 253.0 010.8 0000.2 100 100 5.5e-021
03760 251.0 011.9 0000.1 100 100 8.9e-021
03820 252.0 010.7 0000.6 100 100 1.0e-020
03880 254.0 010.2 0000.0 100 100 8.4e-021
03940 248.0 010.4 0000.6 100 100 3.0e-021
04000 256.0 008.4 0000.0 100 100 2.3e-021
04060 ///// ///// -000.2 000 000 3.6e-021
04120 ///// ///// 0000.3 000 000 3.2e-021
04180 ///// ///// 0000.0 000 000 8.6e-022
04240 ///// ///// 0000.0 000 000 3.5e-021
04300 ///// ///// 0000.0 000 000 4.7e-022
04360 ///// ///// 0000.0 000 000 2.3e-021
04420 ///// ///// 0000.0 000 000 1.0e-021
04480 244.0 014.3 0000.0 100 100 2.3e-021
04540 235.0 011.6 0000.0 100 100 1.5e-021
04600 225.0 010.3 0000.0 100 100 3.6e-021
04660 225.0 010.3 0000.2 100 100 1.7e-021
04720 226.0 010.1 0000.2 100 100 6.1e-021
04780 236.0 010.5 0000.1 100 100 3.3e-021
04840 ///// ///// 0000.4 000 000 4.2e-021
04900 256.0 012.8 0000.1 100 100 5.4e-021
04960 251.0 012.9 0000.1 100 100 1.8e-021
05020 ///// ///// 0000.1 000 000 4.1e-021
05080 ///// ///// -000.3 000 000 6.3e-021
05140 ///// ///// 0000.0 000 000 6.8e-021
05200 ///// ///// 0000.5 000 000 6.2e-021
05260 ///// ///// 0000.0 000 000 8.0e-022
05320 ///// ///// 0000.0 000 000 4.6e-021
05380 ///// ///// 0000.0 000 000 3.4e-021
05440 ///// ///// 0000.0 000 000 6.7e-022
05500 ///// ///// -000.7 000 000 5.1e-021
05560 ///// ///// 0000.0 000 000 3.9e-021
05620 ///// ///// 0000.0 000 000 5.1e-021
05680 ///// ///// -000.2 000 000 3.6e-021
05740 ///// ///// -000.7 000 000 1.9e-021
05800 ///// ///// -000.2 000 000 8.1e-021
05860 ///// ///// 0000.0 000 000 5.8e-021
05920 ///// ///// 0000.3 000 000 6.8e-021
05980 ///// ///// 0000.0 000 000 1.9e-021
NNNN
