WNDROBS 01.20
57793 0114.3600 027.7900 00130.0 LC 20130629213000
ROBS
00100 085.0 004.6 0002.0 100 100 3.6e-021
00160 106.0 005.5 0002.0 100 100 8.6e-021
00220 124.0 006.4 0002.1 100 100 2.6e-021
00280 115.0 003.7 -000.1 100 100 1.2e-020
00340 130.0 003.1 0000.0 100 100 1.6e-020
00400 140.0 003.8 -000.1 100 100 1.8e-020
00460 142.0 005.4 -000.0 100 100 5.4e-020
00520 143.0 006.4 -000.1 100 100 2.4e-020
00580 158.0 006.6 -000.1 100 100 7.9e-020
00640 171.0 006.4 0000.0 100 100 1.4e-019
00700 176.0 004.6 0000.1 100 100 6.5e-020
00760 187.0 002.9 0000.0 100 100 6.6e-020
00820 192.0 001.5 -000.1 100 100 3.0e-020
00880 253.0 004.5 0000.2 100 100 8.3e-021
00940 245.0 004.7 0000.2 100 100 5.6e-021
01000 221.0 003.7 0000.0 100 100 9.6e-021
01060 200.0 004.1 -000.2 100 100 3.5e-021
01120 216.0 003.4 0000.0 100 100 2.3e-021
01180 213.0 004.1 -000.2 100 100 3.7e-021
01240 220.0 005.4 -000.2 100 100 4.6e-021
01300 218.0 006.6 0000.1 100 100 5.0e-021
01360 213.0 008.1 -000.1 100 100 3.7e-021
01420 214.0 008.7 -000.1 100 100 4.3e-021
01480 218.0 009.8 -000.1 100 100 3.1e-021
01540 221.0 010.6 -000.0 100 100 5.3e-021
01600 225.0 011.4 -000.1 100 100 1.2e-020
01660 228.0 012.2 -000.1 100 100 4.9e-021
01720 232.0 012.6 -000.4 100 100 2.1e-021
01780 231.0 012.4 -000.0 100 100 2.0e-021
01840 233.0 012.3 -000.0 100 100 3.6e-021
01900 232.0 012.9 -000.1 100 100 3.1e-021
01960 229.0 012.5 0000.0 100 100 1.7e-021
02020 231.0 012.1 -000.5 100 100 2.8e-021
02080 226.0 012.7 0000.0 100 100 1.0e-021
02140 226.0 011.3 0000.0 100 100 2.0e-021
02200 223.0 012.0 0000.3 100 100 2.6e-021
02260 226.0 011.6 -000.1 100 100 2.6e-021
02320 216.0 011.2 -000.0 100 100 2.1e-021
02380 214.0 008.2 0000.0 100 100 1.3e-021
02440 206.0 007.5 -000.0 100 100 1.7e-021
02500 204.0 007.5 -000.3 100 100 1.8e-021
02560 205.0 008.4 -000.1 100 100 4.3e-021
02620 202.0 008.5 0000.1 100 100 3.2e-021
02680 201.0 009.6 0000.1 100 100 4.5e-021
02740 195.0 009.2 0000.2 100 100 4.4e-021
02800 194.0 009.1 0000.0 100 100 6.1e-021
02860 195.0 009.5 -000.3 100 100 6.4e-021
02920 191.0 008.9 -000.2 100 100 8.6e-021
02980 195.0 008.8 -000.4 100 100 1.1e-020
03040 196.0 008.3 -000.4 100 100 1.1e-020
03100 196.0 008.9 0000.0 100 100 8.9e-021
03160 202.0 008.8 -000.2 100 100 7.0e-021
03220 209.0 009.2 0000.0 100 100 1.9e-021
03280 215.0 009.6 -000.3 100 100 6.9e-021
03340 208.0 008.9 0000.0 100 100 3.9e-021
03400 203.0 008.6 -000.4 100 100 5.4e-021
03460 193.0 008.1 0000.0 100 100 3.6e-021
03520 206.0 009.0 0000.0 100 100 4.1e-021
03580 238.0 006.7 0000.0 100 100 9.7e-022
03640 264.0 002.9 0000.0 100 100 8.5e-022
03700 246.0 004.2 -000.6 100 100 2.4e-021
03760 232.0 007.0 0000.0 100 100 2.5e-021
03820 229.0 008.3 0000.0 100 100 2.4e-021
03880 229.0 008.9 0000.0 100 100 1.1e-021
03940 233.0 009.5 0000.0 100 100 1.1e-021
04000 230.0 009.4 -000.1 100 100 4.3e-021
04060 234.0 010.3 -000.3 100 100 5.6e-021
04120 232.0 010.2 -000.1 100 100 1.2e-020
04180 235.0 010.4 -000.1 100 100 1.2e-020
04240 231.0 010.8 -000.3 100 100 1.9e-020
04300 233.0 011.3 -000.2 100 100 1.9e-020
04360 232.0 010.0 0000.2 100 100 2.3e-020
04420 230.0 010.5 0000.1 100 100 3.4e-020
04480 232.0 011.2 0000.4 100 100 3.9e-020
04540 229.0 010.7 0000.6 100 100 5.5e-020
04600 231.0 010.8 0000.3 100 100 4.3e-020
04660 233.0 011.2 0000.2 100 100 4.5e-020
04720 232.0 011.6 0000.2 100 100 3.0e-020
04780 233.0 010.5 0000.4 100 100 8.5e-021
04840 223.0 011.5 0000.2 100 100 7.2e-021
04900 248.0 013.1 0000.0 100 100 1.5e-021
04960 245.0 013.9 0000.0 100 100 2.9e-021
05020 ///// ///// 0000.0 000 000 2.9e-021
05080 ///// ///// 0000.0 000 000 2.5e-021
05140 ///// ///// 0000.0 000 000 4.1e-021
05200 ///// ///// 0000.0 000 000 4.6e-021
05260 ///// ///// -000.2 000 000 4.7e-021
05320 ///// ///// -000.1 000 000 5.5e-022
05380 ///// ///// 0000.0 000 000 3.8e-021
05440 ///// ///// 0000.0 000 000 2.8e-021
05500 ///// ///// 0000.0 000 000 3.7e-021
05560 ///// ///// 0000.0 000 000 3.3e-021
05620 ///// ///// 0000.0 000 000 4.2e-021
05680 ///// ///// 0000.0 000 000 4.7e-021
05740 ///// ///// -000.4 000 000 3.5e-021
05800 ///// ///// 0000.0 000 000 4.2e-021
05860 ///// ///// 0000.0 000 000 2.6e-021
05920 ///// ///// 0000.0 000 000 4.8e-021
05980 ///// ///// 0000.0 000 000 2.4e-021
NNNN
