WNDROBS 01.20
57793 0114.3600 027.7900 00130.0 LC 20130629174500
ROBS
00100 096.0 003.4 0000.7 100 100 5.6e-021
00160 096.0 003.8 0000.7 100 100 1.2e-020
00220 096.0 003.6 0000.2 100 100 1.3e-020
00280 116.0 004.1 0000.0 100 100 9.2e-021
00340 117.0 004.3 -000.1 100 100 1.0e-020
00400 122.0 004.6 -000.2 100 100 9.6e-021
00460 139.0 005.4 -000.2 100 100 1.0e-020
00520 149.0 008.3 -000.1 100 100 1.4e-020
00580 153.0 008.4 -000.2 100 100 9.2e-020
00640 162.0 008.7 0000.1 100 100 2.8e-019
00700 165.0 009.8 0000.0 100 100 1.2e-019
00760 175.0 009.6 -000.1 100 100 1.5e-019
00820 182.0 007.0 -000.3 100 100 8.6e-020
00880 184.0 006.6 -000.4 100 100 7.3e-020
00940 206.0 005.5 -000.0 100 100 3.4e-020
01000 201.0 004.3 -000.1 100 100 4.8e-020
01060 193.0 006.5 -000.1 100 100 2.0e-020
01120 193.0 004.9 -000.3 100 100 1.2e-020
01180 211.0 002.9 -000.5 100 100 7.3e-021
01240 218.0 002.6 -000.3 100 100 9.5e-021
01300 215.0 005.5 -000.6 100 100 5.3e-021
01360 221.0 005.2 0000.2 100 100 2.4e-021
01420 217.0 005.9 -000.2 100 100 3.0e-021
01480 214.0 007.3 0000.1 100 100 3.8e-021
01540 219.0 007.2 -000.0 100 100 3.8e-021
01600 219.0 008.6 -000.0 100 100 6.3e-021
01660 223.0 009.1 -000.1 100 100 6.2e-021
01720 229.0 009.3 -000.3 100 100 2.8e-021
01780 229.0 009.3 0000.0 100 100 2.3e-021
01840 230.0 011.6 0000.0 100 100 2.2e-021
01900 226.0 011.5 0000.1 100 100 3.1e-021
01960 225.0 013.1 -000.3 100 100 3.1e-021
02020 225.0 011.6 0000.0 100 100 1.6e-021
02080 229.0 011.5 0000.0 100 100 2.0e-021
02140 229.0 011.6 0000.0 100 100 2.4e-021
02200 229.0 011.7 -000.1 100 100 3.2e-021
02260 229.0 011.8 -000.3 100 100 3.1e-021
02320 234.0 011.3 -000.4 100 100 2.7e-021
02380 233.0 010.2 -000.1 100 100 4.1e-021
02440 236.0 010.0 -000.2 100 100 9.0e-021
02500 237.0 009.8 -000.1 100 100 6.6e-021
02560 235.0 009.6 -000.2 100 100 2.5e-021
02620 229.0 008.3 -000.2 100 100 2.8e-021
02680 228.0 008.4 0000.1 100 100 4.0e-021
02740 224.0 007.6 0000.3 100 100 3.9e-021
02800 223.0 007.8 -000.6 100 100 6.5e-021
02860 217.0 008.6 -000.2 100 100 4.3e-021
02920 212.0 007.9 0000.0 100 100 2.8e-021
02980 213.0 007.9 0000.0 100 100 3.4e-021
03040 215.0 007.6 0000.0 100 100 3.8e-021
03100 215.0 007.6 0000.0 100 100 2.7e-021
03160 214.0 007.8 0000.0 100 100 3.5e-021
03220 212.0 007.7 -000.3 100 100 7.4e-022
03280 219.0 008.7 0000.0 100 100 3.5e-021
03340 224.0 008.4 0000.0 100 100 3.3e-021
03400 226.0 008.8 0000.0 100 100 3.4e-021
03460 238.0 007.7 -000.4 100 100 6.7e-021
03520 232.0 008.2 -000.4 100 100 7.5e-021
03580 231.0 008.3 -000.5 100 100 2.0e-020
03640 230.0 008.0 0000.0 100 100 9.7e-021
03700 221.0 007.7 0000.0 100 100 8.9e-021
03760 208.0 006.8 0000.0 100 100 4.9e-021
03820 208.0 006.9 -000.3 100 100 6.9e-021
03880 207.0 007.3 -000.5 100 100 8.3e-021
03940 220.0 009.1 0000.0 100 100 7.2e-021
04000 215.0 009.4 -000.4 100 100 9.8e-021
04060 214.0 009.7 -000.2 100 100 8.0e-021
04120 204.0 009.0 0000.0 100 100 3.5e-021
04180 202.0 008.7 0000.0 100 100 4.7e-021
04240 203.0 008.8 -000.4 100 100 7.3e-021
04300 ///// ///// -000.8 000 000 4.2e-021
04360 ///// ///// 0000.0 000 000 2.8e-021
04420 ///// ///// 0000.0 000 000 2.4e-021
04480 ///// ///// 0000.0 000 000 2.0e-021
04540 ///// ///// -000.9 000 000 2.9e-021
04600 ///// ///// 0000.0 000 000 2.5e-021
04660 ///// ///// 0000.0 000 000 2.6e-021
04720 ///// ///// 0000.0 000 000 2.7e-021
04780 ///// ///// 0000.0 000 000 3.4e-021
04840 ///// ///// -000.1 000 000 4.4e-021
04900 ///// ///// 0000.0 000 000 4.1e-021
04960 ///// ///// -000.1 000 000 2.2e-021
05020 ///// ///// 0000.0 000 000 5.8e-021
05080 ///// ///// -000.2 000 000 4.8e-021
05140 ///// ///// -000.6 000 000 6.6e-021
05200 ///// ///// -000.1 000 000 6.2e-021
05260 ///// ///// 0000.0 000 000 5.4e-021
05320 ///// ///// 0000.8 000 000 2.5e-021
05380 ///// ///// 0000.0 000 000 4.2e-021
05440 ///// ///// 0000.0 000 000 4.5e-021
05500 ///// ///// -001.1 000 000 4.1e-021
05560 ///// ///// 0000.0 000 000 5.0e-021
05620 ///// ///// 0000.0 000 000 4.8e-021
05680 ///// ///// 0000.0 000 000 3.3e-021
05740 ///// ///// 0000.0 000 000 2.0e-021
05800 ///// ///// 0000.3 000 000 4.7e-021
05860 ///// ///// 0000.0 000 000 5.6e-021
05920 ///// ///// 0000.0 000 000 9.7e-022
05980 ///// ///// 0000.0 000 000 5.7e-021
NNNN
