WNDROBS 01.20
57793 0114.3600 027.7900 00130.0 LC 20130629223000
ROBS
00100 129.0 003.3 0002.2 100 100 1.7e-021
00160 129.0 003.7 0002.2 100 100 3.7e-021
00220 126.0 004.3 0002.2 100 100 3.7e-021
00280 130.0 004.5 -000.1 100 100 8.4e-021
00340 139.0 004.3 0000.2 100 100 1.6e-020
00400 149.0 004.3 0000.0 100 100 1.6e-020
00460 158.0 006.3 -000.0 100 100 3.8e-020
00520 163.0 007.1 -000.1 100 100 1.3e-019
00580 170.0 007.4 -000.1 100 100 3.4e-019
00640 171.0 005.7 0000.1 100 100 1.2e-019
00700 162.0 003.6 -000.1 100 100 7.6e-020
00760 175.0 004.7 -000.2 100 100 2.6e-020
00820 176.0 002.4 0000.1 100 100 3.5e-020
00880 182.0 004.7 0000.1 100 100 1.5e-020
00940 207.0 001.0 0000.0 100 100 6.5e-021
01000 203.0 001.1 -000.4 100 100 1.5e-020
01060 224.0 001.7 -000.1 100 100 6.0e-021
01120 236.0 002.4 -000.0 100 100 5.8e-021
01180 220.0 003.2 -000.0 100 100 2.2e-021
01240 220.0 005.2 -000.4 100 100 1.4e-021
01300 228.0 006.6 -000.7 100 100 1.6e-021
01360 234.0 007.4 -000.5 100 100 2.8e-021
01420 222.0 008.9 -000.3 100 100 3.0e-021
01480 222.0 009.4 -000.1 100 100 3.1e-021
01540 229.0 011.4 -000.3 100 100 6.1e-021
01600 231.0 011.6 0000.1 100 100 4.4e-021
01660 234.0 012.5 -000.5 100 100 3.2e-021
01720 235.0 012.2 -000.1 100 100 2.5e-021
01780 235.0 011.4 -000.0 100 100 2.6e-021
01840 232.0 010.7 -000.0 100 100 2.5e-021
01900 229.0 010.1 0000.1 100 100 2.7e-021
01960 233.0 011.8 0000.0 100 100 2.8e-021
02020 234.0 011.4 0000.4 100 100 4.1e-021
02080 233.0 011.8 0000.0 100 100 1.6e-021
02140 229.0 008.9 0000.0 100 100 1.5e-021
02200 226.0 010.2 0000.1 100 100 3.1e-021
02260 225.0 010.0 -000.1 100 100 6.3e-021
02320 223.0 009.6 -000.2 100 100 5.2e-021
02380 222.0 008.5 0000.1 100 100 6.7e-021
02440 214.0 009.2 0000.0 100 100 6.4e-021
02500 205.0 009.1 0000.5 100 100 6.6e-021
02560 207.0 010.1 0000.6 100 100 3.9e-021
02620 213.0 009.2 0000.0 100 100 2.1e-021
02680 210.0 009.5 0000.0 100 100 9.5e-022
02740 206.0 009.6 -000.1 100 100 2.5e-021
02800 211.0 009.5 0000.0 100 100 3.1e-021
02860 208.0 009.3 0000.0 100 100 3.3e-021
02920 207.0 009.7 0000.0 100 100 2.4e-021
02980 208.0 009.5 -000.3 100 100 2.7e-021
03040 208.0 009.0 -000.2 100 100 2.7e-021
03100 208.0 009.5 0000.0 100 100 3.0e-021
03160 211.0 008.0 0000.0 100 100 2.3e-021
03220 208.0 008.7 0000.0 100 100 2.4e-021
03280 209.0 008.4 -000.2 100 100 4.1e-021
03340 209.0 008.8 -000.1 100 100 4.5e-021
03400 209.0 008.7 -000.3 100 100 3.9e-021
03460 217.0 007.7 0000.0 100 100 3.1e-021
03520 231.0 005.6 0000.0 100 100 2.4e-021
03580 259.0 004.5 0000.0 100 100 3.2e-021
03640 231.0 005.8 0000.0 100 100 2.8e-021
03700 231.0 005.9 0000.0 100 100 2.7e-021
03760 226.0 006.5 0000.0 100 100 2.2e-021
03820 220.0 006.1 0000.0 100 100 1.1e-021
03880 215.0 006.7 0000.0 100 100 2.6e-021
03940 236.0 005.4 0000.0 100 100 2.8e-021
04000 213.0 006.9 0000.3 100 100 3.9e-021
04060 214.0 008.0 0000.1 100 100 2.7e-021
04120 222.0 007.1 0000.2 100 100 5.2e-021
04180 225.0 007.1 0000.3 100 100 7.2e-021
04240 237.0 006.5 0000.3 100 100 1.2e-020
04300 245.0 006.9 0000.1 100 100 1.3e-020
04360 247.0 007.7 -000.1 100 100 1.2e-020
04420 248.0 008.3 -000.4 100 100 1.5e-020
04480 247.0 008.4 -000.6 100 100 1.6e-020
04540 245.0 008.4 -000.6 100 100 1.1e-020
04600 244.0 009.2 -000.8 100 100 1.1e-020
04660 233.0 009.2 0000.1 100 100 1.0e-020
04720 235.0 010.1 0000.1 100 100 2.6e-020
04780 244.0 009.7 0000.2 100 100 1.8e-020
04840 242.0 009.6 0000.4 100 100 1.2e-020
04900 244.0 009.4 -000.0 100 100 1.3e-020
04960 245.0 009.3 0000.0 100 100 1.2e-020
05020 244.0 009.1 0000.0 100 100 8.5e-021
05080 246.0 009.2 0000.0 100 100 4.7e-021
05140 237.0 011.1 0000.1 100 100 8.1e-021
05200 227.0 009.5 0000.0 100 100 3.9e-021
05260 ///// ///// -000.7 000 000 3.8e-021
05320 ///// ///// 0001.3 000 000 5.1e-021
05380 ///// ///// 0001.1 000 000 1.4e-021
05440 ///// ///// 0000.0 000 000 1.4e-021
05500 ///// ///// -000.3 000 000 5.1e-021
05560 ///// ///// 0000.0 000 000 4.1e-021
05620 ///// ///// 0000.0 000 000 1.8e-021
05680 ///// ///// 0000.0 000 000 7.5e-022
05740 ///// ///// 0000.0 000 000 2.2e-021
05800 ///// ///// -000.5 000 000 6.0e-021
05860 ///// ///// 0000.0 000 000 3.6e-021
05920 ///// ///// 0000.0 000 000 4.3e-021
05980 ///// ///// -000.0 000 000 5.5e-021
NNNN
