WNDROBS 01.20
57793 0114.3600 027.7900 00130.0 LC 20130629090500
ROBS
00100 115.0 004.1 0000.1 100 100 4.2e-021
00160 112.0 004.5 0000.1 100 100 8.7e-021
00220 116.0 006.1 0000.1 100 100 5.4e-021
00280 102.0 006.2 -000.0 100 100 1.0e-020
00340 108.0 004.9 -000.0 100 100 1.7e-020
00400 120.0 005.4 -000.1 100 100 1.1e-020
00460 135.0 005.7 -000.2 100 100 1.9e-020
00520 143.0 005.9 -000.1 100 100 2.2e-020
00580 151.0 006.8 -000.3 100 100 2.9e-020
00640 152.0 007.3 -000.1 100 100 2.6e-020
00700 158.0 007.1 -000.1 100 100 4.6e-020
00760 157.0 007.7 -000.0 100 100 7.5e-020
00820 160.0 007.4 0000.1 100 100 1.0e-019
00880 166.0 007.7 -000.1 100 100 1.2e-019
00940 181.0 007.9 0000.0 100 100 3.8e-020
01000 188.0 006.7 -000.3 100 100 1.9e-020
01060 185.0 006.7 -000.1 100 100 5.6e-021
01120 190.0 006.4 0000.2 100 100 9.4e-022
01180 197.0 003.8 0000.5 100 100 2.2e-021
01240 198.0 003.2 0000.2 100 100 9.2e-021
01300 200.0 003.3 0000.2 100 100 1.5e-020
01360 213.0 004.1 0000.1 100 100 1.5e-020
01420 223.0 005.0 -000.0 100 100 1.5e-020
01480 226.0 005.7 -000.1 100 100 2.5e-020
01540 225.0 007.0 -000.2 100 100 2.0e-020
01600 220.0 007.6 -000.0 100 100 3.2e-020
01660 216.0 007.8 -000.2 100 100 4.6e-020
01720 213.0 009.0 -000.3 100 100 2.4e-020
01780 210.0 010.7 -000.2 100 100 1.7e-020
01840 206.0 010.9 -000.2 100 100 8.7e-021
01900 211.0 011.4 -000.3 100 100 1.0e-020
01960 213.0 011.1 -000.2 100 100 7.4e-021
02020 213.0 010.8 -000.1 100 100 6.6e-021
02080 210.0 009.2 -000.2 100 100 4.0e-021
02140 225.0 009.5 -000.1 100 100 4.6e-021
02200 224.0 009.3 -000.2 100 100 4.0e-021
02260 231.0 010.6 -000.3 100 100 6.8e-021
02320 231.0 010.9 -000.6 100 100 9.2e-021
02380 230.0 011.1 -000.5 100 100 7.1e-021
02440 228.0 010.9 -000.5 100 100 6.5e-021
02500 232.0 011.1 -000.5 100 100 1.3e-020
02560 231.0 011.4 -000.5 100 100 1.3e-020
02620 231.0 011.0 -000.7 100 100 7.7e-021
02680 232.0 010.8 -001.3 100 100 1.2e-020
02740 238.0 010.8 -001.1 100 100 6.6e-021
02800 237.0 011.3 -000.3 100 100 3.1e-021
02860 236.0 011.0 -000.3 100 100 4.1e-021
02920 230.0 011.8 -000.3 100 100 5.5e-021
02980 229.0 012.0 0000.0 100 100 5.2e-021
03040 229.0 012.4 0001.0 100 100 5.4e-021
03100 226.0 013.2 0000.0 100 100 5.7e-021
03160 238.0 010.3 0000.0 100 100 3.1e-021
03220 239.0 010.4 -000.4 100 100 4.5e-021
03280 228.0 012.0 -000.4 100 100 4.6e-021
03340 231.0 011.8 -000.3 100 100 6.9e-021
03400 231.0 013.1 0000.0 100 100 4.3e-021
03460 232.0 013.0 0000.0 100 100 4.5e-021
03520 232.0 013.0 0000.4 100 100 4.8e-021
03580 232.0 013.2 -000.3 100 100 5.5e-021
03640 228.0 012.3 -000.6 100 100 6.3e-021
03700 227.0 010.8 -000.1 100 100 8.1e-021
03760 235.0 009.9 -000.2 100 100 6.7e-021
03820 227.0 011.0 -000.3 100 100 1.0e-020
03880 229.0 011.9 -000.3 100 100 1.6e-020
03940 228.0 012.3 -000.2 100 100 2.1e-020
04000 224.0 012.2 -000.2 100 100 2.3e-020
04060 226.0 012.7 -000.1 100 100 2.0e-020
04120 229.0 012.5 -000.1 100 100 1.8e-020
04180 230.0 012.1 0000.1 100 100 1.1e-020
04240 232.0 011.2 0000.1 100 100 1.4e-020
04300 242.0 012.0 0000.0 100 100 7.9e-021
04360 239.0 010.7 0000.0 100 100 2.0e-021
04420 234.0 012.2 0000.0 100 100 1.5e-021
04480 221.0 007.3 0000.0 100 100 4.1e-021
04540 ///// ///// 0000.0 000 000 8.8e-022
04600 ///// ///// 0000.0 000 000 1.2e-021
04660 ///// ///// 0000.3 000 000 2.5e-021
04720 ///// ///// 0000.0 000 000 1.4e-021
04780 ///// ///// 0000.0 000 000 2.4e-021
04840 ///// ///// 0000.0 000 000 3.0e-021
04900 ///// ///// -000.3 000 000 5.0e-021
04960 ///// ///// 0000.0 000 000 3.5e-021
05020 ///// ///// 0000.0 000 000 2.2e-021
05080 ///// ///// -000.5 000 000 3.1e-021
05140 ///// ///// -000.6 000 000 2.1e-021
05200 ///// ///// 0000.0 000 000 3.9e-021
05260 ///// ///// -000.4 000 000 6.0e-021
05320 ///// ///// -000.2 000 000 7.2e-021
05380 ///// ///// -000.3 000 000 6.9e-021
05440 ///// ///// -000.4 000 000 7.4e-021
05500 ///// ///// -000.1 000 000 7.8e-021
05560 ///// ///// -001.3 000 000 6.5e-021
05620 ///// ///// 0000.0 000 000 4.4e-021
05680 ///// ///// 0000.1 000 000 4.7e-021
05740 ///// ///// 0000.0 000 000 1.7e-021
05800 ///// ///// 0000.0 000 000 2.2e-021
05860 ///// ///// 0000.0 000 000 3.5e-021
05920 ///// ///// 0000.0 000 000 2.3e-021
05980 ///// ///// 0000.0 000 000 4.3e-021
NNNN
