WNDROBS 01.20
57793 0114.3600 027.7900 00130.0 LC 20130628061500
ROBS
00100 066.0 003.9 0004.8 100 100 6.0e-018
00160 104.0 003.6 0005.3 100 100 2.5e-017
00220 105.0 003.4 0005.0 100 100 3.1e-017
00280 101.0 003.8 0005.2 100 100 3.4e-017
00340 096.0 003.3 0008.1 100 100 3.2e-017
00400 115.0 001.4 0007.8 100 100 3.5e-017
00460 111.0 001.0 0007.7 100 100 4.1e-017
00520 111.0 001.2 0007.9 100 100 4.7e-017
00580 121.0 002.2 0007.8 100 100 4.8e-017
00640 278.0 000.6 0007.7 100 100 5.7e-017
00700 086.0 000.7 0007.9 100 100 6.1e-017
00760 102.0 001.5 0007.4 100 100 7.3e-017
00820 245.0 002.0 0006.4 100 100 6.6e-017
00880 236.0 002.4 0007.7 100 100 5.9e-017
00940 285.0 001.7 0007.4 100 100 6.8e-017
01000 273.0 006.1 0006.6 100 100 6.4e-017
01060 277.0 005.9 0007.7 100 100 7.9e-018
01120 278.0 006.9 0007.8 100 100 8.1e-018
01180 274.0 006.8 0007.5 100 100 8.6e-018
01240 266.0 007.0 0007.5 100 100 9.6e-018
01300 253.0 007.9 0007.4 100 100 1.1e-017
01360 248.0 008.6 0007.3 100 100 1.1e-017
01420 256.0 010.5 0007.4 100 100 1.1e-017
01480 259.0 011.0 0007.2 100 100 1.1e-017
01540 252.0 007.7 0007.3 100 100 9.0e-018
01600 247.0 012.0 0007.0 100 100 1.4e-017
01660 244.0 014.9 0006.8 100 100 1.6e-017
01720 245.0 013.6 0007.1 100 100 1.8e-017
01780 249.0 013.4 0007.1 100 100 2.1e-017
01840 230.0 016.1 0007.2 100 100 2.6e-017
01900 226.0 014.4 0007.3 100 100 2.4e-017
01960 227.0 015.9 0007.0 100 100 2.9e-017
02020 229.0 015.4 0007.6 100 100 3.2e-017
02080 231.0 015.5 0007.3 100 100 3.5e-017
02140 268.0 014.1 0007.7 100 100 3.9e-017
02200 271.0 014.9 0008.1 100 100 3.4e-017
02260 262.0 015.2 0008.0 100 100 3.3e-017
02320 257.0 015.6 0008.3 100 100 3.1e-017
02380 257.0 016.3 0008.4 100 100 3.0e-017
02440 255.0 016.0 0008.6 100 100 3.5e-017
02500 232.0 019.4 0008.6 100 100 3.7e-017
02560 228.0 017.8 0008.5 100 100 3.2e-017
02620 233.0 019.3 0008.6 100 100 3.7e-017
02680 234.0 018.3 0008.7 100 100 3.9e-017
02740 235.0 018.2 0008.7 100 100 4.0e-017
02800 233.0 017.2 0008.8 100 100 3.7e-017
02860 229.0 016.6 0008.8 100 100 3.3e-017
02920 234.0 017.6 0008.6 100 100 3.9e-017
02980 237.0 016.8 0008.7 100 100 3.6e-017
03040 234.0 014.8 0008.9 100 100 3.3e-017
03100 232.0 014.5 0008.9 100 100 3.4e-017
03160 232.0 013.7 0009.0 100 100 3.7e-017
03220 241.0 015.5 0009.2 100 100 4.6e-017
03280 236.0 015.9 0009.4 100 100 3.9e-017
03340 236.0 012.5 0009.4 100 100 4.4e-017
03400 248.0 011.9 0009.5 100 100 5.0e-017
03460 241.0 012.1 0009.6 100 100 4.2e-017
03520 255.0 011.1 0009.7 100 100 5.1e-017
03580 258.0 011.6 0009.7 100 100 5.2e-017
03640 258.0 009.8 0009.6 100 100 5.3e-017
03700 260.0 009.0 0009.7 100 100 5.0e-017
03760 257.0 011.5 0009.8 100 100 5.7e-017
03820 262.0 008.6 0009.9 100 100 4.5e-017
03880 263.0 009.3 0010.1 100 100 4.8e-017
03940 261.0 009.0 0010.0 100 100 4.4e-017
04000 258.0 008.6 0010.1 100 100 3.8e-017
04060 279.0 010.2 0010.0 100 100 3.4e-017
04120 266.0 010.4 0010.1 100 100 3.0e-017
04180 268.0 012.1 0010.1 100 100 3.3e-017
04240 263.0 009.9 0010.2 100 100 2.6e-017
04300 247.0 010.5 0010.1 100 100 2.5e-017
04360 260.0 012.4 0010.0 100 100 2.9e-017
04420 245.0 010.2 0010.1 100 100 2.6e-017
04480 249.0 011.4 0010.1 100 100 3.0e-017
04540 238.0 008.8 0009.9 100 100 2.8e-017
04600 234.0 011.8 0009.3 100 100 2.6e-017
04660 229.0 017.3 0008.4 100 100 3.1e-017
04720 230.0 018.7 0006.3 100 100 3.4e-017
04780 220.0 016.0 0003.3 100 100 9.2e-019
04840 218.0 011.0 0003.0 100 100 1.9e-017
04900 215.0 010.7 0003.3 100 100 2.5e-017
04960 208.0 012.6 0003.0 100 100 2.5e-017
05020 208.0 013.3 0002.7 100 100 2.3e-017
05080 216.0 015.3 0002.6 100 100 2.3e-017
05140 227.0 017.8 0002.3 100 100 2.3e-017
05200 232.0 018.7 0002.0 100 100 1.9e-017
05260 230.0 018.3 0001.4 100 100 1.7e-017
05320 230.0 017.3 0001.3 100 100 1.4e-017
05380 229.0 017.4 0001.1 100 100 1.1e-017
05440 228.0 017.0 0001.0 100 100 8.3e-018
05500 229.0 017.0 0001.0 100 100 6.9e-018
05560 228.0 017.1 0001.0 100 100 5.8e-018
05620 227.0 017.4 0001.0 100 100 5.2e-018
05680 225.0 017.4 0001.0 100 100 4.7e-018
05740 224.0 017.9 0000.9 100 100 4.0e-018
05800 226.0 018.7 0000.9 100 100 3.1e-018
05860 226.0 019.1 0000.9 100 100 2.6e-018
05920 225.0 018.7 0000.8 100 100 2.0e-018
05980 225.0 018.4 0000.8 100 100 1.8e-018
NNNN
