WNDROBS 01.20
57793 0114.3600 027.7900 00130.0 LC 20130629150500
ROBS
00100 088.0 003.5 -000.5 100 100 1.2e-020
00160 087.0 003.9 -000.5 100 100 4.2e-020
00220 088.0 004.2 -000.6 100 100 2.9e-020
00280 102.0 002.8 -000.1 100 100 1.2e-020
00340 112.0 005.2 -000.1 100 100 8.9e-021
00400 115.0 005.1 -000.1 100 100 2.7e-020
00460 142.0 006.9 -000.2 100 100 8.1e-020
00520 148.0 008.6 -000.2 100 100 1.6e-020
00580 163.0 010.0 -000.3 100 100 5.4e-021
00640 166.0 010.7 -000.2 100 100 1.2e-020
00700 174.0 011.4 -000.3 100 100 3.2e-020
00760 176.0 012.6 -000.2 100 100 2.8e-020
00820 176.0 013.1 -000.0 100 100 4.3e-020
00880 179.0 014.0 -000.1 100 100 8.7e-020
00940 180.0 013.6 -000.3 100 100 1.3e-019
01000 179.0 011.8 -000.2 100 100 1.5e-019
01060 181.0 013.3 -000.1 100 100 3.7e-020
01120 184.0 011.4 -000.0 100 100 3.7e-020
01180 188.0 010.2 -000.2 100 100 6.6e-020
01240 188.0 009.4 -000.2 100 100 6.1e-020
01300 191.0 008.7 -000.0 100 100 4.6e-020
01360 199.0 008.1 -000.0 100 100 4.2e-020
01420 202.0 007.4 -000.2 100 100 3.4e-020
01480 200.0 007.3 0000.0 100 100 2.4e-020
01540 207.0 007.0 -000.0 100 100 2.1e-020
01600 212.0 007.7 -000.0 100 100 1.1e-020
01660 215.0 008.8 -000.1 100 100 8.5e-021
01720 219.0 009.1 -000.1 100 100 7.7e-021
01780 221.0 010.5 -000.1 100 100 9.5e-021
01840 225.0 010.8 -000.1 100 100 1.1e-020
01900 225.0 012.2 -000.1 100 100 9.5e-021
01960 224.0 011.4 -000.3 100 100 9.5e-021
02020 225.0 011.3 -000.2 100 100 9.8e-021
02080 224.0 010.5 -000.2 100 100 1.2e-020
02140 225.0 010.8 -000.2 100 100 9.4e-021
02200 228.0 010.8 -000.3 100 100 7.0e-021
02260 225.0 010.8 -000.4 100 100 4.0e-021
02320 228.0 010.5 -000.1 100 100 3.6e-021
02380 222.0 010.1 -000.1 100 100 3.9e-021
02440 217.0 011.0 -000.2 100 100 3.6e-021
02500 216.0 010.0 -000.2 100 100 6.3e-021
02560 217.0 009.7 -000.2 100 100 6.7e-021
02620 221.0 009.0 -000.3 100 100 6.0e-021
02680 218.0 009.5 -000.2 100 100 6.6e-021
02740 224.0 009.5 -000.0 100 100 6.8e-021
02800 226.0 009.6 0000.2 100 100 9.8e-021
02860 232.0 010.8 -000.3 100 100 6.7e-021
02920 236.0 010.5 0000.1 100 100 3.6e-021
02980 236.0 010.6 -000.1 100 100 3.1e-021
03040 236.0 010.6 0000.3 100 100 5.0e-021
03100 235.0 010.9 0000.0 100 100 6.5e-021
03160 241.0 010.9 -000.0 100 100 1.0e-020
03220 239.0 010.4 -000.1 100 100 7.8e-021
03280 237.0 010.3 -000.2 100 100 6.6e-021
03340 242.0 011.2 0000.0 100 100 6.3e-021
03400 235.0 009.9 0000.0 100 100 5.9e-021
03460 234.0 010.2 0000.0 100 100 3.1e-021
03520 234.0 010.3 0000.0 100 100 4.6e-021
03580 233.0 010.5 0000.0 100 100 4.4e-021
03640 235.0 010.4 0000.0 100 100 4.6e-021
03700 232.0 009.4 0000.3 100 100 5.6e-021
03760 232.0 009.5 0000.0 100 100 5.8e-021
03820 232.0 009.6 0000.0 100 100 6.2e-021
03880 232.0 009.6 -000.2 100 100 7.0e-021
03940 243.0 008.8 -000.3 100 100 4.5e-021
04000 243.0 012.4 -000.2 100 100 3.1e-021
04060 228.0 010.0 0000.0 100 100 2.3e-021
04120 217.0 010.3 0000.0 100 100 2.8e-021
04180 210.0 010.4 0000.0 100 100 5.3e-021
04240 211.0 009.5 -000.5 100 100 1.1e-021
04300 ///// ///// 0000.0 000 000 2.3e-021
04360 160.0 004.8 -000.2 100 100 3.6e-021
04420 ///// ///// -000.1 000 000 5.0e-021
04480 216.0 006.9 -000.3 100 100 7.0e-021
04540 215.0 007.6 0000.0 100 100 6.5e-021
04600 217.0 007.4 0000.0 100 100 6.9e-021
04660 214.0 008.0 -000.3 100 100 6.4e-021
04720 218.0 008.2 0000.1 100 100 6.4e-021
04780 ///// ///// 0000.0 000 000 1.0e-021
04840 ///// ///// 0000.0 000 000 1.4e-021
04900 ///// ///// 0000.8 000 000 3.9e-021
04960 ///// ///// 0000.3 000 000 4.7e-021
05020 ///// ///// 0000.0 000 000 2.1e-021
05080 ///// ///// 0000.0 000 000 1.4e-021
05140 ///// ///// 0000.0 000 000 7.2e-022
05200 ///// ///// 0000.0 000 000 1.4e-021
05260 ///// ///// 0000.0 000 000 3.1e-021
05320 ///// ///// 0000.0 000 000 3.8e-021
05380 ///// ///// 0000.0 000 000 3.2e-021
05440 ///// ///// 0000.0 000 000 3.0e-021
05500 ///// ///// 0000.0 000 000 3.1e-021
05560 ///// ///// 0000.0 000 000 1.7e-021
05620 ///// ///// 0000.0 000 000 1.8e-021
05680 ///// ///// 0000.0 000 000 4.5e-021
05740 ///// ///// 0000.0 000 000 4.5e-021
05800 ///// ///// 0000.0 000 000 5.9e-021
05860 ///// ///// -000.1 000 000 5.9e-021
05920 ///// ///// 0000.0 000 000 3.8e-021
05980 ///// ///// 0000.0 000 000 3.8e-021
NNNN
