WNDROBS 01.20
57793 0114.3600 027.7900 00130.0 LC 20130629094000
ROBS
00100 339.0 006.8 0003.9 100 100 5.8e-020
00160 038.0 007.2 0004.4 100 100 4.1e-019
00220 061.0 011.8 0004.1 100 100 3.4e-019
00280 065.0 012.8 0003.4 100 100 3.0e-019
00340 074.0 012.0 0003.3 100 100 2.5e-019
00400 069.0 010.7 0002.8 100 100 2.9e-019
00460 081.0 009.4 0002.3 100 100 2.4e-019
00520 101.0 008.5 0002.1 100 100 2.0e-019
00580 125.0 009.2 0002.1 100 100 1.9e-019
00640 139.0 009.3 0002.3 100 100 1.8e-019
00700 152.0 008.9 0002.4 100 100 1.4e-019
00760 149.0 008.7 0002.8 100 100 2.3e-019
00820 152.0 007.0 0002.9 100 100 2.4e-019
00880 150.0 006.0 0002.8 100 100 2.7e-019
00940 163.0 004.3 0002.9 100 100 2.8e-019
01000 175.0 002.0 0003.1 100 100 3.0e-019
01060 159.0 005.4 0003.3 100 100 7.0e-020
01120 242.0 001.8 0003.3 100 100 1.3e-019
01180 208.0 005.6 0003.4 100 100 7.6e-020
01240 203.0 005.3 0003.5 100 100 5.8e-020
01300 243.0 005.0 0003.3 100 100 1.4e-019
01360 235.0 005.2 0003.2 100 100 1.5e-019
01420 209.0 008.8 0003.0 100 100 1.3e-019
01480 229.0 006.5 0002.8 100 100 1.8e-019
01540 212.0 010.3 0002.7 100 100 1.5e-019
01600 213.0 011.4 0002.6 100 100 1.6e-019
01660 212.0 012.4 0002.6 100 100 1.7e-019
01720 214.0 013.1 0002.6 100 100 1.7e-019
01780 216.0 013.5 0002.5 100 100 1.7e-019
01840 216.0 013.4 0002.6 100 100 1.7e-019
01900 222.0 014.6 0002.7 100 100 1.2e-019
01960 219.0 014.4 0002.7 100 100 1.6e-019
02020 218.0 014.4 0002.6 100 100 1.5e-019
02080 224.0 015.9 0002.6 100 100 1.0e-019
02140 224.0 015.8 0002.7 100 100 1.0e-019
02200 221.0 014.3 0002.8 100 100 1.3e-019
02260 221.0 013.8 0002.7 100 100 1.1e-019
02320 221.0 013.9 0002.6 100 100 1.2e-019
02380 232.0 011.8 0002.6 100 100 1.3e-019
02440 228.0 011.2 0002.5 100 100 1.3e-019
02500 229.0 011.4 0002.2 100 100 1.2e-019
02560 228.0 011.5 0002.2 100 100 1.1e-019
02620 235.0 012.6 0002.1 100 100 1.0e-019
02680 238.0 012.7 0002.1 100 100 9.2e-020
02740 237.0 012.3 0002.2 100 100 8.2e-020
02800 228.0 014.2 0001.9 100 100 7.8e-020
02860 222.0 015.4 0002.2 100 100 8.1e-020
02920 220.0 015.5 0002.1 100 100 7.9e-020
02980 221.0 015.7 0001.9 100 100 7.0e-020
03040 ///// ///// 0002.2 000 000 6.1e-020
03100 223.0 015.6 0002.0 100 100 5.9e-020
03160 224.0 015.6 0001.7 100 100 5.9e-020
03220 226.0 016.0 0001.8 100 100 5.6e-020
03280 225.0 015.4 0002.2 100 100 5.5e-020
03340 224.0 015.5 0002.1 100 100 4.0e-020
03400 224.0 015.2 0002.3 100 100 3.7e-020
03460 225.0 015.0 0003.6 100 100 3.4e-020
03520 224.0 014.3 0003.2 100 100 3.5e-020
03580 243.0 011.5 0003.4 100 100 3.4e-020
03640 243.0 011.5 0003.1 100 100 3.5e-020
03700 243.0 011.2 0002.1 100 100 2.5e-020
03760 244.0 012.1 0004.6 100 100 2.2e-020
03820 238.0 011.1 0000.0 100 100 2.2e-020
03880 244.0 009.4 0000.0 100 100 1.6e-020
03940 244.0 010.0 0000.0 100 100 2.0e-020
04000 241.0 010.1 0003.5 100 100 2.2e-020
04060 243.0 011.5 0000.2 100 100 2.3e-020
04120 237.0 010.2 0000.0 100 100 1.3e-020
04180 219.0 011.5 0000.0 100 100 1.3e-020
04240 215.0 010.2 0000.3 100 100 1.6e-020
04300 195.0 007.8 0000.1 100 100 1.5e-020
04360 195.0 008.0 0002.3 100 100 1.4e-020
04420 208.0 007.8 0000.5 100 100 1.3e-020
04480 ///// ///// 0000.0 000 000 3.9e-021
04540 ///// ///// 0000.0 000 000 9.4e-021
04600 ///// ///// -000.0 000 000 1.6e-020
04660 ///// ///// 0000.0 000 000 2.0e-020
04720 ///// ///// 0000.0 000 000 2.6e-020
04780 ///// ///// 0000.0 000 000 4.3e-021
04840 ///// ///// 0000.0 000 000 9.4e-021
04900 ///// ///// -000.1 000 000 1.1e-020
04960 ///// ///// 0000.0 000 000 3.6e-021
05020 ///// ///// 0000.0 000 000 9.6e-021
05080 ///// ///// 0001.6 000 000 1.4e-020
05140 ///// ///// 0000.5 000 000 1.6e-020
05200 ///// ///// 0000.9 000 000 1.4e-020
05260 ///// ///// 0000.9 000 000 1.7e-020
05320 ///// ///// 0001.1 000 000 2.1e-020
05380 ///// ///// 0001.1 000 000 2.1e-020
05440 ///// ///// 0000.9 000 000 2.5e-020
05500 ///// ///// 0000.9 000 000 2.9e-020
05560 ///// ///// 0001.2 000 000 2.6e-020
05620 ///// ///// 0001.3 000 000 3.3e-020
05680 ///// ///// 0001.5 000 000 2.9e-020
05740 ///// ///// 0000.0 000 000 2.5e-020
05800 ///// ///// 0000.4 000 000 2.0e-020
05860 ///// ///// 0000.0 000 000 2.5e-020
05920 ///// ///// 0000.0 000 000 2.7e-020
05980 ///// ///// 0001.2 000 000 2.1e-020
NNNN
