WNDROBS 01.20
57793 0114.3600 027.7900 00130.0 LC 20130629024500
ROBS
00100 112.0 002.0 0002.3 100 100 1.0e-021
00160 104.0 002.1 0002.6 100 100 2.1e-021
00220 100.0 002.3 0002.5 100 100 2.1e-021
00280 100.0 002.0 0000.1 100 100 3.1e-021
00340 098.0 002.9 0000.1 100 100 2.7e-021
00400 107.0 002.2 0000.0 100 100 4.1e-021
00460 108.0 002.6 0000.2 100 100 6.7e-021
00520 112.0 002.8 0000.2 100 100 1.6e-020
00580 115.0 002.5 0000.1 100 100 1.7e-020
00640 234.0 002.5 -000.1 100 100 1.9e-020
00700 226.0 003.8 -000.4 100 100 2.2e-020
00760 235.0 005.4 -000.3 100 100 4.4e-020
00820 232.0 007.7 -000.3 100 100 3.1e-020
00880 231.0 009.8 -000.1 100 100 2.0e-020
00940 232.0 012.0 -000.3 100 100 7.8e-021
01000 237.0 012.7 0000.0 100 100 6.9e-021
01060 231.0 010.3 -000.0 100 100 1.3e-021
01120 230.0 010.3 -000.0 100 100 2.9e-021
01180 229.0 011.3 -000.0 100 100 4.2e-021
01240 231.0 011.8 0000.1 100 100 3.4e-021
01300 235.0 012.7 0000.1 100 100 2.3e-021
01360 237.0 012.9 0000.0 100 100 4.5e-021
01420 240.0 014.0 0000.1 100 100 4.9e-021
01480 243.0 014.5 -000.0 100 100 2.9e-021
01540 242.0 016.2 0000.0 100 100 2.2e-021
01600 243.0 016.4 -000.0 100 100 7.4e-021
01660 241.0 018.2 0000.1 100 100 1.4e-020
01720 241.0 019.1 -000.1 100 100 4.5e-021
01780 248.0 017.0 -000.4 100 100 1.7e-021
01840 248.0 015.0 0000.3 100 100 1.5e-021
01900 239.0 015.2 0000.0 100 100 1.3e-021
01960 239.0 015.3 0000.0 100 100 2.0e-021
02020 245.0 015.0 0000.2 100 100 1.7e-021
02080 242.0 013.8 0000.1 100 100 2.0e-021
02140 246.0 014.1 -000.1 100 100 1.6e-021
02200 244.0 013.3 -000.1 100 100 1.9e-021
02260 245.0 014.5 0000.2 100 100 1.8e-021
02320 243.0 012.9 0000.2 100 100 1.9e-021
02380 242.0 013.2 0000.0 100 100 2.6e-021
02440 238.0 013.9 -000.0 100 100 2.5e-021
02500 235.0 014.9 0000.0 100 100 2.5e-021
02560 244.0 010.2 -001.6 100 100 2.5e-021
02620 232.0 011.4 0000.0 100 100 8.1e-022
02680 229.0 011.7 0000.0 100 100 1.8e-021
02740 230.0 011.1 -000.4 100 100 3.0e-021
02800 240.0 009.0 0001.1 100 100 2.1e-021
02860 236.0 008.6 0000.0 100 100 2.8e-021
02920 241.0 003.8 -001.1 100 100 1.9e-021
02980 240.0 003.6 -000.2 100 100 2.7e-021
03040 188.0 001.7 -000.6 100 100 2.4e-021
03100 257.0 007.4 0000.0 100 100 2.2e-022
03160 ///// ///// 0000.0 000 000 1.4e-021
03220 ///// ///// 0000.0 000 000 2.2e-021
03280 ///// ///// 0000.0 000 000 1.8e-021
03340 ///// ///// -000.0 000 000 2.1e-021
03400 240.0 008.1 0000.0 100 100 3.4e-021
03460 227.0 010.8 0000.0 100 100 2.3e-021
03520 230.0 011.5 0000.0 100 100 2.7e-021
03580 245.0 011.1 0000.0 100 100 2.1e-021
03640 258.0 010.5 0000.9 100 100 3.0e-021
03700 ///// ///// 0000.1 000 000 6.8e-022
03760 ///// ///// 0000.5 000 000 2.6e-021
03820 ///// ///// 0000.3 000 000 3.2e-021
03880 ///// ///// 0000.3 000 000 3.6e-021
03940 ///// ///// 0000.1 000 000 3.8e-021
04000 ///// ///// 0000.0 000 000 1.2e-021
04060 ///// ///// 0000.0 000 000 4.4e-021
04120 ///// ///// 0000.0 000 000 9.6e-022
04180 ///// ///// 0000.0 000 000 2.4e-021
04240 ///// ///// 0000.0 000 000 4.7e-021
04300 ///// ///// 0000.0 000 000 1.3e-021
04360 ///// ///// 0000.0 000 000 2.1e-021
04420 ///// ///// 0000.0 000 000 1.8e-021
04480 ///// ///// 0000.0 000 000 2.2e-021
04540 ///// ///// 0000.0 000 000 2.0e-021
04600 ///// ///// 0000.0 000 000 3.0e-021
04660 ///// ///// 0000.0 000 000 1.0e-021
04720 ///// ///// 0000.0 000 000 2.3e-021
04780 ///// ///// 0000.0 000 000 1.1e-021
04840 ///// ///// 0000.0 000 000 1.3e-021
04900 ///// ///// 0000.0 000 000 2.4e-021
04960 ///// ///// 0000.0 000 000 1.5e-021
05020 ///// ///// 0000.0 000 000 1.5e-021
05080 ///// ///// -000.4 000 000 3.3e-021
05140 ///// ///// 0000.0 000 000 1.4e-021
05200 ///// ///// -001.5 000 000 4.1e-021
05260 ///// ///// 0000.0 000 000 2.8e-021
05320 ///// ///// 0000.0 000 000 1.5e-021
05380 ///// ///// 0000.0 000 000 1.3e-021
05440 ///// ///// 0000.0 000 000 4.5e-021
05500 ///// ///// -000.4 000 000 2.5e-021
05560 ///// ///// -001.0 000 000 4.4e-021
05620 ///// ///// 0000.0 000 000 2.0e-021
05680 ///// ///// 0000.0 000 000 3.3e-021
05740 ///// ///// 0000.0 000 000 2.0e-021
05800 ///// ///// 0000.0 000 000 2.1e-021
05860 ///// ///// 0000.0 000 000 3.4e-021
05920 ///// ///// 0000.0 000 000 4.8e-021
05980 ///// ///// 0000.0 000 000 5.4e-021
NNNN
