WNDROBS 01.20
57793 0114.3600 027.7900 00130.0 LC 20130629172000
ROBS
00100 099.0 004.7 0001.9 100 100 5.6e-021
00160 099.0 005.3 0000.9 100 100 1.5e-020
00220 095.0 005.3 0000.0 100 100 1.5e-020
00280 117.0 004.9 0000.0 100 100 8.1e-021
00340 117.0 005.1 0000.1 100 100 8.4e-021
00400 117.0 005.5 0000.0 100 100 1.1e-020
00460 127.0 005.4 -000.1 100 100 8.5e-021
00520 153.0 007.7 -000.0 100 100 4.1e-020
00580 163.0 008.3 -000.1 100 100 9.1e-020
00640 167.0 009.2 -000.1 100 100 2.5e-019
00700 172.0 010.6 -000.1 100 100 1.9e-019
00760 178.0 011.6 -000.2 100 100 1.2e-019
00820 185.0 011.2 -000.3 100 100 2.3e-019
00880 186.0 009.8 -000.3 100 100 6.5e-020
00940 193.0 008.6 0000.1 100 100 4.4e-020
01000 189.0 007.3 0000.2 100 100 6.1e-020
01060 191.0 006.2 0000.4 100 100 2.7e-020
01120 202.0 005.2 0000.4 100 100 2.6e-020
01180 213.0 004.9 0000.3 100 100 1.9e-020
01240 212.0 005.0 0000.3 100 100 8.6e-021
01300 220.0 006.4 0000.1 100 100 6.0e-021
01360 216.0 007.7 0000.1 100 100 9.5e-021
01420 213.0 008.2 0000.1 100 100 5.6e-021
01480 215.0 008.8 0000.5 100 100 3.7e-021
01540 212.0 008.7 0000.1 100 100 4.1e-021
01600 219.0 009.5 0000.3 100 100 5.7e-021
01660 223.0 010.5 0000.1 100 100 7.0e-021
01720 225.0 011.3 -000.0 100 100 7.6e-021
01780 229.0 011.8 -000.0 100 100 6.3e-021
01840 232.0 012.5 0000.0 100 100 5.9e-021
01900 232.0 013.1 -000.2 100 100 5.6e-021
01960 230.0 013.0 -000.2 100 100 4.2e-021
02020 227.0 013.2 -000.4 100 100 4.0e-021
02080 230.0 012.0 -000.8 100 100 2.7e-021
02140 226.0 011.6 -000.1 100 100 4.1e-021
02200 225.0 010.4 -000.2 100 100 2.1e-021
02260 229.0 010.2 0000.0 100 100 1.7e-021
02320 231.0 010.3 0000.0 100 100 1.6e-021
02380 235.0 010.0 0000.0 100 100 1.8e-021
02440 229.0 009.3 -000.1 100 100 2.8e-021
02500 221.0 008.1 -000.3 100 100 3.1e-021
02560 223.0 009.3 -000.2 100 100 5.0e-021
02620 204.0 007.2 0000.0 100 100 2.7e-021
02680 204.0 007.6 0000.0 100 100 1.5e-021
02740 204.0 008.1 0000.0 100 100 1.8e-021
02800 206.0 008.3 -000.1 100 100 7.8e-022
02860 215.0 009.4 -000.1 100 100 2.9e-021
02920 215.0 009.0 0000.0 100 100 4.0e-021
02980 226.0 008.7 0000.0 100 100 8.6e-022
03040 231.0 008.3 -000.2 100 100 2.1e-021
03100 229.0 008.5 -000.3 100 100 2.1e-021
03160 230.0 008.5 -000.1 100 100 2.9e-021
03220 248.0 007.3 -000.2 100 100 3.0e-021
03280 232.0 008.3 -000.0 100 100 3.1e-021
03340 248.0 008.0 0000.0 100 100 7.4e-021
03400 240.0 008.2 0000.2 100 100 1.2e-020
03460 242.0 008.7 0000.2 100 100 1.2e-020
03520 237.0 008.1 0000.0 100 100 9.0e-021
03580 233.0 007.4 0000.0 100 100 4.7e-021
03640 249.0 006.5 0000.0 100 100 1.9e-021
03700 247.0 006.0 0000.2 100 100 5.3e-021
03760 247.0 006.0 0000.3 100 100 6.6e-021
03820 228.0 007.4 0000.2 100 100 6.0e-021
03880 216.0 008.9 0000.0 100 100 5.6e-021
03940 215.0 009.1 0000.1 100 100 6.9e-021
04000 211.0 009.3 0000.3 100 100 5.5e-021
04060 220.0 008.0 -000.0 100 100 8.9e-022
04120 218.0 008.1 0000.1 100 100 4.7e-021
04180 216.0 008.1 0000.0 100 100 5.5e-021
04240 204.0 007.9 0000.0 100 100 6.6e-022
04300 ///// ///// 0000.0 000 000 2.1e-021
04360 ///// ///// 0000.0 000 000 8.4e-022
04420 ///// ///// 0000.0 000 000 1.2e-021
04480 ///// ///// 0000.0 000 000 5.7e-022
04540 ///// ///// 0000.1 000 000 2.7e-021
04600 ///// ///// -000.8 000 000 2.7e-021
04660 ///// ///// -000.2 000 000 2.1e-021
04720 ///// ///// 0001.1 000 000 1.3e-021
04780 ///// ///// 0000.0 000 000 1.3e-021
04840 ///// ///// 0000.0 000 000 4.0e-021
04900 ///// ///// -000.1 000 000 2.4e-021
04960 ///// ///// 0000.0 000 000 2.8e-021
05020 ///// ///// 0000.3 000 000 4.7e-021
05080 ///// ///// 0000.0 000 000 3.8e-021
05140 226.0 006.3 0000.1 100 100 3.9e-021
05200 225.0 006.8 0000.2 100 100 4.0e-021
05260 218.0 006.2 0000.0 100 100 3.6e-021
05320 222.0 006.5 0000.0 100 100 3.6e-021
05380 200.0 007.7 0000.9 100 100 4.2e-021
05440 ///// ///// 0000.0 000 000 3.5e-021
05500 ///// ///// 0000.0 000 000 3.0e-021
05560 ///// ///// 0000.0 000 000 3.4e-021
05620 ///// ///// 0000.0 000 000 1.7e-021
05680 ///// ///// 0000.0 000 000 3.1e-021
05740 ///// ///// 0000.0 000 000 5.9e-022
05800 ///// ///// 0000.0 000 000 4.4e-021
05860 ///// ///// 0000.0 000 000 1.7e-021
05920 ///// ///// 0000.0 000 000 3.6e-021
05980 ///// ///// 0000.0 000 000 2.1e-021
NNNN
