WNDROBS 01.20
57793 0114.3600 027.7900 00130.0 LC 20130628022500
ROBS
00100 324.0 004.7 0002.8 100 100 8.1e-021
00160 331.0 004.5 0003.1 100 100 6.7e-020
00220 327.0 004.9 0003.1 100 100 1.2e-019
00280 330.0 005.2 0003.2 100 100 1.9e-019
00340 339.0 004.1 0002.7 100 100 2.7e-019
00400 337.0 004.9 0002.0 100 100 1.8e-019
00460 001.0 003.0 0002.2 100 100 1.3e-019
00520 020.0 004.4 0002.5 100 100 1.6e-019
00580 006.0 004.3 0000.8 100 100 6.2e-020
00640 271.0 004.1 0002.9 100 100 7.8e-020
00700 222.0 001.6 0002.8 100 100 4.7e-020
00760 033.0 006.7 0002.6 100 100 1.1e-019
00820 358.0 003.2 0002.5 100 100 1.2e-019
00880 357.0 002.6 0002.0 100 100 9.8e-020
00940 301.0 000.9 0001.3 100 100 9.7e-020
01000 276.0 000.8 0000.7 100 100 5.0e-020
01060 227.0 000.2 0001.0 100 100 3.4e-020
01120 199.0 009.5 0000.7 100 100 4.6e-020
01180 203.0 009.5 0000.5 100 100 8.3e-020
01240 208.0 009.9 0000.2 100 100 7.9e-020
01300 210.0 010.2 0000.0 100 100 7.6e-020
01360 205.0 011.8 0000.1 100 100 4.0e-020
01420 201.0 011.6 0000.1 100 100 5.5e-020
01480 199.0 012.0 -000.0 100 100 6.4e-020
01540 199.0 012.5 -000.0 100 100 6.3e-020
01600 202.0 013.1 -000.0 100 100 6.1e-020
01660 205.0 013.3 0000.2 100 100 5.4e-020
01720 207.0 013.6 0000.1 100 100 4.2e-020
01780 212.0 013.7 -000.0 100 100 4.0e-020
01840 213.0 014.0 -000.0 100 100 4.3e-020
01900 217.0 014.5 0000.1 100 100 3.8e-020
01960 216.0 014.5 0000.1 100 100 3.3e-020
02020 209.0 014.3 0000.2 100 100 3.6e-020
02080 206.0 013.9 0000.3 100 100 2.7e-020
02140 207.0 013.9 0000.0 100 100 2.5e-020
02200 208.0 014.5 -000.0 100 100 2.0e-020
02260 211.0 013.3 0000.8 100 100 1.3e-020
02320 207.0 015.8 0000.0 100 100 9.2e-021
02380 230.0 023.4 0000.0 100 100 1.2e-020
02440 230.0 022.8 0000.0 100 100 1.2e-020
02500 227.0 026.2 -000.4 100 100 2.7e-020
02560 230.0 023.5 -000.2 100 100 1.3e-020
02620 231.0 023.9 0000.0 100 100 3.5e-020
02680 231.0 023.8 0000.2 100 100 4.2e-020
02740 231.0 023.8 0000.9 100 100 4.5e-020
02800 230.0 023.3 0002.1 100 100 5.5e-020
02860 229.0 022.9 0001.2 100 100 7.8e-020
02920 228.0 022.5 0001.2 100 100 9.9e-020
02980 226.0 022.6 0000.6 100 100 8.1e-020
03040 228.0 021.6 0000.6 100 100 7.0e-020
03100 231.0 019.6 0000.7 100 100 8.3e-020
03160 231.0 019.2 0000.9 100 100 1.1e-019
03220 232.0 019.0 0000.8 100 100 6.5e-020
03280 236.0 019.0 0001.0 100 100 6.4e-020
03340 232.0 017.6 0000.0 100 100 2.8e-020
03400 247.0 018.7 0001.4 100 100 3.1e-020
03460 244.0 019.0 0000.2 100 100 3.1e-020
03520 247.0 017.4 0000.1 100 100 1.9e-020
03580 246.0 017.2 0000.2 100 100 2.1e-020
03640 246.0 016.7 0000.4 100 100 2.4e-020
03700 245.0 018.1 0000.0 100 100 1.5e-020
03760 242.0 018.4 0001.0 100 100 2.6e-020
03820 238.0 019.3 0000.9 100 100 3.1e-020
03880 236.0 020.1 0001.1 100 100 3.3e-020
03940 237.0 018.8 0001.2 100 100 2.8e-020
04000 241.0 021.4 0001.0 100 100 3.4e-020
04060 242.0 019.7 0001.0 100 100 3.8e-020
04120 245.0 022.0 0000.6 100 100 4.6e-020
04180 253.0 021.4 0000.2 100 100 3.4e-020
04240 258.0 029.8 0000.2 100 100 3.6e-020
04300 250.0 029.6 0000.4 100 100 2.7e-020
04360 258.0 026.2 0000.3 100 100 2.4e-020
04420 260.0 025.9 0000.3 100 100 2.0e-020
04480 255.0 024.3 0001.2 100 100 1.8e-020
04540 258.0 023.3 0001.1 100 100 1.8e-020
04600 259.0 022.6 0000.6 100 100 1.9e-020
04660 257.0 020.5 0000.3 100 100 1.9e-020
04720 258.0 018.9 -000.1 100 100 2.9e-020
04780 ///// ///// 0000.0 000 000 2.4e-021
04840 ///// ///// 0000.0 000 000 6.8e-021
04900 ///// ///// 0000.0 000 000 7.4e-021
04960 ///// ///// 0000.0 000 000 5.1e-021
05020 ///// ///// 0000.0 000 000 6.8e-021
05080 ///// ///// 0000.0 000 000 2.2e-021
05140 ///// ///// 0000.0 000 000 4.1e-021
05200 ///// ///// 0000.0 000 000 3.8e-021
05260 ///// ///// 0001.1 000 000 5.7e-021
05320 ///// ///// 0000.0 000 000 1.4e-021
05380 ///// ///// 0000.0 000 000 1.4e-021
05440 ///// ///// 0000.5 000 000 4.2e-021
05500 ///// ///// 0000.0 000 000 6.9e-022
05560 ///// ///// 0000.0 000 000 2.2e-021
05620 ///// ///// 0000.0 000 000 5.6e-021
05680 ///// ///// 0000.0 000 000 6.1e-021
05740 ///// ///// 0000.0 000 000 1.9e-021
05800 ///// ///// 0000.0 000 000 5.0e-021
05860 ///// ///// 0000.0 000 000 2.1e-021
05920 ///// ///// 0000.0 000 000 1.0e-021
05980 ///// ///// 0000.0 000 000 5.6e-021
NNNN
