WNDROBS 01.20
57793 0114.3600 027.7900 00130.0 LC 20130629135500
ROBS
00100 099.0 004.1 0000.5 100 100 1.1e-020
00160 099.0 004.6 0000.5 100 100 2.4e-020
00220 103.0 004.8 0000.1 100 100 2.8e-020
00280 100.0 004.4 -000.0 100 100 7.5e-021
00340 131.0 006.7 0000.0 100 100 6.8e-021
00400 122.0 006.2 0000.1 100 100 1.3e-020
00460 133.0 005.6 -000.2 100 100 2.1e-020
00520 151.0 007.0 -000.2 100 100 4.7e-020
00580 157.0 008.1 -000.2 100 100 1.9e-020
00640 167.0 009.8 -000.4 100 100 8.6e-021
00700 171.0 010.5 -000.2 100 100 6.6e-021
00760 172.0 011.1 -000.2 100 100 1.4e-020
00820 171.0 012.2 -000.1 100 100 1.3e-020
00880 168.0 013.2 -000.2 100 100 2.3e-020
00940 174.0 012.3 -000.1 100 100 9.5e-020
01000 173.0 010.4 -000.3 100 100 5.8e-020
01060 177.0 010.9 -000.0 100 100 1.6e-020
01120 179.0 009.4 -000.2 100 100 3.1e-020
01180 180.0 010.0 -000.4 100 100 3.3e-020
01240 188.0 009.0 -000.6 100 100 4.5e-020
01300 188.0 009.2 -000.7 100 100 2.8e-020
01360 190.0 009.0 0000.1 100 100 2.5e-020
01420 193.0 008.2 0000.1 100 100 2.6e-020
01480 191.0 007.2 0000.4 100 100 2.5e-020
01540 194.0 006.9 0000.5 100 100 2.1e-020
01600 201.0 006.8 0000.4 100 100 1.5e-020
01660 203.0 007.1 0000.2 100 100 1.9e-020
01720 204.0 007.3 0000.2 100 100 1.5e-020
01780 208.0 008.0 0000.1 100 100 1.5e-020
01840 215.0 008.4 0000.2 100 100 1.8e-020
01900 216.0 008.5 0000.2 100 100 1.6e-020
01960 220.0 009.2 -000.0 100 100 1.0e-020
02020 218.0 009.0 -000.0 100 100 8.6e-021
02080 218.0 009.7 0000.0 100 100 7.8e-021
02140 218.0 008.5 0000.1 100 100 7.7e-021
02200 222.0 008.9 -000.1 100 100 9.5e-021
02260 227.0 010.7 -000.1 100 100 8.6e-021
02320 224.0 010.8 -000.1 100 100 6.6e-021
02380 225.0 010.5 -000.4 100 100 7.6e-021
02440 219.0 011.5 -000.5 100 100 8.3e-021
02500 221.0 011.2 -000.2 100 100 3.3e-021
02560 224.0 009.5 0000.0 100 100 2.8e-021
02620 223.0 009.9 0000.2 100 100 3.5e-021
02680 222.0 011.3 -000.4 100 100 2.6e-021
02740 224.0 011.9 -000.2 100 100 3.4e-021
02800 234.0 011.5 -000.1 100 100 4.1e-021
02860 231.0 011.8 -000.2 100 100 4.8e-021
02920 238.0 010.9 -000.2 100 100 3.0e-021
02980 241.0 009.5 -000.2 100 100 4.1e-021
03040 248.0 008.6 0000.0 100 100 1.3e-021
03100 248.0 008.6 0000.0 100 100 3.6e-021
03160 247.0 008.4 0000.0 100 100 3.4e-021
03220 240.0 007.8 -000.2 100 100 4.7e-021
03280 241.0 008.4 -000.3 100 100 1.0e-020
03340 242.0 008.7 -000.2 100 100 1.3e-020
03400 243.0 008.7 -000.2 100 100 2.4e-020
03460 239.0 009.3 -000.2 100 100 4.0e-020
03520 231.0 010.1 0000.0 100 100 7.3e-021
03580 224.0 010.2 0000.0 100 100 1.2e-020
03640 235.0 009.1 0000.0 100 100 4.6e-021
03700 235.0 009.2 0000.0 100 100 1.3e-020
03760 240.0 008.8 0000.0 100 100 1.2e-020
03820 236.0 009.3 0000.0 100 100 1.3e-020
03880 235.0 009.1 0000.0 100 100 5.6e-021
03940 234.0 008.6 0000.0 100 100 2.9e-021
04000 237.0 008.4 0000.0 100 100 3.0e-021
04060 244.0 008.0 0000.0 100 100 2.2e-021
04120 261.0 007.5 0000.0 100 100 2.6e-021
04180 276.0 007.7 0000.0 100 100 1.7e-021
04240 ///// ///// 0000.0 000 000 5.8e-022
04300 ///// ///// 0000.2 000 000 3.1e-021
04360 ///// ///// 0000.0 000 000 2.3e-021
04420 ///// ///// 0000.8 000 000 2.9e-021
04480 ///// ///// 0000.3 000 000 3.9e-021
04540 ///// ///// 0000.2 000 000 6.6e-021
04600 ///// ///// 0000.4 000 000 3.9e-021
04660 ///// ///// 0000.4 000 000 6.7e-021
04720 ///// ///// 0000.0 000 000 5.6e-021
04780 ///// ///// 0000.1 000 000 3.6e-021
04840 ///// ///// 0000.0 000 000 3.1e-021
04900 ///// ///// 0000.0 000 000 3.9e-021
04960 ///// ///// 0000.0 000 000 2.2e-021
05020 ///// ///// 0000.0 000 000 3.6e-021
05080 ///// ///// -000.1 000 000 3.3e-021
05140 ///// ///// 0000.0 000 000 3.9e-021
05200 ///// ///// 0000.0 000 000 5.5e-022
05260 ///// ///// 0000.0 000 000 1.8e-021
05320 ///// ///// 0000.0 000 000 1.4e-021
05380 ///// ///// 0000.0 000 000 4.0e-021
05440 ///// ///// 0000.0 000 000 1.6e-021
05500 ///// ///// 0000.0 000 000 2.6e-021
05560 ///// ///// 0000.0 000 000 2.6e-021
05620 ///// ///// 0000.0 000 000 3.6e-021
05680 ///// ///// 0000.0 000 000 1.5e-021
05740 ///// ///// 0000.0 000 000 4.2e-021
05800 ///// ///// 0000.0 000 000 4.9e-021
05860 ///// ///// 0000.0 000 000 1.6e-021
05920 ///// ///// 0000.0 000 000 3.0e-021
05980 ///// ///// 0000.7 000 000 4.9e-021
NNNN
