WNDROBS 01.20
57793 0114.3600 027.7900 00130.0 LC 20130629174000
ROBS
00100 125.0 005.5 0001.9 100 100 3.5e-021
00160 125.0 006.1 0001.2 100 100 8.5e-021
00220 106.0 004.7 -000.0 100 100 9.4e-021
00280 107.0 004.9 -000.1 100 100 7.1e-021
00340 112.0 004.9 -000.0 100 100 6.7e-021
00400 118.0 005.2 0000.0 100 100 9.4e-021
00460 135.0 005.0 0000.0 100 100 1.0e-020
00520 153.0 008.0 0000.1 100 100 2.4e-020
00580 159.0 008.4 0000.0 100 100 6.8e-020
00640 164.0 009.4 0000.1 100 100 1.7e-019
00700 168.0 010.6 0000.2 100 100 1.0e-019
00760 175.0 010.9 0000.1 100 100 1.3e-019
00820 183.0 009.1 -000.0 100 100 8.6e-020
00880 186.0 007.3 -000.3 100 100 7.2e-020
00940 184.0 005.3 -000.3 100 100 7.1e-020
01000 187.0 004.2 -000.2 100 100 5.4e-020
01060 187.0 005.7 -000.0 100 100 1.5e-020
01120 190.0 004.7 0001.0 100 100 7.1e-021
01180 202.0 004.1 -000.2 100 100 5.7e-021
01240 206.0 005.1 0001.4 100 100 3.1e-021
01300 212.0 005.7 0000.0 100 100 4.1e-021
01360 216.0 006.3 -000.2 100 100 2.4e-021
01420 219.0 006.9 -000.0 100 100 1.9e-021
01480 223.0 007.5 -000.2 100 100 3.0e-021
01540 221.0 008.1 0000.1 100 100 3.5e-021
01600 218.0 008.6 -000.1 100 100 6.6e-021
01660 223.0 009.6 -000.2 100 100 5.5e-021
01720 227.0 009.7 -000.1 100 100 6.6e-021
01780 232.0 008.7 0000.0 100 100 8.9e-021
01840 230.0 010.3 0000.1 100 100 7.1e-021
01900 229.0 010.6 0000.2 100 100 4.5e-021
01960 223.0 010.3 0000.2 100 100 3.7e-021
02020 223.0 011.1 0000.3 100 100 2.7e-021
02080 220.0 010.1 0000.2 100 100 3.6e-021
02140 220.0 009.4 0000.3 100 100 3.0e-021
02200 242.0 007.5 0000.0 100 100 2.3e-021
02260 242.0 007.6 0000.0 100 100 3.0e-021
02320 239.0 007.8 0000.0 100 100 2.3e-021
02380 239.0 010.2 -000.1 100 100 3.7e-021
02440 237.0 009.8 -000.1 100 100 5.3e-021
02500 236.0 009.7 -000.2 100 100 4.7e-021
02560 236.0 009.1 0000.2 100 100 4.0e-021
02620 234.0 008.9 0000.0 100 100 3.5e-021
02680 230.0 007.8 0000.2 100 100 3.5e-021
02740 212.0 005.9 0000.1 100 100 3.8e-021
02800 209.0 005.5 0000.0 100 100 6.5e-022
02860 228.0 003.8 0000.0 100 100 2.7e-021
02920 212.0 005.2 0000.0 100 100 8.4e-022
02980 212.0 005.2 -000.8 100 100 9.5e-022
03040 212.0 005.3 0000.0 100 100 3.6e-022
03100 221.0 006.2 0001.1 100 100 9.6e-022
03160 220.0 006.9 0000.0 100 100 3.5e-022
03220 207.0 008.3 -000.5 100 100 2.4e-021
03280 214.0 008.0 -000.1 100 100 2.6e-021
03340 213.0 007.9 -000.8 100 100 3.4e-021
03400 224.0 009.0 -000.4 100 100 7.1e-021
03460 227.0 008.1 -000.1 100 100 7.3e-021
03520 226.0 008.0 -000.1 100 100 1.2e-020
03580 229.0 008.5 -000.1 100 100 1.5e-020
03640 224.0 007.4 0000.0 100 100 1.6e-020
03700 218.0 007.2 0000.0 100 100 4.5e-021
03760 210.0 004.9 0000.0 100 100 2.1e-021
03820 201.0 006.7 -000.1 100 100 3.5e-021
03880 226.0 009.5 -000.3 100 100 4.2e-021
03940 222.0 008.2 0000.0 100 100 5.8e-021
04000 214.0 008.2 -000.1 100 100 1.4e-020
04060 208.0 008.1 -000.4 100 100 7.2e-021
04120 ///// ///// 0000.0 000 000 1.3e-021
04180 209.0 007.7 0000.0 100 100 1.8e-021
04240 204.0 007.8 0001.0 100 100 6.8e-021
04300 205.0 008.9 0000.0 100 100 3.2e-021
04360 ///// ///// 0000.0 000 000 2.2e-021
04420 ///// ///// 0000.0 000 000 2.0e-021
04480 ///// ///// 0000.0 000 000 2.3e-021
04540 ///// ///// 0000.0 000 000 1.3e-021
04600 ///// ///// 0001.2 000 000 2.4e-021
04660 ///// ///// 0000.0 000 000 2.7e-021
04720 ///// ///// 0000.0 000 000 3.4e-021
04780 ///// ///// 0000.0 000 000 1.0e-021
04840 ///// ///// 0000.0 000 000 2.9e-021
04900 ///// ///// 0000.0 000 000 2.3e-021
04960 ///// ///// 0000.0 000 000 9.4e-022
05020 ///// ///// -000.8 000 000 4.2e-021
05080 ///// ///// 0000.2 000 000 5.3e-021
05140 ///// ///// 0000.2 000 000 3.8e-021
05200 ///// ///// 0000.0 000 000 3.5e-021
05260 ///// ///// 0000.0 000 000 3.2e-021
05320 ///// ///// 0000.0 000 000 3.4e-021
05380 ///// ///// 0000.0 000 000 1.1e-021
05440 ///// ///// 0000.0 000 000 3.4e-021
05500 ///// ///// 0000.5 000 000 5.6e-021
05560 ///// ///// 0000.0 000 000 3.8e-021
05620 ///// ///// 0000.0 000 000 4.1e-021
05680 ///// ///// -000.2 000 000 2.5e-021
05740 ///// ///// 0000.0 000 000 2.9e-021
05800 ///// ///// 0001.7 000 000 5.4e-021
05860 ///// ///// 0000.0 000 000 2.9e-021
05920 ///// ///// 0000.0 000 000 2.1e-021
05980 ///// ///// 0000.0 000 000 4.0e-021
NNNN
