WNDROBS 01.20
57793 0114.3600 027.7900 00130.0 LC 20130629013000
ROBS
00100 073.0 003.1 0001.9 100 100 2.3e-021
00160 073.0 003.5 0002.1 100 100 4.9e-021
00220 055.0 003.2 0002.1 100 100 3.3e-021
00280 064.0 003.0 -000.1 100 100 8.7e-021
00340 075.0 003.2 0000.0 100 100 1.1e-020
00400 105.0 002.8 0000.0 100 100 8.8e-021
00460 104.0 002.9 0000.1 100 100 9.5e-021
00520 125.0 002.0 0000.6 100 100 4.2e-021
00580 190.0 002.2 0000.2 100 100 6.8e-021
00640 242.0 005.3 0000.2 100 100 6.2e-021
00700 233.0 007.7 -000.0 100 100 4.4e-021
00760 235.0 009.3 0000.0 100 100 2.5e-021
00820 233.0 008.9 0000.0 100 100 4.1e-021
00880 230.0 009.3 0000.2 100 100 5.0e-021
00940 228.0 010.2 0000.2 100 100 7.6e-021
01000 228.0 010.5 0000.0 100 100 1.0e-020
01060 225.0 011.2 0000.1 100 100 3.3e-021
01120 225.0 011.8 0000.3 100 100 4.3e-021
01180 226.0 012.7 0000.2 100 100 3.2e-021
01240 227.0 013.4 0000.3 100 100 4.6e-021
01300 226.0 014.3 0000.5 100 100 7.4e-021
01360 226.0 015.2 0000.4 100 100 6.6e-021
01420 236.0 015.9 0000.4 100 100 6.3e-021
01480 234.0 016.0 0000.5 100 100 5.9e-021
01540 238.0 015.3 0000.3 100 100 5.6e-021
01600 240.0 015.2 0000.5 100 100 8.0e-021
01660 239.0 015.2 0000.4 100 100 6.5e-021
01720 239.0 015.4 0000.3 100 100 7.0e-021
01780 238.0 016.5 0000.4 100 100 6.4e-021
01840 241.0 017.4 0000.4 100 100 4.2e-021
01900 231.0 015.3 0000.6 100 100 1.7e-021
01960 243.0 019.4 0000.6 100 100 2.5e-021
02020 240.0 019.0 0000.2 100 100 3.5e-021
02080 243.0 016.7 0000.2 100 100 2.6e-021
02140 242.0 016.8 0000.3 100 100 2.4e-021
02200 237.0 014.5 -000.1 100 100 1.9e-021
02260 241.0 017.0 -000.4 100 100 2.2e-021
02320 243.0 017.0 0000.4 100 100 2.2e-021
02380 243.0 017.2 -000.1 100 100 2.2e-021
02440 243.0 017.3 0000.0 100 100 8.3e-022
02500 273.0 015.1 -000.1 100 100 1.5e-021
02560 286.0 011.3 0000.0 100 100 1.5e-021
02620 270.0 011.4 0000.0 100 100 1.2e-021
02680 270.0 011.5 0000.0 100 100 4.9e-022
02740 270.0 011.7 0000.0 100 100 1.8e-021
02800 ///// ///// 0000.0 000 000 1.2e-021
02860 ///// ///// 0000.1 000 000 1.4e-021
02920 ///// ///// 0000.0 000 000 9.0e-022
02980 ///// ///// 0000.0 000 000 1.3e-021
03040 ///// ///// 0000.0 000 000 7.0e-022
03100 ///// ///// 0000.0 000 000 1.7e-021
03160 ///// ///// 0000.0 000 000 1.9e-021
03220 244.0 012.5 0000.0 100 100 2.0e-021
03280 242.0 011.7 0000.0 100 100 2.0e-021
03340 238.0 010.9 0000.0 100 100 2.4e-021
03400 240.0 011.1 0000.0 100 100 1.8e-021
03460 243.0 010.5 0000.0 100 100 7.0e-022
03520 233.0 008.1 -000.9 100 100 2.7e-021
03580 238.0 004.8 -000.4 100 100 2.2e-021
03640 253.0 009.0 -000.5 100 100 3.7e-021
03700 252.0 009.4 -000.7 100 100 5.2e-021
03760 254.0 010.3 -000.9 100 100 7.2e-021
03820 256.0 011.0 -000.8 100 100 7.4e-021
03880 249.0 008.7 -000.4 100 100 6.5e-021
03940 243.0 010.2 0000.0 100 100 3.4e-021
04000 245.0 010.2 0000.0 100 100 2.7e-021
04060 239.0 008.0 0000.0 100 100 1.3e-021
04120 ///// ///// 0000.0 000 000 2.9e-021
04180 ///// ///// 0000.0 000 000 2.8e-021
04240 ///// ///// 0000.0 000 000 3.1e-021
04300 ///// ///// 0000.0 000 000 1.4e-021
04360 ///// ///// 0000.0 000 000 1.2e-021
04420 245.0 013.1 -000.2 100 100 3.0e-021
04480 240.0 012.8 -000.2 100 100 3.9e-021
04540 237.0 010.8 -000.4 100 100 5.4e-021
04600 237.0 011.3 -000.1 100 100 7.2e-021
04660 238.0 011.1 -000.1 100 100 6.6e-021
04720 242.0 010.2 -000.1 100 100 6.1e-021
04780 230.0 011.1 -000.6 100 100 2.9e-021
04840 ///// ///// 0000.0 000 000 2.2e-021
04900 255.0 012.0 0000.0 100 100 1.8e-021
04960 253.0 012.7 0000.0 100 100 6.3e-021
05020 ///// ///// 0000.0 000 000 4.1e-021
05080 254.0 012.0 0000.0 100 100 2.8e-021
05140 ///// ///// -001.2 000 000 5.0e-021
05200 ///// ///// 0000.0 000 000 2.3e-021
05260 ///// ///// 0000.5 000 000 3.7e-021
05320 ///// ///// 0000.0 000 000 4.1e-021
05380 ///// ///// -000.2 000 000 7.0e-021
05440 ///// ///// 0000.0 000 000 3.7e-021
05500 ///// ///// -001.4 000 000 6.2e-021
05560 ///// ///// 0000.0 000 000 3.3e-021
05620 ///// ///// 0000.0 000 000 1.9e-021
05680 ///// ///// 0000.0 000 000 2.8e-021
05740 ///// ///// 0000.0 000 000 3.3e-021
05800 ///// ///// -001.7 000 000 4.7e-021
05860 ///// ///// 0000.0 000 000 5.7e-021
05920 ///// ///// 0000.0 000 000 1.6e-021
05980 ///// ///// 0000.0 000 000 4.3e-021
NNNN
