WNDROBS 01.20
57793 0114.3600 027.7900 00130.0 LC 20130629142500
ROBS
00100 112.0 003.6 -000.6 100 100 3.5e-020
00160 101.0 003.5 -000.6 100 100 8.3e-020
00220 104.0 003.9 -000.4 100 100 8.2e-020
00280 092.0 004.7 -000.2 100 100 2.6e-020
00340 104.0 002.6 -000.2 100 100 1.8e-020
00400 104.0 004.2 -000.2 100 100 1.2e-020
00460 135.0 005.6 -000.4 100 100 3.7e-020
00520 152.0 007.5 -000.3 100 100 9.3e-020
00580 165.0 009.2 -000.4 100 100 2.0e-020
00640 170.0 010.1 -000.3 100 100 7.7e-021
00700 183.0 010.9 -000.4 100 100 4.6e-021
00760 171.0 012.4 -000.3 100 100 7.3e-021
00820 188.0 012.5 -000.0 100 100 8.1e-021
00880 178.0 013.7 -000.1 100 100 1.2e-020
00940 176.0 012.7 -000.1 100 100 2.9e-020
01000 177.0 013.2 -000.1 100 100 8.9e-020
01060 178.0 013.8 0000.0 100 100 3.2e-020
01120 183.0 012.2 -000.0 100 100 4.7e-020
01180 186.0 011.0 0000.0 100 100 8.1e-020
01240 187.0 009.7 -000.1 100 100 8.4e-020
01300 193.0 009.0 0000.1 100 100 5.0e-020
01360 194.0 008.7 -000.1 100 100 4.3e-020
01420 195.0 008.2 -000.3 100 100 1.7e-020
01480 200.0 007.8 -000.6 100 100 1.5e-020
01540 198.0 007.2 -000.3 100 100 2.3e-020
01600 200.0 006.8 -000.1 100 100 3.4e-020
01660 205.0 007.1 -000.2 100 100 4.8e-020
01720 211.0 007.9 -000.1 100 100 1.7e-020
01780 217.0 008.1 -000.2 100 100 2.0e-020
01840 220.0 009.1 -000.3 100 100 2.1e-020
01900 235.0 009.6 -000.2 100 100 1.8e-020
01960 248.0 008.8 -000.3 100 100 2.1e-020
02020 241.0 009.0 -000.1 100 100 2.8e-020
02080 237.0 008.9 -000.2 100 100 1.6e-020
02140 231.0 010.1 -000.3 100 100 1.1e-020
02200 230.0 010.7 -000.2 100 100 8.8e-021
02260 226.0 011.7 -000.2 100 100 8.2e-021
02320 229.0 012.1 -000.1 100 100 7.6e-021
02380 230.0 011.6 -000.4 100 100 8.2e-021
02440 229.0 010.4 -000.2 100 100 5.4e-021
02500 228.0 010.7 0000.0 100 100 4.9e-021
02560 226.0 011.1 0000.0 100 100 5.3e-021
02620 221.0 009.1 -001.3 100 100 3.3e-021
02680 224.0 009.1 0000.0 100 100 2.8e-021
02740 233.0 010.7 -000.1 100 100 2.4e-021
02800 235.0 010.9 0000.4 100 100 2.3e-021
02860 233.0 011.4 0000.1 100 100 4.4e-021
02920 234.0 011.3 -000.1 100 100 5.6e-021
02980 230.0 012.2 0000.4 100 100 3.4e-021
03040 220.0 010.1 0000.0 100 100 2.3e-021
03100 226.0 009.3 0000.0 100 100 2.9e-021
03160 231.0 009.9 0000.0 100 100 1.2e-021
03220 226.0 009.2 -000.0 100 100 5.6e-021
03280 230.0 010.8 -000.2 100 100 4.5e-021
03340 232.0 010.8 -000.1 100 100 4.9e-021
03400 231.0 010.8 0000.1 100 100 5.0e-021
03460 232.0 010.6 0000.0 100 100 4.1e-021
03520 231.0 010.3 -001.3 100 100 3.3e-021
03580 229.0 010.9 0000.1 100 100 5.5e-021
03640 231.0 010.6 -000.1 100 100 3.4e-021
03700 230.0 011.2 -000.5 100 100 3.5e-021
03760 231.0 012.2 0000.0 100 100 7.7e-022
03820 234.0 011.0 0000.0 100 100 1.4e-021
03880 230.0 009.5 0000.0 100 100 2.5e-021
03940 219.0 009.4 -000.3 100 100 4.9e-021
04000 217.0 009.7 -000.2 100 100 5.9e-021
04060 215.0 010.9 0000.0 100 100 4.3e-021
04120 210.0 010.2 0000.0 100 100 4.0e-021
04180 214.0 008.8 -001.2 100 100 3.0e-021
04240 ///// ///// 0000.0 000 000 2.6e-021
04300 ///// ///// 0000.0 000 000 2.3e-021
04360 ///// ///// 0000.0 000 000 2.4e-021
04420 ///// ///// 0000.0 000 000 2.0e-021
04480 ///// ///// 0000.0 000 000 2.7e-021
04540 ///// ///// 0000.0 000 000 2.3e-021
04600 ///// ///// -000.2 000 000 1.3e-021
04660 ///// ///// -000.1 000 000 4.2e-021
04720 ///// ///// -000.0 000 000 4.5e-021
04780 ///// ///// -000.1 000 000 2.7e-021
04840 ///// ///// 0000.0 000 000 3.4e-021
04900 ///// ///// 0000.0 000 000 2.9e-021
04960 ///// ///// 0000.7 000 000 3.6e-021
05020 ///// ///// 0000.0 000 000 1.2e-021
05080 ///// ///// 0000.0 000 000 1.3e-021
05140 ///// ///// 0000.0 000 000 1.4e-021
05200 ///// ///// 0000.0 000 000 1.6e-021
05260 ///// ///// 0000.4 000 000 3.4e-021
05320 ///// ///// 0000.0 000 000 2.5e-021
05380 ///// ///// 0000.0 000 000 1.2e-021
05440 ///// ///// 0000.0 000 000 2.0e-021
05500 ///// ///// 0000.0 000 000 3.0e-021
05560 ///// ///// 0000.0 000 000 4.2e-021
05620 ///// ///// 0000.0 000 000 1.6e-021
05680 ///// ///// 0000.0 000 000 2.0e-021
05740 ///// ///// -000.9 000 000 3.4e-021
05800 ///// ///// 0000.0 000 000 5.5e-021
05860 ///// ///// 0000.0 000 000 1.6e-021
05920 ///// ///// 0000.0 000 000 5.3e-021
05980 ///// ///// 0000.0 000 000 2.1e-021
NNNN
