WNDROBS 01.20
57793 0114.3600 027.7900 00130.0 LC 20130629021500
ROBS
00100 064.0 001.8 0000.1 100 100 8.2e-022
00160 083.0 001.8 0000.2 100 100 1.9e-021
00220 082.0 002.0 0000.1 100 100 3.0e-021
00280 101.0 002.1 -000.0 100 100 4.9e-021
00340 099.0 002.7 -000.1 100 100 4.0e-021
00400 098.0 003.0 -000.1 100 100 4.2e-021
00460 112.0 002.8 -000.1 100 100 3.2e-021
00520 146.0 001.6 -000.1 100 100 8.8e-021
00580 150.0 002.4 0000.0 100 100 6.0e-021
00640 228.0 001.7 -000.2 100 100 2.4e-021
00700 236.0 005.1 -000.1 100 100 4.7e-021
00760 226.0 007.6 -000.0 100 100 6.9e-021
00820 228.0 008.3 0000.0 100 100 8.6e-021
00880 226.0 010.1 0000.0 100 100 9.5e-021
00940 222.0 010.7 0000.2 100 100 9.6e-021
01000 221.0 010.5 -000.9 100 100 6.3e-021
01060 222.0 010.7 0000.0 100 100 7.0e-022
01120 224.0 011.2 -000.0 100 100 2.1e-021
01180 226.0 011.4 0000.1 100 100 4.6e-021
01240 224.0 011.8 -000.2 100 100 6.4e-021
01300 227.0 012.5 -000.1 100 100 7.0e-021
01360 230.0 013.6 -000.1 100 100 6.3e-021
01420 232.0 014.7 -000.0 100 100 5.8e-021
01480 235.0 016.0 0000.1 100 100 5.4e-021
01540 237.0 017.2 0000.2 100 100 1.7e-021
01600 239.0 016.8 -000.2 100 100 1.5e-021
01660 238.0 018.4 -000.1 100 100 1.9e-021
01720 236.0 016.2 0000.3 100 100 1.4e-021
01780 243.0 018.2 0000.0 100 100 1.7e-021
01840 234.0 016.9 0000.2 100 100 1.3e-021
01900 242.0 018.1 -000.3 100 100 1.3e-021
01960 240.0 015.7 -000.2 100 100 2.4e-021
02020 232.0 016.2 0000.1 100 100 2.4e-021
02080 237.0 014.9 0000.2 100 100 2.3e-021
02140 237.0 014.9 0000.0 100 100 1.8e-021
02200 241.0 015.4 0000.3 100 100 2.7e-021
02260 237.0 015.8 0000.8 100 100 2.8e-021
02320 236.0 013.6 0000.0 100 100 3.4e-021
02380 237.0 012.2 -000.1 100 100 3.6e-021
02440 241.0 012.3 -000.1 100 100 6.3e-021
02500 238.0 012.9 0000.0 100 100 3.6e-021
02560 238.0 012.9 0000.0 100 100 3.9e-021
02620 230.0 009.3 -001.1 100 100 2.5e-021
02680 227.0 008.8 0000.0 100 100 1.4e-021
02740 224.0 009.2 0000.0 100 100 2.2e-021
02800 220.0 009.1 0000.0 100 100 1.9e-021
02860 227.0 008.9 0000.0 100 100 1.6e-021
02920 234.0 008.2 0000.0 100 100 7.8e-022
02980 215.0 004.0 0000.0 100 100 6.0e-022
03040 200.0 006.3 0000.0 100 100 1.2e-021
03100 206.0 005.1 0000.0 100 100 7.2e-022
03160 208.0 004.6 -000.0 100 100 1.5e-021
03220 230.0 003.8 0000.0 100 100 1.5e-021
03280 219.0 003.6 0000.0 100 100 1.7e-021
03340 207.0 004.8 0000.1 100 100 1.0e-021
03400 210.0 004.5 0000.0 100 100 1.5e-021
03460 195.0 003.2 0000.0 100 100 1.8e-021
03520 218.0 003.5 0000.0 100 100 2.0e-021
03580 225.0 003.2 -000.0 100 100 1.9e-021
03640 252.0 002.5 0000.0 100 100 1.8e-021
03700 228.0 003.1 0000.1 100 100 1.1e-021
03760 229.0 003.1 0001.1 100 100 2.6e-021
03820 237.0 006.7 0000.0 100 100 4.5e-022
03880 209.0 002.5 0000.1 100 100 1.1e-021
03940 207.0 002.5 0000.0 100 100 8.5e-022
04000 215.0 002.0 0000.0 100 100 9.2e-022
04060 ///// ///// 0000.0 000 000 7.6e-022
04120 ///// ///// 0000.2 000 000 2.2e-021
04180 ///// ///// 0000.1 000 000 1.4e-021
04240 ///// ///// 0000.0 000 000 8.5e-022
04300 ///// ///// 0000.0 000 000 2.4e-021
04360 ///// ///// -000.0 000 000 1.4e-021
04420 ///// ///// 0000.0 000 000 1.3e-021
04480 ///// ///// 0001.0 000 000 3.8e-021
04540 249.0 009.1 0000.1 100 100 4.2e-021
04600 277.0 008.1 0000.0 100 100 4.2e-021
04660 258.0 008.2 0000.0 100 100 5.8e-021
04720 ///// ///// 0001.1 000 000 3.0e-021
04780 ///// ///// 0000.0 000 000 3.4e-021
04840 ///// ///// 0000.2 000 000 1.8e-021
04900 ///// ///// 0000.0 000 000 2.2e-021
04960 ///// ///// 0000.0 000 000 3.4e-021
05020 ///// ///// 0000.0 000 000 2.9e-021
05080 ///// ///// 0000.0 000 000 1.5e-021
05140 ///// ///// 0000.0 000 000 4.0e-021
05200 ///// ///// 0000.0 000 000 1.7e-021
05260 ///// ///// -000.4 000 000 5.7e-021
05320 ///// ///// 0000.6 000 000 5.0e-021
05380 ///// ///// -000.3 000 000 6.2e-021
05440 ///// ///// -000.3 000 000 5.9e-021
05500 ///// ///// 0000.0 000 000 4.5e-021
05560 ///// ///// 0000.0 000 000 2.4e-021
05620 ///// ///// 0000.1 000 000 5.1e-021
05680 ///// ///// 0000.0 000 000 4.6e-021
05740 ///// ///// 0000.0 000 000 5.2e-021
05800 ///// ///// 0000.0 000 000 3.2e-021
05860 ///// ///// 0000.0 000 000 7.9e-021
05920 ///// ///// -000.7 000 000 6.5e-021
05980 ///// ///// -000.2 000 000 7.4e-021
NNNN
