WNDROBS 01.20
57793 0114.3600 027.7900 00130.0 LC 20130628011500
ROBS
00100 312.0 003.3 -000.5 100 100 6.6e-021
00160 321.0 003.6 -000.0 100 100 1.2e-019
00220 324.0 003.6 -000.2 100 100 1.9e-019
00280 333.0 003.3 -000.0 100 100 1.3e-019
00340 010.0 002.6 0000.0 100 100 6.6e-020
00400 015.0 002.2 0000.2 100 100 2.4e-020
00460 034.0 002.5 0000.1 100 100 1.8e-020
00520 044.0 001.6 0000.2 100 100 2.8e-020
00580 348.0 001.9 0000.4 100 100 5.7e-020
00640 279.0 000.9 0000.8 100 100 1.4e-019
00700 214.0 002.4 0000.5 100 100 1.6e-019
00760 209.0 003.6 0000.3 100 100 7.9e-020
00820 205.0 003.8 0000.5 100 100 2.0e-020
00880 189.0 004.1 0000.5 100 100 1.3e-020
00940 201.0 004.2 0000.7 100 100 2.0e-020
01000 207.0 005.0 0000.4 100 100 3.7e-020
01060 215.0 006.1 0000.6 100 100 2.4e-020
01120 226.0 006.4 0000.3 100 100 2.4e-020
01180 224.0 008.2 0000.2 100 100 3.5e-020
01240 224.0 010.0 0000.1 100 100 1.3e-020
01300 222.0 011.6 0000.1 100 100 3.7e-021
01360 228.0 012.0 0000.0 100 100 3.0e-021
01420 226.0 011.7 0000.2 100 100 4.0e-021
01480 227.0 012.5 0000.2 100 100 7.0e-021
01540 228.0 013.0 0000.3 100 100 1.0e-020
01600 231.0 013.0 0000.2 100 100 1.3e-020
01660 232.0 013.9 0000.1 100 100 1.4e-020
01720 234.0 014.4 0000.4 100 100 1.0e-020
01780 234.0 015.2 0000.3 100 100 9.3e-021
01840 232.0 015.7 0000.2 100 100 1.0e-020
01900 234.0 015.9 0000.1 100 100 9.4e-021
01960 234.0 016.3 0000.2 100 100 1.2e-020
02020 235.0 016.6 0000.2 100 100 1.3e-020
02080 238.0 017.2 0000.4 100 100 1.7e-020
02140 238.0 016.5 0000.3 100 100 1.9e-020
02200 235.0 016.7 -000.1 100 100 1.5e-020
02260 236.0 016.6 0000.3 100 100 1.6e-020
02320 236.0 016.5 0000.1 100 100 1.2e-020
02380 231.0 015.1 0000.2 100 100 5.5e-021
02440 234.0 014.7 -001.2 100 100 4.3e-021
02500 234.0 013.9 0000.0 100 100 4.1e-021
02560 233.0 012.9 0000.0 100 100 2.8e-021
02620 231.0 012.4 -001.4 100 100 2.3e-021
02680 231.0 012.5 -001.1 100 100 4.0e-021
02740 233.0 012.4 -001.7 100 100 3.2e-021
02800 235.0 012.7 -000.2 100 100 9.5e-021
02860 235.0 013.2 -000.2 100 100 5.5e-021
02920 232.0 012.1 0000.0 100 100 2.7e-021
02980 247.0 010.0 0000.0 100 100 4.0e-021
03040 260.0 010.0 0001.2 100 100 3.9e-021
03100 245.0 010.9 0000.0 100 100 1.6e-021
03160 236.0 012.0 0000.0 100 100 5.0e-021
03220 208.0 006.2 0000.0 100 100 2.5e-021
03280 215.0 011.7 0000.0 100 100 2.8e-021
03340 224.0 010.5 -000.4 100 100 1.2e-021
03400 230.0 012.7 0000.0 100 100 4.0e-021
03460 234.0 012.7 0000.0 100 100 1.0e-020
03520 230.0 013.6 0000.0 100 100 1.5e-021
03580 ///// ///// 0000.0 000 000 2.8e-021
03640 ///// ///// -001.7 000 000 3.5e-021
03700 ///// ///// 0000.9 000 000 4.0e-021
03760 ///// ///// 0000.5 000 000 3.9e-021
03820 ///// ///// 0000.7 000 000 3.0e-021
03880 ///// ///// 0000.0 000 000 1.9e-021
03940 ///// ///// -000.4 000 000 2.7e-021
04000 ///// ///// -000.4 000 000 3.0e-021
04060 ///// ///// -000.3 000 000 1.2e-021
04120 ///// ///// 0000.0 000 000 3.2e-021
04180 ///// ///// 0000.0 000 000 1.1e-021
04240 ///// ///// -000.1 000 000 2.4e-021
04300 ///// ///// 0000.0 000 000 2.7e-021
04360 ///// ///// 0000.0 000 000 2.6e-021
04420 ///// ///// -000.1 000 000 1.0e-021
04480 ///// ///// -000.2 000 000 2.0e-021
04540 ///// ///// 0000.0 000 000 3.5e-021
04600 ///// ///// 0000.3 000 000 4.2e-021
04660 ///// ///// 0000.0 000 000 7.9e-022
04720 ///// ///// 0000.0 000 000 1.2e-021
04780 ///// ///// 0000.0 000 000 3.6e-021
04840 ///// ///// 0000.0 000 000 3.8e-021
04900 ///// ///// 0000.0 000 000 2.9e-021
04960 ///// ///// 0000.0 000 000 3.6e-021
05020 ///// ///// 0000.0 000 000 3.4e-021
05080 ///// ///// 0000.0 000 000 1.8e-021
05140 ///// ///// 0000.0 000 000 1.3e-021
05200 ///// ///// 0000.0 000 000 5.1e-021
05260 ///// ///// 0000.0 000 000 2.8e-021
05320 ///// ///// 0000.0 000 000 1.5e-021
05380 ///// ///// 0000.0 000 000 3.8e-021
05440 ///// ///// 0000.6 000 000 4.3e-021
05500 ///// ///// 0000.0 000 000 3.6e-021
05560 ///// ///// 0000.0 000 000 1.8e-021
05620 ///// ///// 0000.0 000 000 3.4e-021
05680 ///// ///// 0000.0 000 000 4.5e-021
05740 ///// ///// 0000.0 000 000 5.4e-021
05800 ///// ///// 0000.0 000 000 4.4e-021
05860 ///// ///// -001.1 000 000 5.8e-021
05920 ///// ///// 0000.1 000 000 4.3e-021
05980 ///// ///// 0000.0 000 000 5.7e-021
NNNN
