WNDROBS 01.20
57793 0114.3600 027.7900 00130.0 LC 20130629160000
ROBS
00100 127.0 004.8 -000.2 100 100 1.3e-020
00160 127.0 005.3 -000.2 100 100 2.8e-020
00220 116.0 005.8 -000.2 100 100 2.3e-020
00280 117.0 006.1 -000.2 100 100 1.5e-020
00340 121.0 006.3 -000.2 100 100 1.4e-020
00400 124.0 006.4 -000.3 100 100 3.5e-020
00460 136.0 006.4 -000.2 100 100 4.1e-020
00520 144.0 007.6 -000.2 100 100 7.9e-021
00580 152.0 008.6 -000.3 100 100 2.2e-020
00640 155.0 009.0 -000.4 100 100 9.4e-020
00700 161.0 009.3 -000.5 100 100 4.0e-020
00760 167.0 009.0 -000.4 100 100 2.6e-020
00820 169.0 009.4 -000.3 100 100 3.2e-020
00880 173.0 010.2 -000.3 100 100 5.4e-020
00940 176.0 010.9 -000.3 100 100 6.7e-020
01000 177.0 011.7 -000.3 100 100 1.2e-019
01060 181.0 011.1 -000.0 100 100 5.2e-020
01120 194.0 010.2 -000.1 100 100 5.9e-020
01180 189.0 008.5 -000.2 100 100 5.2e-020
01240 189.0 007.8 -000.3 100 100 5.3e-020
01300 192.0 007.6 -000.3 100 100 4.0e-020
01360 195.0 007.7 -000.3 100 100 2.5e-020
01420 197.0 007.1 -000.3 100 100 1.7e-020
01480 205.0 005.7 -000.1 100 100 1.7e-020
01540 208.0 005.3 -000.1 100 100 3.0e-020
01600 206.0 005.5 -000.2 100 100 3.9e-020
01660 210.0 005.7 0000.0 100 100 3.3e-020
01720 212.0 006.8 0000.2 100 100 2.2e-020
01780 211.0 007.3 -000.1 100 100 1.6e-020
01840 215.0 008.2 -000.2 100 100 1.5e-020
01900 216.0 009.0 -000.3 100 100 1.4e-020
01960 215.0 009.5 -000.3 100 100 9.9e-021
02020 222.0 010.6 -000.2 100 100 7.6e-021
02080 221.0 010.7 -000.4 100 100 7.9e-021
02140 223.0 011.4 -000.4 100 100 9.3e-021
02200 224.0 010.7 -000.3 100 100 6.1e-021
02260 228.0 010.4 -000.2 100 100 7.0e-021
02320 231.0 010.4 -000.2 100 100 6.2e-021
02380 233.0 009.9 -000.3 100 100 4.5e-021
02440 231.0 009.3 -000.2 100 100 4.2e-021
02500 227.0 009.5 0000.0 100 100 1.9e-021
02560 226.0 007.1 -000.1 100 100 2.9e-021
02620 222.0 008.6 -000.3 100 100 3.6e-021
02680 224.0 008.3 -000.2 100 100 8.5e-021
02740 224.0 008.5 -000.2 100 100 1.1e-020
02800 212.0 007.3 -000.1 100 100 2.3e-020
02860 217.0 007.8 -000.1 100 100 3.7e-020
02920 224.0 008.1 -000.2 100 100 2.1e-020
02980 230.0 008.3 0000.0 100 100 2.9e-021
03040 231.0 009.1 0000.2 100 100 5.4e-021
03100 236.0 009.6 -000.2 100 100 5.5e-021
03160 224.0 009.6 0000.0 100 100 4.4e-021
03220 234.0 008.5 0000.0 100 100 3.9e-021
03280 230.0 009.0 0000.0 100 100 4.3e-021
03340 229.0 009.1 0000.0 100 100 4.8e-021
03400 231.0 009.0 0000.0 100 100 5.1e-021
03460 219.0 007.2 0000.0 100 100 2.4e-021
03520 223.0 007.8 0000.0 100 100 3.2e-021
03580 208.0 006.3 0000.2 100 100 1.2e-021
03640 226.0 008.4 -000.4 100 100 2.7e-021
03700 199.0 005.0 0000.3 100 100 2.5e-021
03760 192.0 004.7 -000.9 100 100 2.9e-021
03820 218.0 007.3 0000.0 100 100 1.1e-021
03880 224.0 007.1 0000.0 100 100 2.7e-021
03940 220.0 007.2 -000.2 100 100 3.7e-021
04000 203.0 004.7 -000.2 100 100 1.1e-021
04060 137.0 007.9 0000.0 100 100 3.9e-021
04120 ///// ///// -000.1 000 000 1.6e-021
04180 165.0 006.0 -000.1 100 100 3.9e-021
04240 187.0 006.8 -000.1 100 100 6.3e-021
04300 202.0 008.1 0000.0 100 100 3.2e-021
04360 211.0 008.1 0000.0 100 100 8.4e-021
04420 217.0 008.5 -000.9 100 100 1.1e-020
04480 217.0 009.8 0000.0 100 100 4.6e-021
04540 221.0 009.0 0000.0 100 100 3.7e-021
04600 203.0 007.6 0000.7 100 100 1.3e-021
04660 ///// ///// 0000.1 000 000 2.8e-021
04720 ///// ///// 0000.2 000 000 2.7e-021
04780 ///// ///// 0000.0 000 000 3.9e-021
04840 ///// ///// 0000.0 000 000 1.4e-021
04900 ///// ///// 0000.0 000 000 1.4e-021
04960 ///// ///// 0000.0 000 000 2.3e-021
05020 ///// ///// 0000.0 000 000 1.5e-021
05080 ///// ///// 0000.0 000 000 2.1e-021
05140 ///// ///// -000.1 000 000 4.6e-021
05200 ///// ///// 0000.0 000 000 4.8e-022
05260 ///// ///// 0000.0 000 000 3.1e-021
05320 ///// ///// 0000.0 000 000 5.6e-021
05380 ///// ///// 0000.0 000 000 3.7e-021
05440 ///// ///// 0000.1 000 000 4.6e-021
05500 ///// ///// 0000.0 000 000 2.7e-021
05560 ///// ///// 0000.0 000 000 5.2e-021
05620 ///// ///// 0000.0 000 000 3.2e-021
05680 ///// ///// 0000.0 000 000 1.4e-021
05740 ///// ///// 0000.0 000 000 4.4e-021
05800 ///// ///// 0000.0 000 000 1.9e-021
05860 ///// ///// -001.1 000 000 6.1e-021
05920 ///// ///// 0000.0 000 000 1.7e-021
05980 ///// ///// 0000.0 000 000 2.2e-021
NNNN
