WNDROBS 01.20
57793 0114.3600 027.7900 00130.0 LC 20130629032500
ROBS
00100 061.0 001.3 0000.2 100 100 1.9e-021
00160 043.0 001.8 0000.2 100 100 3.7e-021
00220 060.0 001.6 0000.3 100 100 5.5e-021
00280 061.0 001.8 0000.5 100 100 6.0e-021
00340 072.0 001.8 0000.3 100 100 5.7e-021
00400 086.0 001.9 0000.1 100 100 5.1e-021
00460 134.0 001.5 0000.0 100 100 5.2e-021
00520 177.0 004.3 -000.1 100 100 7.6e-021
00580 200.0 003.9 -000.1 100 100 1.4e-020
00640 215.0 003.1 -000.2 100 100 2.0e-020
00700 235.0 005.6 -000.3 100 100 3.0e-020
00760 225.0 007.7 -000.3 100 100 4.2e-020
00820 217.0 009.2 -000.1 100 100 2.5e-020
00880 223.0 010.9 -000.1 100 100 1.2e-020
00940 225.0 011.0 0000.0 100 100 5.6e-021
01000 227.0 011.5 -000.1 100 100 1.2e-020
01060 227.0 012.2 0000.1 100 100 5.8e-021
01120 227.0 012.8 -000.1 100 100 1.0e-020
01180 229.0 013.2 -000.1 100 100 7.9e-021
01240 233.0 014.8 0000.1 100 100 8.9e-021
01300 230.0 015.1 0000.0 100 100 1.4e-020
01360 231.0 016.5 -000.1 100 100 1.3e-020
01420 235.0 016.9 -000.1 100 100 1.8e-020
01480 235.0 017.6 0000.0 100 100 2.2e-020
01540 235.0 018.8 -000.1 100 100 1.0e-020
01600 236.0 018.5 0000.0 100 100 5.0e-021
01660 240.0 018.7 -000.1 100 100 1.9e-021
01720 237.0 016.4 0000.0 100 100 2.2e-021
01780 242.0 017.2 -000.3 100 100 2.7e-021
01840 241.0 014.8 -000.3 100 100 1.8e-021
01900 245.0 015.0 -000.3 100 100 1.5e-021
01960 240.0 015.8 0000.0 100 100 9.5e-022
02020 238.0 016.3 -000.6 100 100 1.9e-021
02080 238.0 016.3 0001.3 100 100 1.8e-021
02140 247.0 015.1 0000.0 100 100 1.0e-021
02200 248.0 015.4 0000.0 100 100 1.6e-021
02260 253.0 014.8 0000.0 100 100 1.1e-021
02320 254.0 014.8 0000.0 100 100 1.3e-021
02380 249.0 014.9 0000.0 100 100 6.9e-022
02440 256.0 015.4 -000.2 100 100 1.4e-021
02500 250.0 013.3 -000.4 100 100 2.2e-021
02560 249.0 013.1 -000.0 100 100 1.8e-021
02620 247.0 011.6 -001.8 100 100 1.8e-021
02680 247.0 011.6 0000.0 100 100 8.1e-022
02740 262.0 016.8 -000.6 100 100 3.1e-021
02800 245.0 012.3 0000.0 100 100 2.8e-021
02860 240.0 011.2 0000.0 100 100 4.4e-022
02920 243.0 010.4 0000.0 100 100 9.5e-022
02980 262.0 011.0 0000.0 100 100 2.5e-021
03040 259.0 007.1 -000.4 100 100 3.5e-021
03100 255.0 005.7 -001.6 100 100 2.5e-021
03160 250.0 004.5 -000.5 100 100 2.2e-021
03220 ///// ///// 0000.7 000 000 1.5e-021
03280 ///// ///// 0001.4 000 000 1.7e-021
03340 ///// ///// 0000.0 000 000 8.2e-022
03400 ///// ///// 0000.0 000 000 9.6e-022
03460 ///// ///// -000.6 000 000 2.1e-021
03520 ///// ///// 0000.0 000 000 1.8e-021
03580 ///// ///// -000.5 000 000 6.7e-022
03640 ///// ///// -001.3 000 000 2.6e-021
03700 ///// ///// -001.7 000 000 4.0e-021
03760 ///// ///// 0000.0 000 000 2.7e-021
03820 ///// ///// 0000.0 000 000 2.1e-021
03880 ///// ///// 0000.2 000 000 2.6e-021
03940 ///// ///// -000.4 000 000 1.9e-021
04000 ///// ///// -000.3 000 000 4.1e-021
04060 ///// ///// -000.3 000 000 3.1e-021
04120 ///// ///// 0000.0 000 000 2.4e-021
04180 ///// ///// 0000.4 000 000 3.5e-021
04240 ///// ///// 0000.0 000 000 3.7e-021
04300 ///// ///// 0000.0 000 000 1.3e-021
04360 ///// ///// 0000.0 000 000 2.2e-021
04420 ///// ///// -000.5 000 000 3.6e-021
04480 ///// ///// -000.2 000 000 4.7e-021
04540 ///// ///// 0000.1 000 000 2.5e-021
04600 ///// ///// 0000.1 000 000 4.9e-021
04660 ///// ///// -001.4 000 000 9.2e-021
04720 ///// ///// 0000.0 000 000 7.9e-021
04780 ///// ///// 0000.0 000 000 2.4e-021
04840 ///// ///// 0000.0 000 000 2.9e-021
04900 ///// ///// 0000.0 000 000 3.5e-021
04960 ///// ///// -000.4 000 000 3.9e-021
05020 ///// ///// 0000.0 000 000 4.1e-021
05080 ///// ///// 0000.0 000 000 3.4e-021
05140 ///// ///// 0000.0 000 000 4.0e-021
05200 ///// ///// 0000.0 000 000 1.5e-021
05260 ///// ///// -001.2 000 000 4.2e-021
05320 ///// ///// 0000.0 000 000 4.8e-021
05380 ///// ///// 0000.0 000 000 4.6e-021
05440 ///// ///// 0000.0 000 000 1.5e-021
05500 ///// ///// 0000.0 000 000 3.2e-021
05560 ///// ///// 0000.0 000 000 5.3e-022
05620 ///// ///// 0000.0 000 000 5.2e-021
05680 ///// ///// 0000.1 000 000 1.7e-021
05740 ///// ///// 0000.0 000 000 5.6e-021
05800 ///// ///// -001.2 000 000 5.1e-021
05860 ///// ///// 0000.0 000 000 4.2e-021
05920 ///// ///// 0001.0 000 000 6.6e-021
05980 ///// ///// 0000.6 000 000 6.0e-021
NNNN
