WNDROBS 01.20
57793 0114.3600 027.7900 00130.0 LC 20130629095000
ROBS
00100 081.0 003.9 0001.5 100 100 5.0e-021
00160 059.0 007.2 0001.6 100 100 4.0e-020
00220 075.0 009.9 0001.3 100 100 3.8e-020
00280 078.0 009.8 0000.7 100 100 2.9e-020
00340 085.0 008.7 0000.7 100 100 2.6e-020
00400 082.0 007.9 0000.6 100 100 1.7e-020
00460 115.0 008.1 -000.2 100 100 2.4e-020
00520 129.0 005.6 -000.2 100 100 3.0e-020
00580 143.0 006.7 -000.3 100 100 5.5e-020
00640 150.0 007.2 -000.8 100 100 4.2e-020
00700 140.0 008.2 -000.9 100 100 2.6e-020
00760 127.0 009.5 -000.3 100 100 1.6e-020
00820 109.0 006.8 -000.3 100 100 7.2e-021
00880 115.0 002.9 0000.0 100 100 7.3e-021
00940 096.0 006.2 -000.4 100 100 1.1e-020
01000 046.0 006.2 -000.2 100 100 1.4e-020
01060 106.0 006.7 -000.3 100 100 4.8e-021
01120 039.0 009.0 -000.2 100 100 6.1e-021
01180 092.0 008.9 -000.3 100 100 8.6e-021
01240 010.0 008.3 -000.2 100 100 1.4e-020
01300 014.0 007.3 -000.3 100 100 2.4e-020
01360 117.0 006.8 -000.2 100 100 2.8e-020
01420 221.0 005.9 -000.1 100 100 1.9e-020
01480 225.0 007.2 -000.1 100 100 7.7e-021
01540 233.0 007.7 -000.0 100 100 5.5e-021
01600 236.0 008.4 -000.0 100 100 4.7e-021
01660 235.0 009.0 -000.2 100 100 4.1e-021
01720 236.0 009.3 -000.2 100 100 6.2e-021
01780 233.0 009.6 -000.1 100 100 7.2e-021
01840 233.0 009.9 -000.2 100 100 6.7e-021
01900 230.0 009.9 -000.1 100 100 7.2e-021
01960 229.0 009.7 0000.0 100 100 7.5e-021
02020 229.0 010.4 0000.0 100 100 7.4e-021
02080 232.0 009.3 0000.0 100 100 7.7e-021
02140 237.0 010.4 -000.0 100 100 1.1e-020
02200 240.0 010.8 0000.0 100 100 5.4e-021
02260 242.0 011.5 0000.0 100 100 3.4e-021
02320 238.0 011.0 -000.1 100 100 5.6e-021
02380 240.0 011.7 -000.0 100 100 5.1e-021
02440 243.0 013.2 0000.2 100 100 3.5e-021
02500 244.0 012.8 0000.2 100 100 4.5e-021
02560 242.0 012.8 0000.2 100 100 6.5e-021
02620 235.0 010.7 0000.2 100 100 3.6e-021
02680 235.0 010.4 0000.0 100 100 3.2e-021
02740 236.0 011.0 0000.0 100 100 2.7e-021
02800 243.0 009.4 0001.1 100 100 2.6e-021
02860 249.0 008.9 0000.0 100 100 2.1e-021
02920 249.0 009.0 0000.0 100 100 2.2e-021
02980 249.0 009.1 0000.0 100 100 2.5e-021
03040 276.0 008.9 0000.0 100 100 3.2e-021
03100 259.0 008.7 -008.5 100 100 3.9e-021
03160 308.0 011.9 0000.0 100 100 2.8e-021
03220 299.0 014.9 0000.1 100 100 2.2e-021
03280 296.0 013.9 0000.5 100 100 2.1e-021
03340 286.0 016.4 0000.0 100 100 1.9e-021
03400 283.0 019.1 0000.0 100 100 2.1e-021
03460 278.0 019.6 0000.0 100 100 1.6e-021
03520 290.0 016.1 0000.0 100 100 2.8e-021
03580 302.0 011.4 0000.0 100 100 2.7e-021
03640 301.0 011.5 -000.2 100 100 4.1e-021
03700 305.0 009.4 -000.0 100 100 4.9e-021
03760 285.0 006.4 -000.7 100 100 5.3e-021
03820 ///// ///// 0000.0 000 000 5.2e-021
03880 180.0 003.3 0000.0 100 100 6.0e-021
03940 213.0 006.2 0000.0 100 100 4.7e-021
04000 223.0 008.1 -000.1 100 100 6.4e-021
04060 300.0 012.4 -000.3 100 100 6.4e-021
04120 294.0 014.6 -000.2 100 100 9.1e-021
04180 ///// ///// 0003.4 000 000 8.1e-021
04240 247.0 009.6 0000.0 100 100 6.7e-021
04300 213.0 010.5 0000.0 100 100 9.1e-021
04360 210.0 011.8 0000.4 100 100 1.3e-020
04420 ///// ///// -000.1 000 000 3.6e-021
04480 ///// ///// 0000.1 000 000 9.6e-021
04540 ///// ///// -000.1 000 000 4.0e-021
04600 234.0 011.9 -000.2 100 100 1.3e-020
04660 234.0 011.4 -000.3 100 100 2.8e-020
04720 238.0 011.7 -000.3 100 100 4.6e-020
04780 ///// ///// 0000.0 000 000 2.8e-021
04840 ///// ///// -000.3 000 000 8.0e-021
04900 ///// ///// 0000.9 000 000 8.9e-021
04960 ///// ///// -000.9 000 000 1.0e-020
05020 218.0 004.3 0000.0 100 100 1.2e-020
05080 231.0 004.0 -000.1 100 100 1.3e-020
05140 229.0 005.1 0000.0 100 100 4.2e-021
05200 254.0 010.2 0000.0 100 100 8.8e-021
05260 245.0 011.0 0000.0 100 100 1.3e-020
05320 276.0 010.0 0000.0 100 100 1.7e-020
05380 243.0 010.5 0000.0 100 100 1.7e-020
05440 246.0 011.0 0000.0 100 100 1.8e-020
05500 245.0 011.9 0000.0 100 100 8.2e-021
05560 246.0 012.5 0000.0 100 100 2.1e-020
05620 236.0 013.8 0000.0 100 100 7.3e-021
05680 249.0 012.2 0000.0 100 100 1.5e-020
05740 236.0 007.1 0000.0 100 100 1.5e-020
05800 241.0 007.2 0000.0 100 100 6.7e-021
05860 253.0 013.5 0000.0 100 100 1.1e-020
05920 275.0 007.8 0000.9 100 100 1.5e-020
05980 274.0 008.9 0000.0 100 100 1.7e-020
NNNN
