WNDROBS 01.20
57793 0114.3600 027.7900 00130.0 LC 20130628031500
ROBS
00100 341.0 006.7 0007.7 100 100 6.6e-017
00160 325.0 006.6 0007.7 100 100 1.3e-015
00220 339.0 007.3 0007.8 100 100 1.8e-015
00280 338.0 007.6 0007.7 100 100 1.5e-015
00340 334.0 008.2 0008.0 100 100 1.4e-015
00400 331.0 008.8 0008.4 100 100 1.1e-015
00460 327.0 008.7 0008.1 100 100 9.4e-016
00520 326.0 009.0 0007.9 100 100 7.1e-016
00580 336.0 009.2 0008.3 100 100 6.1e-016
00640 351.0 007.6 0008.2 100 100 6.1e-016
00700 329.0 006.7 0008.2 100 100 4.3e-016
00760 295.0 006.5 0008.3 100 100 3.0e-016
00820 254.0 001.5 0008.2 100 100 1.8e-016
00880 313.0 002.3 0007.6 100 100 2.0e-016
00940 317.0 004.0 0007.6 100 100 1.7e-016
01000 284.0 003.3 0007.5 100 100 1.3e-016
01060 275.0 006.2 0007.2 100 100 4.8e-017
01120 276.0 007.3 0007.8 100 100 5.7e-017
01180 287.0 008.2 0008.6 100 100 5.7e-017
01240 283.0 009.0 0008.9 100 100 5.1e-017
01300 284.0 008.5 0009.1 100 100 3.9e-017
01360 279.0 010.6 0009.1 100 100 4.2e-017
01420 283.0 012.2 0009.3 100 100 4.4e-017
01480 242.0 013.3 0009.3 100 100 2.4e-017
01540 292.0 011.2 0009.0 100 100 3.4e-017
01600 294.0 011.9 0008.3 100 100 4.0e-017
01660 292.0 010.7 0007.6 100 100 3.7e-017
01720 291.0 009.5 0007.2 100 100 3.5e-017
01780 288.0 009.0 0007.2 100 100 2.9e-017
01840 288.0 006.1 0007.4 100 100 3.2e-017
01900 288.0 006.1 0007.4 100 100 3.2e-017
01960 290.0 005.7 0007.8 100 100 3.3e-017
02020 280.0 005.2 0008.0 100 100 3.3e-017
02080 280.0 005.1 0008.4 100 100 3.3e-017
02140 283.0 005.4 0008.3 100 100 3.6e-017
02200 283.0 005.4 0008.0 100 100 3.4e-017
02260 286.0 004.9 0007.8 100 100 3.1e-017
02320 297.0 005.1 0007.5 100 100 2.6e-017
02380 269.0 003.9 0007.4 100 100 2.8e-017
02440 265.0 004.4 0007.3 100 100 3.2e-017
02500 267.0 001.5 0007.5 100 100 2.6e-017
02560 196.0 002.6 0007.5 100 100 2.4e-017
02620 261.0 003.1 0007.4 100 100 2.6e-017
02680 256.0 001.3 0007.3 100 100 2.3e-017
02740 266.0 001.0 0007.1 100 100 2.2e-017
02800 263.0 001.5 0006.8 100 100 2.1e-017
02860 200.0 001.9 0006.5 100 100 1.6e-017
02920 206.0 002.1 0006.6 100 100 1.6e-017
02980 236.0 004.1 0006.2 100 100 1.6e-017
03040 241.0 004.7 0006.7 100 100 1.3e-017
03100 245.0 003.9 0006.7 100 100 1.2e-017
03160 241.0 004.5 0005.1 100 100 9.9e-018
03220 254.0 004.2 0006.4 100 100 6.5e-018
03280 284.0 005.3 0006.1 100 100 6.5e-018
03340 288.0 004.7 0005.8 100 100 5.2e-018
03400 247.0 004.9 0005.3 100 100 6.9e-018
03460 214.0 006.7 0005.1 100 100 5.6e-018
03520 234.0 006.8 0004.9 100 100 6.7e-018
03580 239.0 005.1 0005.2 100 100 7.1e-018
03640 266.0 003.7 0004.4 100 100 7.6e-018
03700 260.0 003.4 0003.4 100 100 7.5e-018
03760 258.0 003.4 0002.8 100 100 7.8e-018
03820 ///// ///// 0002.5 000 000 7.0e-018
03880 228.0 001.8 0002.4 100 100 6.9e-018
03940 229.0 002.0 0002.4 100 100 6.7e-018
04000 185.0 002.2 0002.0 100 100 5.5e-018
04060 ///// ///// 0001.9 000 000 4.9e-018
04120 ///// ///// 0001.0 000 000 4.5e-018
04180 ///// ///// 0000.9 000 000 3.9e-018
04240 ///// ///// -000.6 000 000 3.8e-018
04300 226.0 003.7 -000.8 100 100 3.8e-018
04360 292.0 004.8 -000.9 100 100 3.8e-018
04420 273.0 004.5 -001.1 100 100 4.0e-018
04480 ///// ///// -002.1 000 000 3.2e-018
04540 ///// ///// -001.1 000 000 3.3e-018
04600 216.0 003.8 -001.2 100 100 3.2e-018
04660 214.0 004.2 -001.3 100 100 3.3e-018
04720 218.0 004.6 -001.2 100 100 3.0e-018
04780 214.0 004.1 -001.1 100 100 7.6e-019
04840 209.0 003.5 -001.1 100 100 7.4e-019
04900 ///// ///// -001.0 000 000 5.1e-019
04960 151.0 005.9 -001.1 100 100 4.3e-019
05020 145.0 004.2 -001.1 100 100 3.7e-019
05080 162.0 010.7 -001.3 100 100 2.6e-019
05140 128.0 019.1 -000.9 100 100 2.7e-019
05200 138.0 014.7 -001.2 100 100 6.6e-020
05260 133.0 015.9 -001.2 100 100 2.0e-019
05320 140.0 015.1 -001.9 100 100 1.4e-019
05380 136.0 014.1 -002.1 100 100 6.3e-020
05440 169.0 009.5 -002.0 100 100 1.3e-019
05500 206.0 011.9 -004.3 100 100 1.3e-019
05560 223.0 013.2 0000.0 100 100 8.9e-020
05620 222.0 012.5 0000.0 100 100 9.8e-020
05680 217.0 011.3 0000.9 100 100 8.9e-020
05740 221.0 011.5 0000.0 100 100 9.7e-020
05800 232.0 015.9 0000.0 100 100 4.4e-020
05860 222.0 011.9 0000.0 100 100 4.2e-020
05920 220.0 011.9 0000.8 100 100 4.1e-020
05980 222.0 012.0 0000.0 100 100 8.2e-020
NNNN
