WNDROBS 01.20
57793 0114.3600 027.7900 00130.0 LC 20130629060500
ROBS
00100 059.0 002.7 0000.6 100 100 2.3e-021
00160 078.0 002.7 0000.7 100 100 5.2e-021
00220 073.0 001.8 0000.5 100 100 4.7e-021
00280 097.0 000.8 0000.1 100 100 7.8e-021
00340 123.0 001.0 -000.3 100 100 7.6e-021
00400 088.0 001.6 -000.3 100 100 5.7e-021
00460 099.0 004.3 -000.5 100 100 4.6e-021
00520 111.0 003.6 -000.3 100 100 8.3e-021
00580 150.0 006.1 -000.3 100 100 9.1e-021
00640 157.0 004.2 -000.2 100 100 1.2e-020
00700 168.0 005.5 -000.2 100 100 8.7e-020
00760 177.0 005.0 -000.2 100 100 5.6e-020
00820 184.0 003.8 -000.3 100 100 5.4e-020
00880 210.0 003.3 -000.2 100 100 6.3e-020
00940 225.0 005.0 0000.0 100 100 2.1e-020
01000 221.0 006.1 -000.0 100 100 1.3e-020
01060 228.0 006.2 -000.2 100 100 2.1e-021
01120 228.0 007.2 -000.4 100 100 1.3e-021
01180 223.0 007.6 -000.3 100 100 3.9e-021
01240 223.0 007.9 -000.4 100 100 7.0e-021
01300 225.0 009.2 -000.3 100 100 7.9e-021
01360 227.0 010.0 -000.3 100 100 8.0e-021
01420 226.0 010.3 -000.3 100 100 7.7e-021
01480 231.0 010.3 -000.3 100 100 1.6e-020
01540 229.0 010.3 -000.3 100 100 4.9e-020
01600 232.0 011.0 -000.3 100 100 4.3e-020
01660 233.0 012.0 -000.4 100 100 1.6e-020
01720 237.0 012.9 0000.0 100 100 2.9e-021
01780 242.0 013.4 -000.5 100 100 1.5e-021
01840 243.0 013.3 -000.1 100 100 2.1e-021
01900 250.0 012.7 -000.1 100 100 5.3e-021
01960 243.0 014.0 -000.0 100 100 3.0e-021
02020 240.0 013.5 -000.2 100 100 4.1e-021
02080 241.0 013.7 -000.1 100 100 4.4e-021
02140 247.0 014.3 -000.2 100 100 3.4e-021
02200 248.0 015.7 -000.5 100 100 4.8e-021
02260 251.0 015.9 -000.2 100 100 6.7e-021
02320 247.0 016.3 -000.3 100 100 6.8e-021
02380 242.0 015.9 -000.3 100 100 3.7e-021
02440 240.0 015.6 -000.2 100 100 3.9e-021
02500 245.0 014.8 0000.0 100 100 3.4e-021
02560 242.0 015.4 0000.0 100 100 1.8e-021
02620 242.0 015.5 -000.5 100 100 4.5e-021
02680 239.0 016.1 -001.4 100 100 4.1e-021
02740 239.0 014.6 0000.0 100 100 2.8e-021
02800 ///// ///// 0000.0 000 000 2.1e-021
02860 ///// ///// 0000.0 000 000 2.1e-021
02920 ///// ///// -000.3 000 000 2.7e-021
02980 ///// ///// 0000.0 000 000 7.2e-022
03040 ///// ///// 0000.0 000 000 2.2e-021
03100 ///// ///// 0000.0 000 000 1.3e-021
03160 ///// ///// 0000.0 000 000 1.8e-021
03220 ///// ///// 0000.0 000 000 1.8e-021
03280 ///// ///// 0000.0 000 000 2.1e-022
03340 ///// ///// 0000.0 000 000 6.5e-022
03400 ///// ///// 0000.0 000 000 7.6e-022
03460 ///// ///// 0000.0 000 000 2.5e-022
03520 ///// ///// 0000.0 000 000 1.2e-021
03580 ///// ///// 0000.0 000 000 6.6e-022
03640 ///// ///// -000.3 000 000 2.4e-021
03700 ///// ///// 0000.3 000 000 2.2e-021
03760 ///// ///// 0000.0 000 000 1.2e-021
03820 ///// ///// 0000.0 000 000 1.4e-021
03880 ///// ///// 0000.0 000 000 1.9e-021
03940 ///// ///// -000.4 000 000 3.0e-021
04000 ///// ///// 0000.0 000 000 1.6e-021
04060 ///// ///// 0000.0 000 000 1.1e-021
04120 ///// ///// 0000.0 000 000 1.2e-021
04180 ///// ///// 0000.0 000 000 1.0e-021
04240 ///// ///// 0000.0 000 000 9.5e-022
04300 ///// ///// 0000.4 000 000 1.8e-021
04360 ///// ///// 0000.0 000 000 1.7e-021
04420 ///// ///// -000.1 000 000 2.7e-021
04480 ///// ///// 0000.5 000 000 2.8e-021
04540 ///// ///// 0000.0 000 000 1.4e-021
04600 ///// ///// 0000.0 000 000 2.5e-021
04660 ///// ///// 0000.0 000 000 1.2e-021
04720 ///// ///// 0000.0 000 000 4.0e-021
04780 ///// ///// 0000.0 000 000 9.1e-022
04840 ///// ///// 0000.4 000 000 2.5e-021
04900 ///// ///// 0000.0 000 000 1.2e-021
04960 ///// ///// 0000.0 000 000 1.8e-021
05020 ///// ///// 0000.0 000 000 1.3e-021
05080 ///// ///// 0000.0 000 000 1.9e-021
05140 ///// ///// 0000.0 000 000 1.9e-021
05200 ///// ///// 0000.0 000 000 1.3e-022
05260 ///// ///// 0000.0 000 000 8.6e-022
05320 ///// ///// 0000.0 000 000 1.5e-021
05380 ///// ///// 0000.0 000 000 1.6e-021
05440 ///// ///// 0000.0 000 000 3.1e-021
05500 ///// ///// 0000.0 000 000 1.5e-021
05560 ///// ///// 0000.0 000 000 2.9e-021
05620 ///// ///// 0000.0 000 000 1.5e-021
05680 ///// ///// 0000.3 000 000 4.7e-021
05740 ///// ///// 0000.0 000 000 1.7e-021
05800 ///// ///// 0000.0 000 000 4.0e-021
05860 ///// ///// 0000.0 000 000 3.4e-021
05920 ///// ///// 0000.0 000 000 2.2e-021
05980 ///// ///// 0000.2 000 000 7.1e-021
NNNN
