WNDROBS 01.20
57793 0114.3600 027.7900 00130.0 LC 20130628045500
ROBS
00100 054.0 009.7 0004.4 100 100 7.5e-019
00160 055.0 009.0 0004.8 100 100 6.5e-018
00220 056.0 009.4 0004.4 100 100 5.2e-018
00280 054.0 009.4 0004.7 100 100 3.6e-018
00340 054.0 008.8 0003.3 100 100 3.2e-018
00400 056.0 008.3 0002.9 100 100 2.0e-018
00460 184.0 007.9 0002.6 100 100 1.4e-018
00520 056.0 007.5 0002.3 100 100 9.0e-019
00580 060.0 006.5 0002.1 100 100 4.0e-019
00640 291.0 004.8 0002.0 100 100 2.9e-019
00700 245.0 004.6 0001.9 100 100 1.6e-019
00760 246.0 003.9 0002.5 100 100 1.1e-019
00820 248.0 005.1 0002.5 100 100 8.5e-020
00880 181.0 004.7 0002.3 100 100 6.3e-020
00940 236.0 003.5 0002.2 100 100 9.3e-020
01000 249.0 006.7 0002.1 100 100 8.1e-020
01060 189.0 002.9 0002.3 100 100 2.7e-020
01120 220.0 001.9 0002.2 100 100 3.8e-020
01180 199.0 002.8 0002.1 100 100 3.4e-020
01240 204.0 004.9 0002.1 100 100 2.9e-020
01300 183.0 005.5 0001.9 100 100 2.6e-020
01360 188.0 005.2 0001.9 100 100 2.0e-020
01420 202.0 005.7 0001.8 100 100 2.6e-020
01480 207.0 006.9 0001.6 100 100 3.0e-020
01540 215.0 007.4 0000.6 100 100 3.0e-020
01600 219.0 008.0 0001.5 100 100 2.2e-020
01660 220.0 009.5 0001.8 100 100 1.9e-020
01720 221.0 008.9 0001.6 100 100 1.7e-020
01780 229.0 009.8 0002.3 100 100 1.6e-020
01840 226.0 009.1 0002.6 100 100 1.5e-020
01900 231.0 007.0 0001.6 100 100 1.3e-020
01960 221.0 008.0 -000.3 100 100 9.0e-021
02020 238.0 006.3 0002.3 100 100 1.0e-020
02080 237.0 006.5 0001.4 100 100 1.2e-020
02140 233.0 006.6 0000.1 100 100 1.3e-020
02200 232.0 006.9 -000.1 100 100 2.3e-020
02260 232.0 006.4 -000.0 100 100 2.8e-020
02320 235.0 006.7 -000.1 100 100 3.3e-020
02380 238.0 007.0 -000.1 100 100 2.7e-020
02440 ///// ///// 0000.1 000 000 1.2e-020
02500 230.0 005.5 0000.0 100 100 1.7e-020
02560 193.0 008.8 -000.1 100 100 1.0e-020
02620 211.0 009.2 0000.0 100 100 1.6e-020
02680 208.0 008.9 0000.0 100 100 1.9e-020
02740 211.0 008.5 0000.5 100 100 1.6e-020
02800 229.0 007.1 0000.0 100 100 1.8e-020
02860 247.0 005.4 0001.0 100 100 1.7e-020
02920 218.0 005.9 0000.0 100 100 1.5e-020
02980 207.0 008.6 0003.3 100 100 2.5e-020
03040 214.0 005.6 0000.0 100 100 2.1e-020
03100 209.0 006.1 0001.0 100 100 2.7e-020
03160 189.0 015.8 0000.4 100 100 3.1e-020
03220 191.0 016.2 0000.2 100 100 2.7e-020
03280 214.0 023.0 0000.5 100 100 2.8e-020
03340 212.0 024.1 0000.7 100 100 2.6e-020
03400 217.0 025.0 0000.9 100 100 2.5e-020
03460 221.0 025.0 0000.9 100 100 2.4e-020
03520 223.0 023.8 0000.7 100 100 2.5e-020
03580 223.0 023.8 0000.3 100 100 2.4e-020
03640 223.0 024.6 0000.4 100 100 2.1e-020
03700 224.0 024.4 0000.5 100 100 3.0e-020
03760 225.0 024.5 0000.0 100 100 1.9e-020
03820 227.0 024.3 -000.5 100 100 2.6e-020
03880 226.0 024.1 -000.2 100 100 2.2e-020
03940 228.0 024.1 -000.4 100 100 3.4e-020
04000 227.0 023.6 0000.0 100 100 2.9e-020
04060 227.0 023.7 0000.0 100 100 3.2e-020
04120 ///// ///// -000.0 000 000 2.8e-020
04180 ///// ///// 0000.0 000 000 3.2e-020
04240 278.0 017.6 0000.0 100 100 3.9e-020
04300 277.0 018.8 0000.0 100 100 3.4e-020
04360 278.0 019.0 -000.2 100 100 3.9e-020
04420 278.0 018.1 -000.1 100 100 5.1e-020
04480 282.0 015.6 0000.3 100 100 3.6e-020
04540 282.0 014.3 -000.1 100 100 2.3e-020
04600 284.0 014.8 -000.1 100 100 2.9e-020
04660 278.0 014.2 0000.0 100 100 9.4e-021
04720 279.0 017.4 0000.0 100 100 2.8e-020
04780 276.0 017.7 0000.9 100 100 1.5e-020
04840 241.0 016.1 0000.0 100 100 1.5e-020
04900 ///// ///// 0000.0 000 000 7.0e-021
04960 ///// ///// 0000.0 000 000 5.1e-021
05020 243.0 016.9 0000.0 100 100 1.2e-020
05080 232.0 018.6 0000.0 100 100 1.5e-020
05140 230.0 018.6 0000.2 100 100 1.9e-020
05200 229.0 018.3 0000.0 100 100 1.8e-020
05260 234.0 017.7 0000.0 100 100 1.6e-020
05320 236.0 017.3 0000.0 100 100 7.2e-021
05380 233.0 018.0 0000.0 100 100 2.3e-020
05440 227.0 018.6 0000.0 100 100 1.7e-020
05500 225.0 019.7 0000.0 100 100 2.1e-020
05560 230.0 019.5 0000.0 100 100 2.2e-020
05620 247.0 017.1 0000.0 100 100 2.6e-020
05680 234.0 019.2 0000.0 100 100 1.0e-020
05740 234.0 018.9 0000.0 100 100 4.5e-021
05800 234.0 019.3 0000.0 100 100 3.6e-020
05860 235.0 019.0 0000.7 100 100 4.3e-020
05920 237.0 019.1 0000.0 100 100 5.5e-020
05980 235.0 019.7 0000.0 100 100 4.9e-020
NNNN
