WNDROBS 01.20
57793 0114.3600 027.7900 00130.0 LC 20130629120000
ROBS
00100 113.0 006.1 0001.7 100 100 4.2e-021
00160 112.0 006.7 -000.0 100 100 1.2e-020
00220 126.0 004.8 -000.1 100 100 9.7e-021
00280 128.0 005.2 -000.2 100 100 1.1e-020
00340 131.0 005.5 -000.4 100 100 1.1e-020
00400 131.0 006.1 -000.3 100 100 2.0e-020
00460 142.0 007.2 -000.2 100 100 4.6e-020
00520 153.0 008.0 -000.6 100 100 1.5e-020
00580 160.0 008.8 -000.3 100 100 1.2e-020
00640 157.0 009.7 -000.2 100 100 2.3e-020
00700 159.0 009.8 -000.2 100 100 1.9e-020
00760 159.0 009.4 -000.7 100 100 1.1e-020
00820 164.0 009.6 0000.3 100 100 6.8e-021
00880 171.0 010.1 -002.0 100 100 7.3e-021
00940 168.0 009.4 0000.0 100 100 1.7e-020
01000 170.0 009.2 0000.0 100 100 5.3e-020
01060 171.0 009.4 -000.3 100 100 1.1e-020
01120 173.0 008.7 -000.3 100 100 3.4e-020
01180 179.0 008.7 -000.5 100 100 4.0e-020
01240 181.0 007.3 -000.7 100 100 2.9e-020
01300 182.0 006.4 -000.7 100 100 3.9e-020
01360 185.0 005.2 -000.4 100 100 2.7e-020
01420 185.0 005.0 -000.3 100 100 2.1e-020
01480 197.0 005.5 -000.4 100 100 3.6e-020
01540 198.0 005.6 -000.1 100 100 4.7e-020
01600 214.0 006.5 -000.2 100 100 4.9e-020
01660 229.0 008.1 -000.2 100 100 4.4e-020
01720 230.0 008.9 -000.3 100 100 2.7e-020
01780 232.0 009.1 -000.3 100 100 6.3e-021
01840 232.0 008.5 -000.2 100 100 3.7e-021
01900 235.0 008.5 -000.2 100 100 3.1e-021
01960 235.0 008.4 -000.2 100 100 2.7e-021
02020 238.0 009.2 -000.0 100 100 2.9e-021
02080 242.0 009.4 -000.2 100 100 2.3e-021
02140 237.0 009.3 -000.1 100 100 4.5e-021
02200 239.0 009.3 0000.0 100 100 2.6e-021
02260 237.0 009.5 -000.2 100 100 2.6e-021
02320 242.0 009.3 0000.0 100 100 1.7e-021
02380 249.0 008.9 0000.0 100 100 1.8e-021
02440 241.0 009.4 -000.1 100 100 1.4e-021
02500 242.0 009.9 0000.3 100 100 1.3e-021
02560 236.0 009.5 0000.2 100 100 1.4e-021
02620 236.0 010.0 0000.0 100 100 2.3e-021
02680 238.0 010.8 0000.0 100 100 3.0e-021
02740 241.0 011.5 0000.0 100 100 2.1e-021
02800 237.0 012.0 0000.6 100 100 3.4e-021
02860 238.0 012.0 -000.1 100 100 3.0e-021
02920 238.0 011.7 -000.2 100 100 4.4e-021
02980 235.0 011.4 -000.1 100 100 6.5e-021
03040 239.0 011.1 -000.2 100 100 1.2e-020
03100 240.0 011.1 -000.3 100 100 2.0e-020
03160 239.0 010.6 -000.7 100 100 2.1e-020
03220 236.0 010.9 0000.2 100 100 1.8e-020
03280 241.0 011.6 -000.2 100 100 1.6e-020
03340 241.0 012.0 0000.4 100 100 1.6e-020
03400 249.0 012.1 -000.2 100 100 6.9e-021
03460 249.0 012.8 -000.1 100 100 4.7e-021
03520 249.0 013.2 0000.0 100 100 3.2e-021
03580 246.0 013.5 0000.0 100 100 1.7e-021
03640 246.0 009.8 0000.0 100 100 2.2e-021
03700 248.0 010.6 0000.0 100 100 2.9e-021
03760 248.0 010.7 0000.0 100 100 2.2e-021
03820 248.0 010.8 0000.0 100 100 2.9e-021
03880 248.0 010.9 0000.0 100 100 1.5e-021
03940 266.0 010.5 0000.0 100 100 2.6e-021
04000 ///// ///// 0000.0 000 000 2.7e-022
04060 ///// ///// 0000.0 000 000 7.3e-022
04120 ///// ///// -001.1 000 000 3.1e-021
04180 ///// ///// 0000.0 000 000 4.8e-022
04240 ///// ///// 0000.2 000 000 4.2e-021
04300 ///// ///// 0000.1 000 000 2.4e-021
04360 ///// ///// 0000.3 000 000 4.4e-021
04420 ///// ///// 0000.1 000 000 5.1e-021
04480 ///// ///// 0000.3 000 000 4.4e-021
04540 ///// ///// 0000.0 000 000 3.7e-021
04600 ///// ///// -000.5 000 000 5.4e-021
04660 ///// ///// 0000.0 000 000 2.9e-021
04720 ///// ///// 0000.0 000 000 1.7e-021
04780 ///// ///// 0000.0 000 000 1.1e-021
04840 ///// ///// 0000.0 000 000 1.6e-021
04900 ///// ///// 0000.0 000 000 3.2e-021
04960 ///// ///// -000.3 000 000 4.6e-021
05020 ///// ///// 0001.0 000 000 4.3e-021
05080 ///// ///// -001.0 000 000 2.6e-021
05140 246.0 010.8 0000.0 100 100 4.1e-021
05200 217.0 006.6 0000.0 100 100 3.6e-021
05260 213.0 005.9 0000.0 100 100 4.0e-021
05320 247.0 010.9 0000.0 100 100 1.6e-021
05380 251.0 009.7 -001.2 100 100 3.9e-021
05440 232.0 008.8 0000.0 100 100 1.5e-021
05500 227.0 007.6 0000.0 100 100 1.6e-021
05560 223.0 006.2 0000.0 100 100 3.3e-021
05620 ///// ///// 0000.0 000 000 4.3e-021
05680 ///// ///// 0000.0 000 000 3.9e-021
05740 ///// ///// 0000.0 000 000 3.2e-021
05800 ///// ///// 0000.0 000 000 2.0e-021
05860 255.0 009.8 -001.1 100 100 2.0e-021
05920 ///// ///// 0000.0 000 000 1.8e-021
05980 268.0 009.3 -000.8 100 100 2.0e-021
NNNN
