WNDROBS 01.20
57793 0114.3600 027.7900 00130.0 LC 20130628064500
ROBS
00100 001.0 005.3 0007.3 100 100 3.1e-017
00160 008.0 004.8 0007.4 100 100 8.0e-016
00220 007.0 005.8 0007.8 100 100 1.1e-015
00280 004.0 007.2 0007.9 100 100 1.2e-015
00340 002.0 007.1 0008.1 100 100 1.2e-015
00400 002.0 007.8 0007.9 100 100 1.3e-015
00460 005.0 008.2 0007.5 100 100 1.2e-015
00520 006.0 008.1 0007.1 100 100 1.1e-015
00580 009.0 007.7 0006.7 100 100 1.1e-015
00640 013.0 008.0 0006.4 100 100 9.2e-016
00700 018.0 008.8 0006.3 100 100 7.7e-016
00760 023.0 008.7 0006.6 100 100 7.4e-016
00820 023.0 008.2 0006.7 100 100 7.5e-016
00880 017.0 006.9 0006.6 100 100 7.0e-016
00940 336.0 006.5 0006.3 100 100 7.1e-016
01000 005.0 006.0 0006.2 100 100 6.7e-016
01060 287.0 005.1 0004.7 100 100 9.1e-017
01120 006.0 004.6 0005.8 100 100 1.1e-016
01180 264.0 004.3 0005.9 100 100 1.1e-016
01240 340.0 003.8 0006.1 100 100 1.4e-016
01300 331.0 003.0 0006.0 100 100 1.4e-016
01360 293.0 002.6 0006.1 100 100 1.5e-016
01420 280.0 003.2 0006.7 100 100 1.6e-016
01480 271.0 003.5 0006.7 100 100 1.4e-016
01540 274.0 005.3 0006.9 100 100 1.4e-016
01600 272.0 005.3 0007.4 100 100 1.3e-016
01660 259.0 006.4 0007.6 100 100 1.6e-016
01720 254.0 006.9 0007.1 100 100 1.6e-016
01780 243.0 007.0 0006.7 100 100 1.7e-016
01840 237.0 007.5 0006.2 100 100 1.6e-016
01900 235.0 007.7 0006.0 100 100 1.5e-016
01960 232.0 007.6 0005.0 100 100 1.5e-016
02020 233.0 007.2 0005.8 100 100 1.5e-016
02080 233.0 007.2 0005.8 100 100 1.5e-016
02140 228.0 007.5 0006.3 100 100 1.6e-016
02200 226.0 006.0 0006.7 100 100 1.6e-016
02260 213.0 007.0 0006.6 100 100 1.4e-016
02320 210.0 008.0 0006.8 100 100 1.5e-016
02380 212.0 008.6 0006.7 100 100 1.6e-016
02440 223.0 007.7 0006.6 100 100 1.5e-016
02500 234.0 008.0 0006.9 100 100 1.6e-016
02560 239.0 007.8 0006.7 100 100 1.4e-016
02620 248.0 006.5 0007.0 100 100 1.2e-016
02680 254.0 007.5 0007.3 100 100 1.3e-016
02740 254.0 006.0 0007.3 100 100 1.2e-016
02800 255.0 007.3 0007.5 100 100 1.1e-016
02860 257.0 009.1 0007.5 100 100 1.1e-016
02920 255.0 009.2 0007.2 100 100 9.7e-017
02980 261.0 009.7 0006.9 100 100 8.9e-017
03040 249.0 009.0 0007.1 100 100 7.2e-017
03100 252.0 010.8 0006.9 100 100 6.2e-017
03160 243.0 011.9 0008.6 100 100 6.4e-017
03220 238.0 014.1 0008.6 100 100 6.1e-017
03280 240.0 012.2 0009.2 100 100 4.9e-017
03340 224.0 014.7 0009.4 100 100 5.2e-017
03400 222.0 013.8 0009.7 100 100 4.4e-017
03460 220.0 013.6 0009.7 100 100 4.1e-017
03520 221.0 013.2 0009.6 100 100 4.8e-017
03580 222.0 011.5 0009.7 100 100 3.7e-017
03640 229.0 015.7 0009.8 100 100 3.7e-017
03700 217.0 017.1 0009.8 100 100 4.2e-017
03760 226.0 016.9 0009.7 100 100 3.5e-017
03820 220.0 016.9 0009.6 100 100 3.3e-017
03880 218.0 016.4 0009.6 100 100 3.3e-017
03940 216.0 014.7 0009.6 100 100 3.7e-017
04000 214.0 014.3 0009.6 100 100 3.9e-017
04060 211.0 014.6 0009.6 100 100 4.2e-017
04120 218.0 013.7 0009.5 100 100 3.7e-017
04180 220.0 014.0 0009.2 100 100 3.7e-017
04240 214.0 013.5 0008.6 100 100 3.8e-017
04300 204.0 012.9 0007.9 100 100 4.3e-017
04360 201.0 013.6 0007.1 100 100 5.1e-017
04420 207.0 015.6 0005.6 100 100 6.3e-017
04480 203.0 017.4 0005.1 100 100 1.3e-016
04540 201.0 016.2 0004.5 100 100 1.8e-016
04600 204.0 015.6 0003.8 100 100 2.2e-016
04660 207.0 015.0 0003.0 100 100 2.4e-016
04720 206.0 016.3 0002.7 100 100 2.1e-016
04780 217.0 021.2 0003.2 100 100 5.0e-017
04840 217.0 021.2 0002.9 100 100 4.2e-017
04900 217.0 020.3 0002.7 100 100 3.7e-017
04960 218.0 020.2 0002.6 100 100 2.7e-017
05020 219.0 020.1 0002.5 100 100 2.1e-017
05080 221.0 020.8 0002.3 100 100 1.6e-017
05140 222.0 022.3 0002.1 100 100 1.2e-017
05200 223.0 023.0 0002.0 100 100 9.3e-018
05260 223.0 023.8 0001.8 100 100 7.5e-018
05320 223.0 023.6 0001.7 100 100 5.9e-018
05380 223.0 022.8 0001.5 100 100 4.9e-018
05440 222.0 022.3 0001.5 100 100 4.2e-018
05500 224.0 021.9 0001.5 100 100 4.0e-018
05560 224.0 021.4 0001.5 100 100 3.6e-018
05620 225.0 020.8 0001.4 100 100 3.4e-018
05680 226.0 020.1 0001.4 100 100 3.0e-018
05740 227.0 019.4 0001.4 100 100 2.8e-018
05800 228.0 018.9 0001.4 100 100 2.8e-018
05860 229.0 018.3 0001.4 100 100 2.6e-018
05920 229.0 017.7 0001.3 100 100 2.6e-018
05980 231.0 017.1 0001.3 100 100 2.7e-018
NNNN
