WNDROBS 01.20
57793 0114.3600 027.7900 00130.0 LC 20130629210000
ROBS
00100 125.0 004.9 0001.9 100 100 4.6e-021
00160 122.0 005.2 0002.1 100 100 1.0e-020
00220 125.0 004.8 0002.1 100 100 2.8e-021
00280 101.0 003.2 0000.1 100 100 1.2e-020
00340 128.0 002.6 0000.2 100 100 8.8e-021
00400 154.0 002.0 0000.3 100 100 1.4e-020
00460 161.0 002.9 0000.4 100 100 2.6e-020
00520 165.0 004.8 0000.6 100 100 6.0e-020
00580 169.0 006.0 0000.7 100 100 9.2e-020
00640 179.0 006.4 0000.6 100 100 1.5e-019
00700 182.0 005.1 0000.4 100 100 1.3e-019
00760 195.0 004.6 0000.3 100 100 6.8e-020
00820 199.0 003.2 0000.2 100 100 2.5e-020
00880 205.0 002.7 0000.1 100 100 1.7e-020
00940 204.0 002.8 0000.4 100 100 9.4e-021
01000 201.0 004.4 -000.3 100 100 5.7e-021
01060 218.0 004.1 0000.1 100 100 1.6e-021
01120 220.0 004.1 -000.0 100 100 1.2e-021
01180 224.0 004.6 -000.1 100 100 1.3e-021
01240 232.0 005.2 -000.2 100 100 1.1e-021
01300 229.0 006.0 -000.2 100 100 1.1e-021
01360 222.0 006.1 0002.0 100 100 1.2e-021
01420 220.0 006.9 -000.2 100 100 2.0e-021
01480 224.0 007.3 -000.0 100 100 3.2e-021
01540 223.0 008.5 -000.1 100 100 4.3e-021
01600 225.0 009.5 0000.0 100 100 4.3e-021
01660 226.0 010.5 -000.1 100 100 2.7e-021
01720 227.0 011.5 -000.3 100 100 2.0e-021
01780 228.0 011.2 -000.3 100 100 1.9e-021
01840 233.0 011.3 -000.4 100 100 1.9e-021
01900 230.0 010.8 0000.0 100 100 1.4e-021
01960 224.0 010.7 -000.3 100 100 1.8e-021
02020 224.0 010.8 -000.4 100 100 1.8e-021
02080 222.0 011.3 0000.0 100 100 1.1e-021
02140 222.0 010.2 0000.0 100 100 1.4e-021
02200 204.0 008.0 0000.0 100 100 6.1e-022
02260 203.0 008.1 -000.3 100 100 2.2e-021
02320 202.0 008.1 0000.0 100 100 2.6e-021
02380 201.0 008.4 -000.3 100 100 3.0e-021
02440 203.0 008.0 -000.7 100 100 2.2e-021
02500 196.0 006.6 -000.8 100 100 3.9e-021
02560 202.0 006.9 -000.5 100 100 3.7e-021
02620 206.0 007.1 -000.6 100 100 7.1e-021
02680 208.0 006.7 -000.4 100 100 7.0e-021
02740 208.0 007.3 -000.4 100 100 4.0e-021
02800 215.0 007.7 -000.3 100 100 3.9e-021
02860 209.0 007.2 -000.2 100 100 3.3e-021
02920 207.0 007.6 -000.1 100 100 5.1e-021
02980 205.0 007.6 0000.0 100 100 4.1e-021
03040 203.0 007.9 0000.0 100 100 4.0e-021
03100 205.0 007.5 0000.0 100 100 3.7e-021
03160 209.0 007.3 -000.2 100 100 2.9e-021
03220 208.0 006.7 -006.5 100 100 4.3e-021
03280 209.0 006.6 0000.0 100 100 5.3e-021
03340 209.0 006.7 0000.0 100 100 5.7e-021
03400 219.0 007.5 0000.0 100 100 4.2e-021
03460 224.0 008.3 0000.0 100 100 4.3e-021
03520 222.0 008.0 0000.0 100 100 3.2e-021
03580 219.0 008.3 0003.5 100 100 4.1e-021
03640 213.0 007.6 0003.8 100 100 4.4e-021
03700 219.0 007.3 0000.0 100 100 2.9e-021
03760 227.0 008.0 0000.0 100 100 3.9e-021
03820 239.0 011.4 -000.1 100 100 4.5e-021
03880 236.0 010.2 0000.0 100 100 4.0e-021
03940 230.0 010.9 -000.3 100 100 5.5e-021
04000 219.0 008.9 0000.4 100 100 6.6e-021
04060 227.0 010.2 0000.0 100 100 5.0e-021
04120 221.0 009.5 0000.0 100 100 4.1e-021
04180 228.0 009.6 0000.0 100 100 5.5e-021
04240 233.0 010.7 0000.1 100 100 7.4e-021
04300 236.0 010.6 0000.0 100 100 5.5e-021
04360 225.0 009.7 0000.0 100 100 1.4e-021
04420 229.0 009.6 0000.6 100 100 3.4e-021
04480 228.0 010.7 0000.6 100 100 2.9e-021
04540 229.0 008.6 0000.6 100 100 6.2e-021
04600 231.0 010.5 0000.3 100 100 9.9e-021
04660 231.0 009.8 0000.2 100 100 1.2e-020
04720 232.0 010.4 0000.0 100 100 7.3e-021
04780 ///// ///// 0000.0 000 000 1.9e-021
04840 ///// ///// 0000.0 000 000 3.4e-021
04900 ///// ///// 0000.0 000 000 4.7e-021
04960 ///// ///// 0000.0 000 000 3.9e-021
05020 ///// ///// 0000.0 000 000 2.3e-021
05080 ///// ///// 0000.0 000 000 3.2e-021
05140 ///// ///// 0000.0 000 000 5.2e-021
05200 ///// ///// 0000.0 000 000 1.8e-021
05260 ///// ///// 0000.0 000 000 5.2e-022
05320 ///// ///// 0000.0 000 000 3.5e-021
05380 ///// ///// 0000.0 000 000 5.7e-022
05440 ///// ///// 0000.2 000 000 4.7e-021
05500 ///// ///// 0000.0 000 000 4.1e-021
05560 ///// ///// 0000.0 000 000 4.6e-021
05620 ///// ///// 0000.0 000 000 3.3e-021
05680 ///// ///// 0000.0 000 000 5.1e-021
05740 ///// ///// 0000.0 000 000 3.3e-021
05800 ///// ///// 0000.0 000 000 2.1e-021
05860 ///// ///// 0000.0 000 000 6.2e-021
05920 ///// ///// 0000.0 000 000 4.4e-021
05980 ///// ///// 0000.0 000 000 5.5e-021
NNNN
