WNDROBS 01.20
57793 0114.3600 027.7900 00130.0 LC 20130629153000
ROBS
00100 115.0 004.3 -000.2 100 100 1.8e-020
00160 115.0 004.8 -000.2 100 100 4.0e-020
00220 118.0 005.0 0000.2 100 100 2.9e-020
00280 125.0 004.7 -000.0 100 100 2.6e-020
00340 124.0 005.3 0000.1 100 100 5.2e-020
00400 122.0 006.2 0000.1 100 100 1.5e-019
00460 139.0 007.7 -000.0 100 100 1.2e-019
00520 153.0 008.7 -000.1 100 100 1.7e-020
00580 157.0 009.3 -000.2 100 100 1.9e-020
00640 165.0 009.2 -000.2 100 100 3.0e-020
00700 170.0 009.9 -000.3 100 100 1.8e-020
00760 170.0 009.9 -000.5 100 100 2.2e-020
00820 173.0 010.3 -000.5 100 100 3.9e-020
00880 173.0 011.1 -000.7 100 100 6.6e-020
00940 182.0 011.2 -000.7 100 100 9.4e-020
01000 188.0 010.1 -000.4 100 100 1.6e-019
01060 184.0 010.9 -000.5 100 100 4.2e-020
01120 184.0 010.0 -000.6 100 100 5.3e-020
01180 187.0 009.1 -000.5 100 100 6.1e-020
01240 189.0 008.3 -000.1 100 100 5.5e-020
01300 195.0 007.3 -000.1 100 100 3.8e-020
01360 196.0 006.6 0000.0 100 100 3.3e-020
01420 197.0 006.8 -000.2 100 100 2.9e-020
01480 201.0 006.6 0000.0 100 100 3.4e-020
01540 206.0 006.7 -000.0 100 100 3.4e-020
01600 208.0 007.1 -000.2 100 100 3.0e-020
01660 210.0 007.5 -000.0 100 100 2.0e-020
01720 215.0 008.0 -000.0 100 100 1.7e-020
01780 217.0 008.1 -000.1 100 100 1.4e-020
01840 215.0 008.6 -000.2 100 100 1.1e-020
01900 221.0 009.2 -000.2 100 100 1.4e-020
01960 221.0 010.1 -000.2 100 100 1.7e-020
02020 227.0 010.7 -000.2 100 100 1.3e-020
02080 227.0 011.3 -000.3 100 100 1.2e-020
02140 232.0 012.4 -000.2 100 100 1.5e-020
02200 232.0 011.3 -000.3 100 100 1.2e-020
02260 235.0 011.2 -000.4 100 100 5.2e-021
02320 238.0 010.8 -000.5 100 100 4.6e-021
02380 232.0 010.3 -000.2 100 100 5.4e-021
02440 232.0 011.5 -000.4 100 100 6.7e-021
02500 227.0 010.4 -000.3 100 100 4.4e-021
02560 225.0 010.6 -000.2 100 100 7.7e-021
02620 226.0 010.0 -000.2 100 100 2.9e-021
02680 226.0 010.1 -000.4 100 100 2.2e-021
02740 236.0 009.0 -000.3 100 100 3.1e-021
02800 236.0 009.1 -000.2 100 100 4.6e-021
02860 232.0 009.8 -000.3 100 100 9.4e-021
02920 236.0 010.9 -000.2 100 100 7.0e-021
02980 231.0 009.7 -000.2 100 100 1.5e-020
03040 233.0 010.5 0000.0 100 100 2.6e-021
03100 228.0 011.2 -000.1 100 100 5.5e-021
03160 228.0 011.3 0000.2 100 100 4.0e-021
03220 236.0 010.7 0000.0 100 100 1.1e-021
03280 244.0 009.3 0000.0 100 100 2.2e-021
03340 217.0 004.9 0000.0 100 100 1.9e-021
03400 235.0 008.3 -000.2 100 100 2.2e-021
03460 233.0 006.7 0000.0 100 100 2.2e-021
03520 231.0 006.9 0000.0 100 100 8.2e-022
03580 234.0 006.8 0000.0 100 100 2.4e-021
03640 234.0 006.8 0000.0 100 100 2.6e-021
03700 209.0 003.8 0000.0 100 100 7.9e-022
03760 146.0 003.7 -001.0 100 100 2.2e-021
03820 191.0 003.3 0000.0 100 100 7.9e-022
03880 179.0 004.7 0000.0 100 100 1.6e-021
03940 206.0 005.0 -000.6 100 100 3.3e-021
04000 ///// ///// -000.6 000 000 3.1e-021
04060 ///// ///// 0000.0 000 000 2.7e-021
04120 ///// ///// 0000.0 000 000 1.8e-021
04180 212.0 008.0 0000.0 100 100 9.2e-022
04240 207.0 008.6 0000.2 100 100 5.2e-021
04300 210.0 008.9 0000.3 100 100 7.0e-021
04360 209.0 008.1 0000.0 100 100 2.7e-021
04420 203.0 008.6 0000.2 100 100 8.7e-021
04480 208.0 008.8 0000.0 100 100 1.9e-020
04540 210.0 009.2 0000.1 100 100 2.0e-020
04600 207.0 009.7 0000.0 100 100 9.7e-021
04660 215.0 007.7 0000.1 100 100 7.8e-021
04720 212.0 010.7 -000.2 100 100 6.0e-021
04780 ///// ///// 0000.0 000 000 3.1e-021
04840 ///// ///// 0000.0 000 000 1.9e-021
04900 ///// ///// 0000.0 000 000 4.1e-021
04960 ///// ///// 0000.0 000 000 2.8e-021
05020 ///// ///// 0000.0 000 000 2.8e-021
05080 ///// ///// 0000.0 000 000 3.4e-021
05140 ///// ///// 0000.0 000 000 3.6e-021
05200 ///// ///// 0000.0 000 000 2.1e-021
05260 ///// ///// 0000.0 000 000 3.7e-021
05320 ///// ///// 0000.0 000 000 1.3e-021
05380 ///// ///// 0000.0 000 000 8.3e-022
05440 ///// ///// 0000.0 000 000 1.4e-021
05500 ///// ///// -001.4 000 000 5.2e-021
05560 ///// ///// 0000.0 000 000 1.6e-021
05620 ///// ///// 0000.0 000 000 1.7e-021
05680 ///// ///// 0000.0 000 000 2.9e-021
05740 ///// ///// 0000.0 000 000 4.0e-021
05800 ///// ///// -001.3 000 000 3.8e-021
05860 ///// ///// -000.6 000 000 5.0e-021
05920 ///// ///// 0000.0 000 000 2.1e-021
05980 ///// ///// 0000.0 000 000 5.0e-021
NNNN
