WNDROBS 01.20
57793 0114.3600 027.7900 00130.0 LC 20130628033000
ROBS
00100 322.0 003.8 0000.2 100 100 2.7e-020
00160 328.0 004.0 0000.3 100 100 9.7e-020
00220 338.0 003.9 0000.2 100 100 7.5e-020
00280 309.0 006.4 0001.0 100 100 6.0e-020
00340 344.0 006.1 0001.1 100 100 2.8e-020
00400 331.0 006.6 0000.8 100 100 1.6e-020
00460 330.0 005.7 0000.5 100 100 1.1e-020
00520 314.0 005.8 0000.4 100 100 5.4e-021
00580 297.0 003.2 0000.2 100 100 1.5e-020
00640 287.0 003.3 0000.2 100 100 2.2e-020
00700 265.0 002.7 0000.2 100 100 5.1e-021
00760 226.0 003.9 -000.4 100 100 3.9e-021
00820 226.0 003.8 -000.1 100 100 4.1e-021
00880 221.0 005.1 0001.1 100 100 4.4e-021
00940 224.0 005.7 0000.5 100 100 2.1e-020
01000 217.0 006.7 0000.2 100 100 5.9e-020
01060 224.0 007.1 0000.2 100 100 3.0e-020
01120 223.0 007.9 0000.2 100 100 2.9e-020
01180 225.0 009.3 0000.3 100 100 3.0e-020
01240 227.0 009.9 0000.1 100 100 3.3e-020
01300 227.0 011.0 -000.0 100 100 1.9e-020
01360 218.0 014.1 -000.1 100 100 1.1e-020
01420 217.0 015.9 -000.1 100 100 8.8e-021
01480 218.0 016.4 0000.0 100 100 1.1e-020
01540 221.0 016.4 -000.1 100 100 8.4e-021
01600 224.0 016.9 0000.1 100 100 7.3e-021
01660 225.0 016.3 0000.1 100 100 7.0e-021
01720 226.0 017.1 0000.2 100 100 6.7e-021
01780 220.0 015.7 0000.2 100 100 4.1e-021
01840 221.0 016.2 -000.2 100 100 3.8e-021
01900 220.0 012.3 -000.4 100 100 4.8e-021
01960 224.0 012.4 -000.1 100 100 6.7e-021
02020 231.0 012.4 -000.7 100 100 6.1e-021
02080 236.0 012.4 -000.5 100 100 6.4e-021
02140 237.0 013.5 -000.4 100 100 3.6e-021
02200 241.0 013.1 -000.1 100 100 2.5e-021
02260 240.0 012.4 0000.2 100 100 3.4e-021
02320 243.0 009.1 -000.1 100 100 4.7e-021
02380 ///// ///// -000.2 000 000 6.7e-021
02440 ///// ///// 0000.0 000 000 7.4e-021
02500 ///// ///// 0000.1 000 000 7.8e-021
02560 ///// ///// 0000.2 000 000 7.7e-021
02620 147.0 007.5 0000.8 100 100 6.1e-021
02680 135.0 008.5 0000.3 100 100 5.0e-021
02740 162.0 006.6 0000.1 100 100 5.5e-021
02800 156.0 006.3 -000.0 100 100 1.1e-020
02860 146.0 006.5 0000.1 100 100 6.8e-021
02920 ///// ///// 0000.0 000 000 4.3e-021
02980 238.0 012.0 0000.0 100 100 5.7e-021
03040 236.0 011.7 0000.2 100 100 5.6e-021
03100 234.0 012.1 -000.4 100 100 4.5e-021
03160 232.0 012.6 0000.1 100 100 5.5e-021
03220 247.0 011.1 0000.2 100 100 5.1e-021
03280 247.0 011.2 -000.1 100 100 3.6e-021
03340 227.0 008.9 0000.8 100 100 3.3e-021
03400 193.0 005.9 0000.0 100 100 2.0e-021
03460 259.0 005.1 0000.0 100 100 2.3e-021
03520 250.0 005.5 0000.0 100 100 3.0e-021
03580 175.0 004.3 0000.0 100 100 2.0e-021
03640 230.0 006.4 0000.0 100 100 1.2e-021
03700 239.0 008.3 0000.0 100 100 1.7e-021
03760 246.0 009.6 0000.0 100 100 7.3e-022
03820 248.0 010.6 0001.1 100 100 2.5e-021
03880 260.0 010.9 0000.0 100 100 2.6e-021
03940 262.0 017.9 0000.0 100 100 2.5e-021
04000 266.0 017.6 0000.0 100 100 2.9e-021
04060 260.0 017.5 0000.0 100 100 1.1e-021
04120 259.0 017.1 0000.0 100 100 2.7e-021
04180 257.0 013.2 0000.0 100 100 1.3e-021
04240 ///// ///// 0000.0 000 000 2.8e-021
04300 ///// ///// 0000.0 000 000 4.3e-022
04360 ///// ///// 0000.0 000 000 2.2e-021
04420 ///// ///// 0001.2 000 000 2.8e-021
04480 ///// ///// 0000.0 000 000 4.3e-022
04540 ///// ///// -000.4 000 000 2.2e-021
04600 ///// ///// 0000.3 000 000 3.4e-021
04660 ///// ///// 0000.0 000 000 1.5e-021
04720 ///// ///// 0000.0 000 000 3.4e-021
04780 ///// ///// 0000.0 000 000 6.4e-022
04840 ///// ///// 0000.0 000 000 3.8e-021
04900 ///// ///// 0000.0 000 000 8.9e-022
04960 ///// ///// 0000.0 000 000 3.3e-021
05020 ///// ///// 0000.0 000 000 1.6e-021
05080 ///// ///// 0000.2 000 000 3.9e-021
05140 ///// ///// 0000.0 000 000 1.4e-021
05200 ///// ///// 0000.0 000 000 3.3e-021
05260 ///// ///// 0000.0 000 000 4.0e-021
05320 ///// ///// 0000.5 000 000 4.5e-021
05380 ///// ///// 0000.0 000 000 1.0e-021
05440 ///// ///// -000.1 000 000 1.4e-021
05500 ///// ///// -000.8 000 000 3.9e-021
05560 ///// ///// 0000.0 000 000 4.5e-021
05620 ///// ///// 0000.0 000 000 3.2e-021
05680 ///// ///// 0000.0 000 000 4.7e-021
05740 ///// ///// -000.3 000 000 4.8e-021
05800 ///// ///// 0000.0 000 000 2.0e-021
05860 ///// ///// 0000.0 000 000 4.1e-021
05920 ///// ///// -000.6 000 000 4.7e-021
05980 ///// ///// 0000.0 000 000 2.1e-021
NNNN
