WNDROBS 01.20
57793 0114.3600 027.7900 00130.0 LC 20130628060000
ROBS
00100 068.0 006.3 0004.4 100 100 8.4e-020
00160 068.0 007.0 0003.9 100 100 3.5e-019
00220 072.0 007.0 0004.4 100 100 5.9e-019
00280 077.0 007.1 0004.3 100 100 6.3e-019
00340 078.0 006.8 0004.0 100 100 6.6e-019
00400 066.0 006.5 0003.9 100 100 9.6e-019
00460 067.0 005.7 0003.8 100 100 1.2e-018
00520 064.0 005.7 0003.7 100 100 1.2e-018
00580 072.0 005.3 0003.5 100 100 1.6e-018
00640 074.0 003.0 0003.3 100 100 1.5e-018
00700 135.0 003.7 0003.4 100 100 1.4e-018
00760 165.0 007.0 0004.1 100 100 1.2e-018
00820 209.0 004.2 0004.2 100 100 1.6e-018
00880 216.0 004.8 0004.6 100 100 2.1e-018
00940 225.0 006.6 0004.5 100 100 2.3e-018
01000 247.0 006.2 0004.4 100 100 2.1e-018
01060 224.0 006.8 0004.3 100 100 5.1e-019
01120 225.0 008.9 0004.6 100 100 5.6e-019
01180 225.0 010.6 0004.5 100 100 5.9e-019
01240 228.0 012.2 0004.6 100 100 6.0e-019
01300 228.0 012.7 0004.6 100 100 6.3e-019
01360 234.0 012.1 0004.6 100 100 5.8e-019
01420 230.0 013.5 0004.3 100 100 6.9e-019
01480 232.0 014.5 0004.3 100 100 7.0e-019
01540 227.0 013.1 0004.1 100 100 3.7e-019
01600 235.0 015.8 0004.1 100 100 7.2e-019
01660 237.0 016.1 0004.0 100 100 7.6e-019
01720 238.0 016.6 0004.1 100 100 7.3e-019
01780 239.0 016.8 0004.0 100 100 7.4e-019
01840 240.0 016.7 0004.0 100 100 6.9e-019
01900 237.0 017.1 0003.8 100 100 7.3e-019
01960 236.0 017.5 0004.1 100 100 6.4e-019
02020 236.0 017.7 0004.0 100 100 6.5e-019
02080 237.0 017.9 0004.1 100 100 6.3e-019
02140 238.0 018.3 0004.3 100 100 6.5e-019
02200 236.0 018.7 0004.0 100 100 6.4e-019
02260 241.0 018.6 0004.1 100 100 6.0e-019
02320 241.0 018.4 0004.4 100 100 6.3e-019
02380 238.0 019.2 0004.5 100 100 7.6e-019
02440 238.0 019.8 0005.0 100 100 7.9e-019
02500 238.0 019.8 0004.9 100 100 8.5e-019
02560 236.0 020.6 0003.8 100 100 8.0e-019
02620 237.0 020.2 0004.6 100 100 9.2e-019
02680 235.0 020.6 0004.7 100 100 9.2e-019
02740 235.0 020.8 0004.6 100 100 8.9e-019
02800 236.0 020.5 0004.7 100 100 8.8e-019
02860 234.0 020.8 0004.7 100 100 9.1e-019
02920 233.0 020.7 0004.8 100 100 8.6e-019
02980 234.0 020.7 0004.7 100 100 8.5e-019
03040 233.0 020.8 0004.7 100 100 8.3e-019
03100 232.0 021.1 0004.8 100 100 8.1e-019
03160 230.0 020.6 0004.9 100 100 8.0e-019
03220 231.0 020.1 0005.0 100 100 7.9e-019
03280 231.0 020.6 0005.1 100 100 7.7e-019
03340 231.0 019.0 0005.1 100 100 7.6e-019
03400 231.0 018.6 0005.1 100 100 7.8e-019
03460 233.0 018.0 0005.1 100 100 7.9e-019
03520 231.0 018.3 0004.9 100 100 8.5e-019
03580 233.0 018.6 0004.9 100 100 8.3e-019
03640 233.0 018.8 0004.9 100 100 9.0e-019
03700 235.0 019.7 0005.0 100 100 9.2e-019
03760 236.0 020.7 0005.1 100 100 8.9e-019
03820 237.0 021.9 0004.9 100 100 9.6e-019
03880 239.0 022.3 0004.9 100 100 9.5e-019
03940 239.0 023.9 0004.9 100 100 9.4e-019
04000 239.0 023.8 0005.4 100 100 9.0e-019
04060 241.0 024.2 0004.5 100 100 8.5e-019
04120 242.0 024.2 0005.0 100 100 8.3e-019
04180 243.0 024.2 0005.1 100 100 8.0e-019
04240 242.0 024.3 0005.2 100 100 7.8e-019
04300 239.0 021.7 0005.7 100 100 7.7e-019
04360 241.0 022.8 0005.5 100 100 7.8e-019
04420 241.0 022.6 0005.2 100 100 6.9e-019
04480 240.0 023.2 0004.7 100 100 7.0e-019
04540 240.0 021.7 0004.8 100 100 7.6e-019
04600 241.0 021.6 0004.9 100 100 7.7e-019
04660 241.0 021.7 0004.7 100 100 7.3e-019
04720 239.0 021.6 0004.6 100 100 7.1e-019
04780 237.0 021.1 0004.3 100 100 2.0e-019
04840 238.0 020.6 0002.2 100 100 2.6e-019
04900 236.0 020.7 0002.2 100 100 3.0e-019
04960 235.0 017.1 0001.9 100 100 3.8e-019
05020 228.0 015.4 0002.1 100 100 5.4e-019
05080 229.0 016.0 0002.0 100 100 7.3e-019
05140 229.0 016.5 0002.0 100 100 7.5e-019
05200 230.0 016.8 0001.8 100 100 7.0e-019
05260 229.0 016.2 0001.6 100 100 7.3e-019
05320 230.0 016.2 0001.4 100 100 7.9e-019
05380 230.0 016.4 0001.4 100 100 8.8e-019
05440 230.0 017.0 0001.4 100 100 7.3e-019
05500 229.0 017.5 0001.3 100 100 4.7e-019
05560 228.0 017.6 0001.4 100 100 3.5e-019
05620 236.0 021.0 0001.5 100 100 2.6e-019
05680 ///// ///// 0001.7 000 000 2.7e-019
05740 235.0 020.6 0001.7 100 100 3.8e-019
05800 238.0 019.9 0001.8 100 100 3.5e-019
05860 234.0 020.6 0001.8 100 100 4.5e-019
05920 234.0 020.8 0001.8 100 100 1.6e-019
05980 234.0 021.1 0001.9 100 100 4.6e-019
NNNN
