WNDROBS 01.20
57793 0114.3600 027.7900 00130.0 LC 20130629033500
ROBS
00100 024.0 001.9 -000.1 100 100 3.1e-021
00160 029.0 001.8 -000.1 100 100 7.1e-021
00220 024.0 002.3 -000.2 100 100 7.1e-021
00280 014.0 002.3 -000.2 100 100 8.0e-021
00340 023.0 001.4 -000.1 100 100 6.0e-021
00400 107.0 001.5 -000.0 100 100 5.2e-021
00460 146.0 002.0 0000.2 100 100 3.4e-021
00520 141.0 002.2 -000.0 100 100 8.4e-021
00580 158.0 004.5 0000.2 100 100 2.7e-020
00640 179.0 003.9 0000.1 100 100 9.3e-021
00700 213.0 005.7 0000.0 100 100 1.4e-020
00760 220.0 008.2 -000.1 100 100 8.9e-021
00820 224.0 009.1 -000.3 100 100 1.0e-020
00880 221.0 010.2 -000.2 100 100 9.1e-021
00940 226.0 011.0 -000.2 100 100 5.3e-021
01000 226.0 011.2 -000.2 100 100 9.7e-021
01060 227.0 011.2 -000.2 100 100 3.4e-021
01120 230.0 011.4 0000.0 100 100 5.4e-021
01180 232.0 012.4 -000.0 100 100 8.3e-021
01240 231.0 013.2 0000.0 100 100 1.0e-020
01300 232.0 013.9 0000.1 100 100 7.7e-021
01360 233.0 014.5 0000.1 100 100 8.1e-021
01420 233.0 015.3 0000.2 100 100 8.1e-021
01480 232.0 015.7 0000.2 100 100 9.1e-021
01540 235.0 017.2 0000.0 100 100 6.3e-021
01600 238.0 017.3 0000.3 100 100 2.5e-021
01660 239.0 017.6 -000.0 100 100 1.7e-021
01720 242.0 016.8 0000.1 100 100 1.8e-021
01780 241.0 016.5 0000.0 100 100 2.7e-021
01840 244.0 016.1 0000.3 100 100 2.5e-021
01900 244.0 016.0 0000.0 100 100 1.0e-021
01960 245.0 014.8 0001.0 100 100 1.8e-021
02020 251.0 015.1 0000.0 100 100 1.2e-021
02080 251.0 015.3 0000.0 100 100 1.5e-021
02140 251.0 015.5 0000.0 100 100 1.6e-021
02200 248.0 013.7 0000.0 100 100 1.6e-021
02260 241.0 014.6 0000.0 100 100 1.2e-021
02320 243.0 012.9 0000.0 100 100 1.9e-021
02380 250.0 015.1 0000.0 100 100 1.9e-021
02440 248.0 014.3 0000.0 100 100 2.9e-021
02500 251.0 013.7 0000.0 100 100 9.5e-022
02560 252.0 011.7 0000.0 100 100 2.4e-021
02620 258.0 012.6 0000.1 100 100 2.5e-021
02680 255.0 012.8 0000.0 100 100 1.9e-021
02740 259.0 012.8 -000.9 100 100 1.4e-021
02800 259.0 012.9 -000.3 100 100 1.8e-021
02860 250.0 012.4 0000.0 100 100 2.2e-021
02920 249.0 011.2 0000.0 100 100 1.7e-021
02980 249.0 013.5 -000.1 100 100 2.3e-021
03040 243.0 011.0 0000.0 100 100 2.1e-021
03100 244.0 010.7 0000.0 100 100 2.5e-021
03160 247.0 012.5 0000.0 100 100 2.4e-021
03220 246.0 012.0 0000.0 100 100 1.5e-021
03280 238.0 008.8 0001.2 100 100 2.6e-021
03340 226.0 006.5 -000.7 100 100 2.6e-021
03400 229.0 006.4 0000.0 100 100 6.6e-022
03460 229.0 006.4 0000.5 100 100 3.0e-021
03520 228.0 006.1 0000.0 100 100 2.4e-021
03580 228.0 006.2 0000.2 100 100 3.3e-021
03640 228.0 006.2 0000.3 100 100 2.6e-021
03700 215.0 007.9 0000.0 100 100 1.1e-021
03760 206.0 010.1 0000.0 100 100 1.3e-021
03820 ///// ///// 0000.0 000 000 7.0e-022
03880 ///// ///// 0000.0 000 000 8.1e-022
03940 ///// ///// 0000.3 000 000 2.4e-021
04000 ///// ///// 0000.0 000 000 8.6e-022
04060 ///// ///// 0000.0 000 000 8.4e-022
04120 ///// ///// 0000.0 000 000 7.6e-022
04180 ///// ///// 0000.0 000 000 2.6e-021
04240 ///// ///// 0000.9 000 000 3.6e-021
04300 ///// ///// 0000.0 000 000 3.5e-021
04360 ///// ///// 0000.0 000 000 2.3e-021
04420 ///// ///// -000.0 000 000 5.1e-021
04480 ///// ///// -000.3 000 000 5.0e-021
04540 ///// ///// 0000.0 000 000 6.5e-021
04600 ///// ///// -000.3 000 000 9.1e-021
04660 ///// ///// -000.0 000 000 1.7e-020
04720 ///// ///// 0000.0 000 000 6.1e-021
04780 ///// ///// 0000.0 000 000 1.4e-021
04840 225.0 012.1 0000.1 100 100 5.4e-021
04900 225.0 009.8 0000.0 100 100 3.8e-021
04960 229.0 012.4 -000.1 100 100 6.1e-021
05020 233.0 012.2 0000.0 100 100 6.4e-021
05080 ///// ///// 0000.0 000 000 5.5e-021
05140 ///// ///// 0000.0 000 000 7.8e-022
05200 ///// ///// 0000.0 000 000 3.7e-021
05260 ///// ///// 0000.1 000 000 4.6e-021
05320 ///// ///// -000.2 000 000 3.8e-021
05380 ///// ///// 0000.0 000 000 2.5e-021
05440 ///// ///// 0000.0 000 000 1.4e-021
05500 ///// ///// 0000.5 000 000 5.0e-021
05560 ///// ///// 0000.5 000 000 3.5e-021
05620 ///// ///// 0000.0 000 000 4.2e-021
05680 ///// ///// 0000.0 000 000 4.4e-021
05740 ///// ///// 0000.0 000 000 1.3e-021
05800 ///// ///// 0000.0 000 000 6.4e-021
05860 ///// ///// 0000.0 000 000 3.5e-021
05920 ///// ///// 0000.0 000 000 1.2e-021
05980 ///// ///// -000.3 000 000 2.5e-021
NNNN
