WNDROBS 01.20
57793 0114.3600 027.7900 00130.0 LC 20130628063000
ROBS
00100 033.0 002.0 0008.0 100 100 4.7e-017
00160 033.0 002.2 0008.1 100 100 2.2e-016
00220 021.0 002.9 0008.0 100 100 2.4e-016
00280 036.0 002.9 0007.9 100 100 2.8e-016
00340 057.0 003.8 0006.1 100 100 1.6e-016
00400 021.0 003.2 0007.4 100 100 2.5e-016
00460 025.0 004.7 0007.5 100 100 2.3e-016
00520 041.0 005.8 0007.9 100 100 2.3e-016
00580 039.0 004.9 0008.2 100 100 2.6e-016
00640 030.0 004.3 0008.5 100 100 2.5e-016
00700 017.0 004.1 0008.6 100 100 2.3e-016
00760 053.0 003.3 0008.7 100 100 2.0e-016
00820 046.0 002.8 0008.6 100 100 1.4e-016
00880 047.0 002.8 0008.6 100 100 1.2e-016
00940 313.0 003.3 0008.6 100 100 1.0e-016
01000 039.0 001.3 0008.5 100 100 1.0e-016
01060 294.0 003.8 0009.9 100 100 5.9e-017
01120 264.0 002.2 0009.8 100 100 5.0e-017
01180 269.0 002.7 0009.6 100 100 4.9e-017
01240 256.0 002.3 0009.6 100 100 4.3e-017
01300 227.0 001.7 0009.6 100 100 4.2e-017
01360 240.0 003.0 0009.4 100 100 4.1e-017
01420 230.0 003.5 0009.0 100 100 3.5e-017
01480 254.0 003.2 0008.9 100 100 3.1e-017
01540 247.0 005.2 0007.9 100 100 2.4e-017
01600 239.0 004.4 0008.5 100 100 2.5e-017
01660 237.0 004.8 0008.6 100 100 2.7e-017
01720 213.0 003.2 0008.3 100 100 2.6e-017
01780 224.0 002.0 0008.1 100 100 2.5e-017
01840 247.0 002.5 0007.9 100 100 2.4e-017
01900 247.0 005.0 0009.1 100 100 1.9e-017
01960 254.0 005.6 0007.5 100 100 2.6e-017
02020 260.0 004.2 0006.8 100 100 2.7e-017
02080 262.0 005.4 0006.0 100 100 2.5e-017
02140 246.0 007.8 0005.8 100 100 2.1e-017
02200 241.0 008.7 0005.8 100 100 1.7e-017
02260 239.0 009.4 0005.4 100 100 1.3e-017
02320 249.0 008.7 0005.0 100 100 9.9e-018
02380 245.0 007.3 0004.9 100 100 8.1e-018
02440 229.0 008.1 0005.4 100 100 9.0e-018
02500 210.0 007.4 0005.3 100 100 7.1e-018
02560 225.0 008.4 0005.8 100 100 7.3e-018
02620 227.0 006.9 0006.3 100 100 5.2e-018
02680 225.0 010.0 0006.9 100 100 5.3e-018
02740 238.0 008.4 0007.2 100 100 3.9e-018
02800 226.0 011.0 0007.5 100 100 4.9e-018
02860 229.0 008.8 0007.6 100 100 4.3e-018
02920 237.0 010.0 0007.5 100 100 4.6e-018
02980 235.0 010.6 0007.5 100 100 4.9e-018
03040 244.0 008.8 0007.3 100 100 4.3e-018
03100 249.0 010.8 0007.4 100 100 4.9e-018
03160 234.0 011.0 0006.9 100 100 3.0e-018
03220 245.0 008.8 0006.5 100 100 4.0e-018
03280 251.0 010.7 0006.7 100 100 4.5e-018
03340 253.0 012.4 0006.4 100 100 4.9e-018
03400 247.0 013.5 0006.9 100 100 4.9e-018
03460 246.0 014.7 0006.9 100 100 4.8e-018
03520 250.0 017.4 0007.7 100 100 4.8e-018
03580 245.0 017.4 0008.2 100 100 4.5e-018
03640 242.0 017.9 0008.1 100 100 4.5e-018
03700 243.0 018.3 0008.1 100 100 4.5e-018
03760 246.0 017.1 0008.2 100 100 4.4e-018
03820 243.0 015.4 0008.1 100 100 4.5e-018
03880 242.0 014.4 0008.3 100 100 4.4e-018
03940 242.0 013.7 0008.4 100 100 4.8e-018
04000 239.0 012.9 0008.5 100 100 4.6e-018
04060 230.0 013.6 0008.6 100 100 5.0e-018
04120 225.0 014.2 0008.5 100 100 5.2e-018
04180 225.0 013.8 0008.4 100 100 5.1e-018
04240 220.0 014.4 0008.6 100 100 5.2e-018
04300 222.0 014.0 0008.5 100 100 5.2e-018
04360 215.0 013.9 0008.0 100 100 5.5e-018
04420 212.0 013.8 0007.2 100 100 5.6e-018
04480 207.0 014.2 0005.8 100 100 6.1e-018
04540 204.0 015.1 0004.9 100 100 6.2e-018
04600 205.0 015.9 0003.2 100 100 6.7e-018
04660 202.0 018.0 0002.7 100 100 8.3e-018
04720 205.0 017.4 0002.3 100 100 1.0e-017
04780 212.0 020.8 0002.5 100 100 4.5e-018
04840 211.0 020.7 0002.4 100 100 4.5e-018
04900 211.0 020.2 0002.2 100 100 4.6e-018
04960 210.0 020.3 0002.0 100 100 4.8e-018
05020 211.0 019.9 0001.8 100 100 4.5e-018
05080 211.0 020.4 0001.6 100 100 3.7e-018
05140 213.0 020.3 0001.5 100 100 2.7e-018
05200 215.0 019.8 0001.5 100 100 1.9e-018
05260 219.0 018.8 0001.5 100 100 1.4e-018
05320 220.0 018.7 0001.4 100 100 1.3e-018
05380 222.0 018.6 0001.3 100 100 1.2e-018
05440 222.0 018.6 0001.3 100 100 1.1e-018
05500 223.0 018.3 0001.2 100 100 1.1e-018
05560 223.0 018.2 0001.2 100 100 1.1e-018
05620 225.0 018.2 0001.2 100 100 1.1e-018
05680 226.0 018.2 0001.1 100 100 1.1e-018
05740 227.0 018.1 0001.1 100 100 1.1e-018
05800 228.0 017.9 0001.1 100 100 1.0e-018
05860 229.0 017.5 0001.1 100 100 9.2e-019
05920 230.0 017.3 0001.2 100 100 9.0e-019
05980 232.0 016.8 0001.2 100 100 8.1e-019
NNNN
