WNDROBS 01.20
57793 0114.3600 027.7900 00130.0 LC 20130629033000
ROBS
00100 002.0 004.4 0002.6 100 100 2.0e-021
00160 002.0 004.9 0002.6 100 100 4.5e-021
00220 060.0 004.9 0002.6 100 100 2.6e-021
00280 056.0 001.1 -000.0 100 100 7.3e-021
00340 059.0 001.6 0000.0 100 100 3.7e-021
00400 107.0 002.0 -000.1 100 100 4.1e-021
00460 100.0 002.5 -000.2 100 100 3.7e-021
00520 158.0 002.3 -000.2 100 100 1.6e-020
00580 170.0 003.7 -000.3 100 100 4.4e-020
00640 218.0 004.2 -000.4 100 100 1.5e-020
00700 219.0 005.7 -000.3 100 100 2.5e-020
00760 223.0 008.1 -000.2 100 100 2.3e-020
00820 224.0 009.7 -000.2 100 100 2.1e-020
00880 224.0 010.8 -000.5 100 100 1.1e-020
00940 227.0 010.9 -000.1 100 100 9.6e-021
01000 224.0 012.7 -000.1 100 100 1.7e-020
01060 227.0 011.7 -000.1 100 100 6.2e-021
01120 229.0 012.3 -000.1 100 100 6.9e-021
01180 229.0 013.4 0000.1 100 100 7.9e-021
01240 229.0 013.9 0000.1 100 100 1.1e-020
01300 232.0 014.5 -000.1 100 100 1.3e-020
01360 234.0 015.3 0000.0 100 100 1.3e-020
01420 235.0 016.6 -000.0 100 100 1.6e-020
01480 235.0 017.7 -000.1 100 100 1.5e-020
01540 237.0 018.7 -000.1 100 100 9.8e-021
01600 239.0 017.9 0000.0 100 100 4.5e-021
01660 244.0 018.4 -000.1 100 100 2.0e-021
01720 244.0 018.5 0000.4 100 100 2.0e-021
01780 243.0 017.4 0000.0 100 100 1.3e-021
01840 246.0 017.5 -000.2 100 100 1.5e-021
01900 242.0 019.3 0000.0 100 100 1.4e-021
01960 248.0 017.7 -001.4 100 100 1.2e-021
02020 245.0 017.3 0000.0 100 100 1.9e-021
02080 250.0 015.7 0000.2 100 100 1.5e-021
02140 257.0 015.1 -000.2 100 100 1.9e-021
02200 250.0 015.1 -000.2 100 100 1.6e-021
02260 249.0 015.0 0000.0 100 100 1.2e-021
02320 250.0 015.3 0000.0 100 100 5.1e-022
02380 246.0 015.4 0000.0 100 100 1.5e-021
02440 251.0 014.8 0000.0 100 100 2.6e-021
02500 249.0 013.0 0000.3 100 100 3.9e-021
02560 253.0 012.4 0000.0 100 100 3.0e-021
02620 260.0 012.3 0000.0 100 100 2.4e-021
02680 248.0 012.6 0000.2 100 100 2.2e-021
02740 261.0 012.5 -000.6 100 100 1.6e-021
02800 260.0 011.2 -000.0 100 100 9.5e-022
02860 260.0 011.1 0000.0 100 100 8.0e-022
02920 260.0 011.6 -001.3 100 100 2.6e-021
02980 260.0 011.8 0000.0 100 100 2.7e-021
03040 268.0 011.1 0000.0 100 100 1.0e-021
03100 262.0 011.4 0000.0 100 100 1.8e-021
03160 251.0 011.9 0000.0 100 100 8.7e-022
03220 246.0 012.4 0000.0 100 100 2.0e-021
03280 241.0 012.9 0000.0 100 100 9.7e-022
03340 ///// ///// 0000.0 000 000 1.7e-021
03400 ///// ///// 0001.0 000 000 1.5e-021
03460 ///// ///// 0000.0 000 000 6.8e-022
03520 ///// ///// 0000.0 000 000 6.9e-022
03580 ///// ///// 0000.0 000 000 7.1e-022
03640 ///// ///// 0000.0 000 000 2.0e-021
03700 ///// ///// 0000.7 000 000 2.2e-021
03760 ///// ///// 0000.0 000 000 2.3e-021
03820 ///// ///// 0000.0 000 000 1.3e-021
03880 ///// ///// 0000.7 000 000 1.0e-021
03940 ///// ///// -000.1 000 000 3.2e-021
04000 ///// ///// -001.2 000 000 2.7e-021
04060 ///// ///// 0001.2 000 000 2.5e-021
04120 ///// ///// 0000.0 000 000 1.2e-021
04180 ///// ///// 0000.0 000 000 2.8e-021
04240 ///// ///// 0000.0 000 000 3.5e-021
04300 ///// ///// 0000.0 000 000 3.0e-021
04360 ///// ///// 0000.0 000 000 7.3e-022
04420 ///// ///// 0000.1 000 000 3.0e-021
04480 ///// ///// 0000.1 000 000 5.8e-021
04540 ///// ///// 0000.4 000 000 4.4e-021
04600 ///// ///// 0000.3 000 000 6.9e-021
04660 ///// ///// 0000.7 000 000 1.3e-020
04720 ///// ///// 0000.3 000 000 1.2e-020
04780 ///// ///// 0000.0 000 000 3.8e-021
04840 ///// ///// 0000.0 000 000 4.4e-021
04900 ///// ///// 0000.0 000 000 3.7e-021
04960 ///// ///// 0000.0 000 000 4.3e-021
05020 ///// ///// 0000.0 000 000 1.1e-021
05080 ///// ///// 0000.0 000 000 3.8e-021
05140 ///// ///// 0000.8 000 000 3.7e-021
05200 ///// ///// 0000.0 000 000 3.8e-021
05260 ///// ///// 0000.0 000 000 4.3e-021
05320 ///// ///// 0000.0 000 000 1.8e-021
05380 ///// ///// 0000.0 000 000 3.5e-021
05440 ///// ///// 0000.0 000 000 4.5e-021
05500 ///// ///// -000.1 000 000 6.7e-021
05560 ///// ///// 0000.6 000 000 5.4e-021
05620 ///// ///// 0000.0 000 000 5.0e-021
05680 ///// ///// 0000.0 000 000 6.1e-021
05740 ///// ///// 0000.0 000 000 4.5e-021
05800 ///// ///// 0000.8 000 000 7.5e-021
05860 ///// ///// 0000.0 000 000 5.8e-021
05920 ///// ///// 0000.0 000 000 4.8e-021
05980 ///// ///// 0000.0 000 000 4.5e-021
NNNN
