WNDROBS 01.20
57793 0114.3600 027.7900 00130.0 LC 20130629043000
ROBS
00100 092.0 002.4 -000.4 100 100 3.5e-021
00160 092.0 002.7 -000.5 100 100 7.7e-021
00220 102.0 003.1 -000.3 100 100 1.2e-020
00280 098.0 003.0 -000.3 100 100 8.7e-021
00340 100.0 002.9 -000.4 100 100 4.0e-021
00400 121.0 002.1 -000.0 100 100 2.9e-021
00460 115.0 002.0 0000.1 100 100 2.9e-021
00520 146.0 001.5 0000.0 100 100 3.9e-021
00580 166.0 003.9 -000.1 100 100 5.8e-021
00640 179.0 003.8 -000.1 100 100 5.7e-020
00700 182.0 002.5 0000.1 100 100 1.8e-020
00760 209.0 003.6 0000.1 100 100 6.6e-021
00820 227.0 006.1 -000.1 100 100 9.5e-021
00880 231.0 007.4 -000.3 100 100 2.2e-020
00940 229.0 009.7 -000.5 100 100 3.1e-020
01000 226.0 010.4 -000.2 100 100 2.6e-020
01060 229.0 010.8 -000.2 100 100 4.0e-021
01120 229.0 011.5 -000.1 100 100 1.6e-021
01180 230.0 012.1 -000.1 100 100 2.3e-021
01240 228.0 012.1 -000.2 100 100 5.2e-021
01300 231.0 013.0 -000.3 100 100 9.2e-021
01360 233.0 013.5 -000.2 100 100 1.2e-020
01420 232.0 013.2 -000.3 100 100 1.3e-020
01480 235.0 014.2 -000.2 100 100 1.4e-020
01540 235.0 014.8 -000.4 100 100 1.5e-020
01600 236.0 015.7 -000.4 100 100 1.5e-020
01660 237.0 016.7 -000.4 100 100 1.4e-020
01720 239.0 018.0 -000.3 100 100 4.9e-021
01780 242.0 016.6 -000.2 100 100 2.4e-021
01840 243.0 016.7 -000.1 100 100 1.0e-021
01900 242.0 016.0 -000.4 100 100 1.5e-021
01960 245.0 013.8 -000.4 100 100 2.4e-021
02020 244.0 014.7 -000.4 100 100 4.1e-021
02080 242.0 015.9 -000.3 100 100 5.7e-021
02140 243.0 016.6 -000.4 100 100 8.1e-021
02200 241.0 017.3 0000.8 100 100 1.3e-021
02260 237.0 017.1 -000.3 100 100 3.3e-021
02320 242.0 018.9 -000.5 100 100 2.7e-021
02380 240.0 018.4 -000.5 100 100 3.3e-021
02440 243.0 016.8 -000.4 100 100 2.6e-021
02500 243.0 016.2 -000.2 100 100 2.7e-021
02560 241.0 015.1 -000.1 100 100 3.7e-021
02620 241.0 015.8 0000.1 100 100 3.1e-021
02680 239.0 014.8 -000.0 100 100 4.7e-021
02740 257.0 013.8 -001.1 100 100 2.5e-021
02800 255.0 013.6 -000.2 100 100 3.1e-021
02860 259.0 016.2 0000.0 100 100 2.4e-021
02920 259.0 016.4 0000.0 100 100 2.2e-021
02980 245.0 014.1 -000.0 100 100 3.7e-021
03040 245.0 014.6 -000.1 100 100 1.2e-021
03100 246.0 014.3 0000.0 100 100 2.7e-021
03160 249.0 013.1 0000.0 100 100 2.5e-021
03220 244.0 012.8 0000.0 100 100 2.0e-021
03280 238.0 010.2 0000.1 100 100 1.9e-021
03340 241.0 011.5 0000.0 100 100 1.8e-021
03400 232.0 011.7 -000.0 100 100 3.5e-021
03460 244.0 016.1 0000.0 100 100 1.9e-021
03520 ///// ///// 0000.0 000 000 3.2e-021
03580 ///// ///// 0000.0 000 000 3.0e-022
03640 ///// ///// 0000.0 000 000 2.3e-021
03700 ///// ///// 0000.0 000 000 1.2e-021
03760 ///// ///// 0000.4 000 000 3.5e-021
03820 ///// ///// 0000.0 000 000 4.1e-021
03880 ///// ///// 0000.0 000 000 2.9e-021
03940 ///// ///// -000.3 000 000 2.5e-021
04000 ///// ///// 0000.0 000 000 1.0e-021
04060 ///// ///// 0000.0 000 000 1.5e-021
04120 ///// ///// 0000.0 000 000 1.9e-021
04180 ///// ///// 0000.0 000 000 6.7e-022
04240 ///// ///// 0000.0 000 000 2.7e-021
04300 ///// ///// 0000.0 000 000 1.7e-021
04360 ///// ///// 0000.4 000 000 1.2e-021
04420 ///// ///// 0000.0 000 000 2.3e-021
04480 ///// ///// 0000.0 000 000 3.3e-021
04540 ///// ///// 0000.0 000 000 9.6e-022
04600 ///// ///// 0000.0 000 000 1.2e-021
04660 ///// ///// 0000.0 000 000 3.4e-021
04720 ///// ///// 0000.0 000 000 3.3e-021
04780 ///// ///// 0000.0 000 000 9.1e-022
04840 ///// ///// -000.1 000 000 3.7e-021
04900 ///// ///// 0000.0 000 000 3.0e-021
04960 ///// ///// -000.2 000 000 3.7e-021
05020 ///// ///// -000.1 000 000 4.0e-021
05080 ///// ///// 0000.7 000 000 5.3e-021
05140 ///// ///// 0000.3 000 000 3.3e-021
05200 ///// ///// 0000.0 000 000 1.5e-021
05260 ///// ///// -000.4 000 000 5.0e-021
05320 ///// ///// 0000.0 000 000 3.5e-021
05380 ///// ///// -000.3 000 000 4.6e-021
05440 ///// ///// -000.7 000 000 6.0e-021
05500 ///// ///// 0000.2 000 000 5.2e-021
05560 ///// ///// 0000.0 000 000 6.5e-021
05620 ///// ///// 0000.2 000 000 4.5e-021
05680 ///// ///// 0002.1 000 000 5.8e-021
05740 ///// ///// 0000.0 000 000 4.2e-021
05800 ///// ///// 0000.0 000 000 4.4e-021
05860 ///// ///// 0000.0 000 000 9.6e-022
05920 ///// ///// 0001.0 000 000 5.5e-021
05980 ///// ///// 0000.0 000 000 4.4e-021
NNNN
