WNDROBS 01.20
57793 0114.3600 027.7900 00130.0 LC 20130629121500
ROBS
00100 081.0 004.3 -000.2 100 100 1.8e-020
00160 081.0 004.8 -000.2 100 100 3.9e-020
00220 092.0 005.2 0000.2 100 100 2.7e-020
00280 096.0 005.9 -000.1 100 100 1.5e-020
00340 100.0 006.8 -000.1 100 100 1.7e-020
00400 116.0 004.8 -000.2 100 100 4.0e-020
00460 129.0 005.6 -000.1 100 100 3.1e-020
00520 141.0 006.8 0000.1 100 100 3.6e-020
00580 158.0 007.5 0000.8 100 100 2.4e-020
00640 162.0 008.7 0000.3 100 100 1.5e-020
00700 160.0 009.6 0000.3 100 100 1.7e-020
00760 169.0 011.1 0000.6 100 100 1.9e-020
00820 152.0 012.6 0000.4 100 100 1.9e-020
00880 157.0 010.8 -000.2 100 100 5.2e-020
00940 155.0 009.6 -000.4 100 100 7.8e-020
01000 163.0 010.3 0000.6 100 100 5.6e-020
01060 167.0 009.5 -000.3 100 100 2.8e-020
01120 172.0 008.2 0000.1 100 100 3.0e-020
01180 184.0 008.3 0000.1 100 100 5.6e-020
01240 188.0 008.1 0000.1 100 100 5.2e-020
01300 191.0 007.9 0000.1 100 100 7.5e-020
01360 198.0 007.5 0000.1 100 100 8.6e-020
01420 200.0 006.9 -000.1 100 100 9.2e-020
01480 204.0 007.0 -000.3 100 100 7.3e-020
01540 205.0 006.9 -000.3 100 100 4.4e-020
01600 210.0 007.6 -000.3 100 100 4.3e-020
01660 217.0 008.5 -000.1 100 100 4.1e-020
01720 222.0 009.6 -000.4 100 100 1.6e-020
01780 229.0 010.3 -000.2 100 100 6.4e-021
01840 229.0 008.6 -000.3 100 100 5.0e-021
01900 228.0 009.0 -000.4 100 100 6.6e-021
01960 227.0 009.4 -000.5 100 100 4.8e-021
02020 226.0 011.1 -000.3 100 100 3.0e-021
02080 224.0 012.4 -000.7 100 100 2.3e-021
02140 229.0 012.1 0000.2 100 100 3.6e-021
02200 218.0 010.2 -000.2 100 100 5.8e-021
02260 215.0 012.0 -000.3 100 100 5.2e-021
02320 216.0 012.3 0000.0 100 100 3.8e-021
02380 213.0 012.2 -000.1 100 100 4.9e-021
02440 227.0 010.8 -000.4 100 100 3.7e-021
02500 232.0 011.0 -000.2 100 100 3.2e-021
02560 231.0 010.4 0000.0 100 100 2.8e-021
02620 232.0 010.0 0000.1 100 100 3.3e-021
02680 236.0 010.1 -000.1 100 100 4.6e-021
02740 235.0 010.7 -000.3 100 100 3.0e-021
02800 236.0 010.8 0000.0 100 100 2.7e-021
02860 238.0 010.7 0000.2 100 100 3.1e-021
02920 238.0 010.7 0000.1 100 100 4.9e-021
02980 229.0 011.8 -000.0 100 100 6.4e-021
03040 226.0 011.2 -000.2 100 100 4.5e-021
03100 229.0 011.9 -000.3 100 100 3.9e-021
03160 231.0 011.2 0000.0 100 100 2.1e-021
03220 229.0 011.7 0000.0 100 100 4.3e-021
03280 234.0 012.5 0000.0 100 100 2.3e-021
03340 239.0 012.9 0000.0 100 100 1.0e-021
03400 237.0 012.6 0000.0 100 100 2.3e-021
03460 238.0 012.7 0000.0 100 100 1.1e-021
03520 240.0 012.8 0000.0 100 100 3.0e-021
03580 242.0 011.8 0000.0 100 100 6.5e-022
03640 243.0 010.5 0000.0 100 100 7.9e-022
03700 220.0 006.1 0000.0 100 100 8.6e-022
03760 240.0 010.0 0000.0 100 100 7.5e-022
03820 255.0 015.6 0000.0 100 100 2.0e-021
03880 252.0 012.0 -000.1 100 100 8.1e-022
03940 ///// ///// 0000.0 000 000 8.3e-022
04000 ///// ///// 0000.0 000 000 1.3e-021
04060 ///// ///// 0000.0 000 000 8.9e-022
04120 ///// ///// 0000.0 000 000 1.1e-021
04180 ///// ///// 0000.0 000 000 2.8e-021
04240 ///// ///// 0000.0 000 000 2.8e-021
04300 ///// ///// 0000.0 000 000 2.4e-021
04360 ///// ///// 0000.0 000 000 2.1e-021
04420 ///// ///// 0000.3 000 000 4.7e-021
04480 ///// ///// 0000.6 000 000 5.9e-021
04540 ///// ///// 0000.0 000 000 1.4e-021
04600 ///// ///// 0000.0 000 000 4.5e-021
04660 ///// ///// 0000.0 000 000 2.6e-021
04720 ///// ///// 0000.1 000 000 2.0e-021
04780 ///// ///// 0000.0 000 000 9.4e-022
04840 ///// ///// 0000.0 000 000 3.1e-021
04900 ///// ///// 0000.0 000 000 1.4e-021
04960 ///// ///// -000.1 000 000 3.0e-021
05020 ///// ///// 0000.3 000 000 1.5e-021
05080 ///// ///// -000.0 000 000 3.7e-021
05140 ///// ///// -000.6 000 000 2.1e-021
05200 ///// ///// 0000.0 000 000 3.2e-021
05260 ///// ///// 0000.0 000 000 3.3e-021
05320 ///// ///// -001.0 000 000 3.5e-021
05380 ///// ///// 0000.0 000 000 3.9e-021
05440 ///// ///// 0000.0 000 000 3.6e-021
05500 ///// ///// 0000.0 000 000 3.6e-021
05560 ///// ///// 0000.0 000 000 1.9e-021
05620 ///// ///// -000.1 000 000 6.3e-021
05680 ///// ///// 0000.0 000 000 4.9e-021
05740 ///// ///// 0000.0 000 000 5.6e-021
05800 ///// ///// 0000.0 000 000 1.5e-021
05860 ///// ///// 0000.0 000 000 1.7e-021
05920 ///// ///// 0000.0 000 000 2.3e-021
05980 ///// ///// 0000.0 000 000 1.7e-021
NNNN
