WNDROBS 01.20
57793 0114.3600 027.7900 00130.0 LC 20130628052000
ROBS
00100 060.0 007.1 0004.0 100 100 2.0e-019
00160 058.0 008.1 0004.5 100 100 7.6e-019
00220 061.0 007.3 0004.2 100 100 8.2e-019
00280 059.0 006.8 0004.1 100 100 7.8e-019
00340 056.0 006.8 0004.0 100 100 7.6e-019
00400 055.0 006.2 0003.6 100 100 7.0e-019
00460 063.0 005.2 0003.4 100 100 5.6e-019
00520 073.0 004.7 0003.4 100 100 4.6e-019
00580 077.0 004.4 0003.3 100 100 3.8e-019
00640 087.0 004.3 0003.0 100 100 2.8e-019
00700 097.0 004.7 0002.9 100 100 2.2e-019
00760 172.0 004.6 0002.9 100 100 1.6e-019
00820 183.0 003.1 0003.2 100 100 1.5e-019
00880 163.0 001.2 0003.2 100 100 1.5e-019
00940 250.0 001.8 0003.3 100 100 1.3e-019
01000 229.0 003.4 0003.2 100 100 1.1e-019
01060 218.0 003.0 0003.4 100 100 5.0e-020
01120 217.0 004.8 0003.2 100 100 4.5e-020
01180 218.0 005.9 0003.0 100 100 4.4e-020
01240 219.0 007.9 0002.9 100 100 4.2e-020
01300 223.0 009.4 0002.9 100 100 4.0e-020
01360 226.0 010.7 0002.9 100 100 3.9e-020
01420 228.0 011.6 0002.9 100 100 3.6e-020
01480 230.0 012.0 0003.0 100 100 4.3e-020
01540 230.0 013.1 0003.0 100 100 4.0e-020
01600 233.0 013.4 0002.9 100 100 3.8e-020
01660 235.0 014.4 0003.0 100 100 3.9e-020
01720 236.0 015.1 0002.9 100 100 3.8e-020
01780 235.0 015.0 0002.9 100 100 3.9e-020
01840 237.0 015.0 0002.9 100 100 3.9e-020
01900 238.0 014.4 0002.9 100 100 3.6e-020
01960 235.0 013.7 0002.9 100 100 3.8e-020
02020 238.0 012.9 0002.8 100 100 3.7e-020
02080 236.0 012.8 0002.8 100 100 3.7e-020
02140 231.0 012.5 0002.8 100 100 3.5e-020
02200 243.0 011.9 0002.7 100 100 3.5e-020
02260 250.0 011.1 0002.7 100 100 3.0e-020
02320 249.0 011.3 0002.6 100 100 2.8e-020
02380 247.0 011.9 0002.5 100 100 3.0e-020
02440 250.0 012.1 0002.4 100 100 2.5e-020
02500 248.0 011.6 0002.2 100 100 3.1e-020
02560 247.0 011.9 0002.2 100 100 3.3e-020
02620 241.0 013.0 0002.2 100 100 2.8e-020
02680 229.0 015.3 0001.9 100 100 2.3e-020
02740 238.0 014.0 0001.9 100 100 2.3e-020
02800 239.0 014.2 0001.5 100 100 2.2e-020
02860 254.0 012.7 0002.3 100 100 2.0e-020
02920 256.0 012.6 0002.1 100 100 2.0e-020
02980 254.0 012.0 0000.0 100 100 3.0e-020
03040 256.0 013.2 0000.1 100 100 2.5e-020
03100 253.0 013.7 0000.0 100 100 1.8e-020
03160 252.0 011.8 0000.1 100 100 1.8e-020
03220 253.0 013.1 0000.0 100 100 1.3e-020
03280 ///// ///// -000.1 000 000 1.6e-020
03340 265.0 011.4 0003.0 100 100 1.4e-020
03400 263.0 010.9 -000.1 100 100 1.5e-020
03460 255.0 007.2 0000.0 100 100 1.3e-020
03520 250.0 007.4 0000.2 100 100 1.6e-020
03580 263.0 007.6 -000.1 100 100 1.6e-020
03640 257.0 007.7 -000.1 100 100 1.5e-020
03700 263.0 008.0 -000.1 100 100 1.9e-020
03760 262.0 008.4 0000.4 100 100 1.8e-020
03820 260.0 008.0 -000.2 100 100 1.4e-020
03880 261.0 008.4 0000.0 100 100 1.5e-020
03940 278.0 008.9 -000.1 100 100 1.2e-020
04000 245.0 009.6 0000.1 100 100 1.3e-020
04060 241.0 010.0 0000.0 100 100 1.1e-020
04120 238.0 010.5 -000.3 100 100 1.2e-020
04180 220.0 013.1 0000.0 100 100 9.2e-021
04240 220.0 015.7 0000.0 100 100 7.9e-021
04300 195.0 014.0 0000.0 100 100 7.2e-021
04360 209.0 010.8 0000.0 100 100 7.2e-021
04420 ///// ///// 0000.0 000 000 4.9e-021
04480 ///// ///// 0000.0 000 000 8.6e-021
04540 ///// ///// -000.1 000 000 9.7e-022
04600 ///// ///// 0000.0 000 000 5.6e-021
04660 ///// ///// 0000.0 000 000 6.8e-021
04720 ///// ///// 0000.0 000 000 6.4e-021
04780 ///// ///// 0000.0 000 000 2.9e-021
04840 ///// ///// -000.0 000 000 3.3e-021
04900 ///// ///// 0000.0 000 000 7.0e-022
04960 ///// ///// 0000.0 000 000 3.5e-021
05020 ///// ///// 0000.0 000 000 7.7e-021
05080 ///// ///// 0000.0 000 000 1.1e-020
05140 231.0 018.7 -009.6 100 100 9.8e-021
05200 230.0 018.8 0000.0 100 100 2.6e-021
05260 236.0 017.5 0000.0 100 100 8.0e-021
05320 230.0 018.9 0000.4 100 100 1.3e-020
05380 231.0 018.6 0000.0 100 100 1.1e-020
05440 232.0 019.4 0000.9 100 100 5.8e-021
05500 231.0 019.8 0001.3 100 100 8.3e-021
05560 227.0 018.5 0000.8 100 100 5.9e-021
05620 ///// ///// -004.4 000 000 6.8e-021
05680 ///// ///// 0000.0 000 000 3.5e-021
05740 ///// ///// 0000.5 000 000 3.8e-021
05800 ///// ///// 0000.3 000 000 5.5e-021
05860 ///// ///// 0000.0 000 000 4.8e-021
05920 ///// ///// 0001.0 000 000 7.0e-021
05980 ///// ///// 0000.0 000 000 2.6e-021
NNNN
