WNDROBS 01.20
57793 0114.3600 027.7900 00130.0 LC 20130629081500
ROBS
00100 133.0 004.8 0001.8 100 100 2.3e-021
00160 114.0 004.2 0001.1 100 100 5.8e-021
00220 099.0 003.1 0000.1 100 100 7.0e-021
00280 094.0 003.9 0000.0 100 100 5.5e-021
00340 093.0 004.4 0000.0 100 100 7.5e-021
00400 093.0 004.8 -000.0 100 100 4.7e-021
00460 094.0 006.7 0000.1 100 100 3.0e-021
00520 094.0 006.4 0000.1 100 100 3.1e-021
00580 107.0 006.4 0000.0 100 100 1.0e-020
00640 120.0 006.2 0000.0 100 100 1.1e-020
00700 141.0 006.8 0000.1 100 100 9.3e-021
00760 143.0 007.2 -000.0 100 100 4.0e-020
00820 153.0 007.5 0000.0 100 100 4.7e-020
00880 165.0 006.3 0000.0 100 100 4.8e-020
00940 169.0 005.3 0000.1 100 100 3.2e-020
01000 169.0 004.6 0000.0 100 100 2.6e-020
01060 167.0 004.8 -000.1 100 100 8.1e-021
01120 169.0 003.2 -000.0 100 100 4.0e-021
01180 180.0 002.8 -000.0 100 100 4.5e-021
01240 192.0 003.1 0000.2 100 100 4.0e-021
01300 207.0 003.6 0000.1 100 100 4.2e-021
01360 212.0 005.0 -000.2 100 100 1.0e-020
01420 212.0 005.5 -000.2 100 100 1.8e-020
01480 213.0 006.1 -000.1 100 100 7.9e-021
01540 215.0 006.6 -000.4 100 100 3.2e-021
01600 217.0 006.9 -000.0 100 100 4.2e-021
01660 215.0 007.6 -000.0 100 100 5.2e-021
01720 219.0 008.4 -000.2 100 100 9.2e-021
01780 220.0 008.8 -000.2 100 100 1.0e-020
01840 222.0 009.4 -000.1 100 100 1.1e-020
01900 229.0 009.6 -000.2 100 100 1.1e-020
01960 230.0 010.0 -000.2 100 100 7.4e-021
02020 235.0 009.7 -000.3 100 100 8.1e-021
02080 241.0 010.9 -000.2 100 100 7.3e-021
02140 248.0 010.9 -000.2 100 100 2.8e-021
02200 249.0 011.8 -000.2 100 100 3.1e-021
02260 247.0 011.4 -000.1 100 100 3.1e-021
02320 244.0 010.8 -000.2 100 100 4.0e-021
02380 241.0 009.9 -000.1 100 100 4.0e-021
02440 239.0 010.1 0000.0 100 100 5.5e-021
02500 238.0 009.8 0000.1 100 100 5.2e-021
02560 240.0 010.3 -000.1 100 100 4.4e-021
02620 244.0 011.2 0000.2 100 100 4.9e-021
02680 247.0 011.6 0000.2 100 100 6.3e-021
02740 246.0 011.9 0000.3 100 100 4.5e-021
02800 249.0 010.8 0000.3 100 100 4.2e-021
02860 247.0 010.3 0000.3 100 100 3.7e-021
02920 244.0 010.9 0000.4 100 100 6.1e-021
02980 246.0 011.2 0000.0 100 100 2.4e-021
03040 246.0 011.0 0000.0 100 100 4.5e-021
03100 246.0 011.3 0000.2 100 100 6.5e-021
03160 242.0 012.1 0000.2 100 100 3.9e-021
03220 243.0 012.3 0000.4 100 100 3.9e-021
03280 242.0 012.6 0000.0 100 100 2.0e-021
03340 240.0 012.6 0000.0 100 100 2.7e-021
03400 241.0 012.8 0000.4 100 100 3.8e-021
03460 242.0 013.0 0000.3 100 100 1.7e-021
03520 244.0 012.0 0000.2 100 100 8.7e-021
03580 245.0 012.2 0000.2 100 100 8.8e-021
03640 242.0 012.2 0000.4 100 100 7.9e-021
03700 238.0 012.6 0000.1 100 100 9.5e-021
03760 241.0 011.9 0000.1 100 100 1.1e-020
03820 246.0 012.8 0000.2 100 100 9.2e-021
03880 250.0 013.2 -000.1 100 100 5.5e-021
03940 248.0 013.5 0000.1 100 100 6.8e-021
04000 249.0 013.6 -000.1 100 100 8.5e-021
04060 250.0 014.7 0001.0 100 100 1.1e-020
04120 249.0 015.8 -000.2 100 100 1.0e-020
04180 248.0 014.2 -000.1 100 100 1.2e-020
04240 248.0 014.4 -000.2 100 100 9.8e-021
04300 246.0 014.8 0002.6 100 100 9.0e-021
04360 ///// ///// -000.5 000 000 1.8e-021
04420 ///// ///// 0000.0 000 000 2.0e-021
04480 ///// ///// 0000.0 000 000 1.7e-021
04540 ///// ///// 0002.5 000 000 5.0e-021
04600 ///// ///// 0000.0 000 000 4.4e-021
04660 ///// ///// 0000.0 000 000 2.8e-021
04720 ///// ///// 0000.0 000 000 2.7e-021
04780 ///// ///// 0000.0 000 000 3.3e-021
04840 ///// ///// 0000.0 000 000 3.1e-021
04900 ///// ///// 0000.0 000 000 1.4e-021
04960 ///// ///// 0000.0 000 000 1.1e-021
05020 ///// ///// 0000.0 000 000 1.7e-021
05080 ///// ///// 0000.0 000 000 1.5e-021
05140 ///// ///// 0000.0 000 000 1.7e-022
05200 ///// ///// 0000.0 000 000 3.9e-021
05260 ///// ///// 0000.0 000 000 9.3e-022
05320 ///// ///// 0000.6 000 000 2.6e-021
05380 ///// ///// 0000.0 000 000 2.0e-021
05440 ///// ///// 0000.0 000 000 3.6e-021
05500 ///// ///// -001.1 000 000 3.3e-021
05560 ///// ///// 0000.3 000 000 1.7e-021
05620 ///// ///// 0000.0 000 000 3.1e-021
05680 ///// ///// 0000.0 000 000 4.6e-021
05740 ///// ///// -000.7 000 000 1.9e-021
05800 ///// ///// 0000.0 000 000 4.6e-021
05860 ///// ///// 0000.0 000 000 4.0e-021
05920 ///// ///// 0000.0 000 000 4.9e-022
05980 ///// ///// 0000.0 000 000 3.8e-021
NNNN
