WNDROBS 01.20
57793 0114.3600 027.7900 00130.0 LC 20130629014000
ROBS
00100 152.0 008.1 0001.6 100 100 2.0e-021
00160 150.0 008.3 0001.8 100 100 4.3e-021
00220 155.0 007.9 0002.1 100 100 1.7e-021
00280 089.0 002.6 0000.3 100 100 1.1e-020
00340 117.0 002.2 0000.2 100 100 1.2e-020
00400 128.0 001.9 0000.2 100 100 3.3e-021
00460 136.0 002.0 -000.0 100 100 2.8e-021
00520 135.0 001.8 0000.4 100 100 4.4e-021
00580 245.0 003.2 -000.1 100 100 4.2e-021
00640 244.0 004.8 0000.1 100 100 4.7e-021
00700 231.0 005.0 0000.0 100 100 1.8e-021
00760 235.0 005.7 0000.1 100 100 2.4e-021
00820 234.0 008.7 -000.2 100 100 3.7e-021
00880 230.0 009.7 0000.0 100 100 5.5e-021
00940 228.0 010.1 0000.1 100 100 5.0e-021
01000 230.0 010.0 0000.3 100 100 6.5e-021
01060 228.0 011.3 -000.0 100 100 1.6e-021
01120 225.0 011.6 0000.2 100 100 2.0e-021
01180 224.0 011.6 0000.1 100 100 3.8e-021
01240 228.0 012.5 0000.4 100 100 3.6e-021
01300 227.0 013.5 0000.2 100 100 4.5e-021
01360 230.0 013.9 0000.2 100 100 7.3e-021
01420 231.0 014.3 0000.2 100 100 8.6e-021
01480 234.0 015.1 0000.4 100 100 4.7e-021
01540 239.0 014.9 0000.4 100 100 3.5e-021
01600 240.0 014.5 0000.5 100 100 3.1e-021
01660 237.0 013.6 0000.2 100 100 3.3e-021
01720 237.0 015.6 0000.2 100 100 9.6e-021
01780 239.0 016.9 0000.4 100 100 6.8e-021
01840 239.0 018.6 0000.9 100 100 1.7e-021
01900 229.0 015.0 0000.7 100 100 1.9e-021
01960 235.0 016.7 0000.9 100 100 1.6e-021
02020 239.0 017.8 0000.0 100 100 2.7e-021
02080 250.0 016.3 0000.6 100 100 2.3e-021
02140 268.0 016.5 0000.3 100 100 2.4e-021
02200 263.0 014.3 0000.0 100 100 2.6e-021
02260 262.0 014.4 0000.0 100 100 2.0e-021
02320 262.0 014.7 0001.4 100 100 2.2e-021
02380 260.0 014.3 0000.0 100 100 1.3e-021
02440 271.0 014.4 0000.7 100 100 2.6e-021
02500 271.0 013.7 0000.7 100 100 2.0e-021
02560 272.0 012.3 0000.3 100 100 2.3e-021
02620 269.0 011.0 0000.3 100 100 2.2e-021
02680 287.0 003.6 -000.3 100 100 1.8e-021
02740 287.0 003.6 -000.1 100 100 1.9e-021
02800 258.0 011.4 0000.5 100 100 2.1e-021
02860 257.0 012.3 0000.0 100 100 1.7e-021
02920 263.0 011.6 0000.0 100 100 6.6e-022
02980 273.0 004.5 0000.0 100 100 1.5e-021
03040 320.0 007.7 -001.1 100 100 2.1e-021
03100 ///// ///// 0000.0 000 000 2.0e-021
03160 ///// ///// -000.2 000 000 1.4e-021
03220 ///// ///// -000.3 000 000 2.6e-021
03280 ///// ///// 0000.0 000 000 2.7e-021
03340 ///// ///// 0000.3 000 000 1.1e-021
03400 ///// ///// 0000.0 000 000 4.1e-021
03460 256.0 011.9 0000.4 100 100 5.7e-021
03520 257.0 012.5 0000.2 100 100 6.1e-021
03580 249.0 007.6 0000.2 100 100 5.8e-021
03640 254.0 009.2 0000.4 100 100 4.1e-021
03700 254.0 007.5 0000.5 100 100 7.9e-021
03760 249.0 009.2 0000.2 100 100 5.8e-021
03820 254.0 010.0 0000.0 100 100 8.4e-021
03880 255.0 009.1 -000.7 100 100 9.4e-021
03940 256.0 010.1 0000.0 100 100 2.3e-021
04000 ///// ///// 0000.0 000 000 3.3e-021
04060 ///// ///// 0000.0 000 000 1.7e-021
04120 ///// ///// -000.0 000 000 1.2e-021
04180 ///// ///// 0000.0 000 000 2.3e-021
04240 ///// ///// 0000.1 000 000 3.0e-021
04300 ///// ///// 0000.0 000 000 3.0e-021
04360 ///// ///// 0000.0 000 000 3.4e-021
04420 ///// ///// 0000.0 000 000 2.4e-021
04480 ///// ///// 0000.0 000 000 7.5e-022
04540 ///// ///// 0000.0 000 000 1.0e-021
04600 ///// ///// 0000.3 000 000 4.1e-021
04660 ///// ///// 0000.0 000 000 1.4e-021
04720 ///// ///// 0000.7 000 000 3.3e-021
04780 ///// ///// 0000.4 000 000 4.0e-021
04840 ///// ///// 0000.2 000 000 4.8e-021
04900 ///// ///// 0000.6 000 000 5.6e-021
04960 ///// ///// 0000.0 000 000 5.0e-021
05020 257.0 011.7 0000.2 100 100 6.2e-021
05080 233.0 006.7 0000.0 100 100 1.5e-021
05140 244.0 009.8 -000.3 100 100 5.5e-021
05200 247.0 009.4 0000.0 100 100 2.2e-021
05260 ///// ///// -000.2 000 000 5.9e-021
05320 251.0 010.2 0000.0 100 100 6.7e-021
05380 ///// ///// 0000.0 000 000 3.8e-021
05440 ///// ///// 0000.0 000 000 2.0e-021
05500 ///// ///// 0000.0 000 000 2.3e-021
05560 ///// ///// 0000.0 000 000 4.3e-021
05620 ///// ///// 0000.0 000 000 7.0e-021
05680 ///// ///// 0000.0 000 000 3.2e-021
05740 ///// ///// 0000.0 000 000 2.5e-021
05800 ///// ///// 0000.0 000 000 4.2e-021
05860 ///// ///// 0000.0 000 000 2.0e-021
05920 ///// ///// -000.1 000 000 2.5e-021
05980 ///// ///// 0000.0 000 000 2.9e-021
NNNN
