WNDROBS 01.20
57793 0114.3600 027.7900 00130.0 LC 20130628032000
ROBS
00100 357.0 004.5 0003.1 100 100 5.0e-019
00160 325.0 005.0 0003.4 100 100 3.3e-018
00220 359.0 004.9 0003.4 100 100 3.3e-018
00280 354.0 005.1 0003.7 100 100 2.6e-018
00340 348.0 005.0 0003.8 100 100 2.8e-018
00400 331.0 005.5 0003.9 100 100 2.7e-018
00460 326.0 005.3 0003.4 100 100 3.2e-018
00520 326.0 004.4 0003.4 100 100 3.4e-018
00580 304.0 002.2 0003.1 100 100 3.5e-018
00640 274.0 001.0 0003.0 100 100 4.4e-018
00700 258.0 002.6 0002.3 100 100 4.9e-018
00760 224.0 005.1 0002.0 100 100 4.9e-018
00820 208.0 003.7 0002.0 100 100 3.3e-018
00880 211.0 008.8 0002.0 100 100 2.9e-018
00940 212.0 007.8 0002.1 100 100 2.1e-018
01000 227.0 007.0 0002.2 100 100 2.1e-018
01060 225.0 009.1 0002.6 100 100 9.3e-019
01120 236.0 009.9 0002.6 100 100 6.4e-019
01180 233.0 008.0 0002.6 100 100 2.7e-019
01240 252.0 013.6 0002.6 100 100 2.6e-019
01300 238.0 011.7 0002.4 100 100 2.7e-019
01360 240.0 016.1 0002.3 100 100 4.7e-019
01420 243.0 016.0 0002.4 100 100 4.8e-019
01480 243.0 015.8 0002.6 100 100 4.9e-019
01540 246.0 014.9 0003.0 100 100 5.9e-019
01600 246.0 014.9 0003.2 100 100 5.0e-019
01660 239.0 015.6 0003.0 100 100 4.5e-019
01720 236.0 016.5 0003.0 100 100 4.3e-019
01780 238.0 016.7 0003.2 100 100 4.2e-019
01840 233.0 018.4 0003.3 100 100 3.9e-019
01900 238.0 017.9 0003.1 100 100 8.1e-019
01960 229.0 009.9 0002.8 100 100 4.3e-019
02020 232.0 009.7 0002.7 100 100 1.2e-019
02080 197.0 005.4 0002.5 100 100 1.2e-019
02140 283.0 005.0 0002.4 100 100 3.0e-019
02200 283.0 001.6 0002.4 100 100 6.8e-019
02260 286.0 004.8 0002.4 100 100 2.6e-019
02320 297.0 008.8 0002.3 100 100 5.6e-019
02380 269.0 008.8 0002.2 100 100 5.0e-019
02440 265.0 008.4 0002.0 100 100 4.4e-019
02500 267.0 005.3 0001.8 100 100 2.1e-019
02560 177.0 004.9 0001.7 100 100 1.4e-019
02620 174.0 007.1 0001.7 100 100 3.2e-019
02680 169.0 007.1 0001.7 100 100 3.1e-019
02740 035.0 003.6 0001.7 100 100 1.5e-019
02800 346.0 006.9 0001.5 100 100 2.2e-019
02860 167.0 006.3 0001.3 100 100 1.9e-019
02920 168.0 005.5 0001.2 100 100 1.7e-019
02980 246.0 002.8 0001.3 100 100 1.0e-019
03040 260.0 005.3 0001.3 100 100 1.2e-019
03100 262.0 005.1 0001.4 100 100 1.2e-019
03160 225.0 007.3 0001.5 100 100 1.8e-019
03220 217.0 006.0 0001.6 100 100 1.7e-019
03280 230.0 007.2 0001.6 100 100 2.2e-019
03340 234.0 007.1 0001.6 100 100 2.1e-019
03400 234.0 007.1 0001.6 100 100 2.0e-019
03460 240.0 007.5 0001.5 100 100 1.8e-019
03520 242.0 008.0 0001.5 100 100 1.7e-019
03580 239.0 009.6 0001.5 100 100 1.8e-019
03640 284.0 010.0 0001.5 100 100 1.6e-019
03700 ///// ///// 0001.6 000 000 1.6e-019
03760 291.0 010.5 0001.4 100 100 1.4e-019
03820 185.0 004.3 0001.2 100 100 1.3e-019
03880 158.0 003.7 0001.0 100 100 9.6e-020
03940 147.0 002.7 0000.8 100 100 8.5e-020
04000 060.0 005.0 0000.7 100 100 7.8e-020
04060 ///// ///// 0000.8 000 000 6.5e-020
04120 ///// ///// 0000.5 000 000 5.1e-020
04180 ///// ///// 0000.6 000 000 4.8e-020
04240 ///// ///// 0000.1 000 000 3.9e-020
04300 ///// ///// -000.2 000 000 4.7e-020
04360 ///// ///// -000.0 000 000 5.4e-020
04420 ///// ///// 0000.2 000 000 4.5e-020
04480 ///// ///// -000.2 000 000 3.4e-020
04540 ///// ///// 0000.1 000 000 3.1e-020
04600 110.0 006.6 0000.2 100 100 2.8e-020
04660 100.0 009.8 0000.3 100 100 3.3e-020
04720 082.0 010.9 0000.5 100 100 3.7e-020
04780 073.0 010.8 0000.5 100 100 7.7e-021
04840 076.0 011.2 -001.3 100 100 5.6e-021
04900 083.0 008.0 0000.6 100 100 6.5e-021
04960 065.0 007.3 0000.9 100 100 4.1e-021
05020 101.0 007.0 0000.0 100 100 5.2e-021
05080 150.0 010.4 0000.0 100 100 2.7e-021
05140 170.0 011.8 0000.0 100 100 5.2e-021
05200 177.0 010.0 0000.0 100 100 5.3e-021
05260 146.0 011.0 0000.0 100 100 3.6e-021
05320 186.0 008.1 0000.0 100 100 3.5e-021
05380 159.0 019.2 0000.0 100 100 9.7e-022
05440 161.0 015.4 -000.1 100 100 4.1e-021
05500 197.0 016.7 0000.0 100 100 5.2e-021
05560 211.0 017.0 0000.0 100 100 4.3e-021
05620 228.0 020.1 0000.9 100 100 4.6e-021
05680 252.0 016.0 0000.1 100 100 5.4e-021
05740 238.0 015.8 0000.0 100 100 1.9e-021
05800 225.0 019.7 0000.0 100 100 2.1e-021
05860 221.0 017.1 0000.0 100 100 5.6e-021
05920 212.0 020.0 -000.4 100 100 4.3e-021
05980 ///// ///// 0000.7 000 000 7.0e-021
NNNN
