WNDROBS 01.20
57793 0114.3600 027.7900 00130.0 LC 20130629082500
ROBS
00100 088.0 004.6 0001.6 100 100 1.8e-021
00160 088.0 005.2 -000.0 100 100 4.0e-021
00220 120.0 004.7 -000.3 100 100 3.2e-021
00280 078.0 004.0 -000.0 100 100 1.1e-020
00340 081.0 005.5 -000.1 100 100 9.8e-021
00400 089.0 005.6 -000.1 100 100 4.8e-021
00460 094.0 006.3 -000.3 100 100 5.4e-021
00520 099.0 006.1 -000.2 100 100 1.4e-020
00580 112.0 005.9 -000.2 100 100 2.4e-020
00640 125.0 005.2 -000.1 100 100 1.4e-020
00700 139.0 005.3 -000.1 100 100 8.3e-021
00760 151.0 005.8 -000.3 100 100 4.1e-020
00820 156.0 006.8 -000.2 100 100 5.6e-020
00880 174.0 006.2 -000.3 100 100 6.7e-020
00940 177.0 005.7 -000.3 100 100 1.1e-019
01000 184.0 005.2 -000.4 100 100 3.9e-020
01060 181.0 005.1 -000.3 100 100 1.3e-020
01120 181.0 004.2 -000.2 100 100 6.4e-021
01180 181.0 003.8 -000.2 100 100 5.0e-021
01240 193.0 003.6 -000.1 100 100 2.5e-021
01300 215.0 003.8 -000.2 100 100 6.7e-021
01360 213.0 005.4 -000.2 100 100 3.1e-020
01420 214.0 006.0 -000.2 100 100 1.3e-020
01480 214.0 006.4 -000.2 100 100 4.0e-021
01540 219.0 006.8 -000.2 100 100 4.4e-021
01600 221.0 007.9 -000.2 100 100 7.0e-021
01660 223.0 008.4 -000.3 100 100 7.2e-021
01720 227.0 008.4 -000.2 100 100 6.1e-021
01780 226.0 009.2 -000.3 100 100 3.9e-021
01840 234.0 010.0 -000.2 100 100 3.3e-021
01900 239.0 011.0 -000.2 100 100 3.5e-021
01960 235.0 010.6 0000.0 100 100 9.0e-021
02020 240.0 010.9 -000.3 100 100 1.0e-020
02080 243.0 011.3 0000.1 100 100 1.4e-020
02140 241.0 011.3 0000.0 100 100 1.1e-020
02200 240.0 011.2 0000.2 100 100 8.2e-021
02260 241.0 011.8 -000.1 100 100 5.0e-021
02320 242.0 011.8 0000.1 100 100 5.2e-021
02380 243.0 011.3 -000.0 100 100 7.2e-021
02440 245.0 012.1 -000.1 100 100 8.0e-021
02500 242.0 011.8 -000.2 100 100 1.2e-020
02560 243.0 011.5 -000.1 100 100 1.4e-020
02620 242.0 011.8 -000.1 100 100 2.2e-020
02680 243.0 012.1 -000.1 100 100 3.5e-020
02740 245.0 012.4 -000.2 100 100 3.8e-020
02800 250.0 013.5 -000.2 100 100 5.2e-020
02860 248.0 012.6 -000.4 100 100 3.8e-020
02920 248.0 012.5 0000.0 100 100 1.5e-020
02980 250.0 012.0 0000.0 100 100 1.2e-020
03040 245.0 012.2 -000.8 100 100 8.8e-021
03100 238.0 012.2 -000.4 100 100 7.1e-021
03160 239.0 012.7 -000.3 100 100 6.3e-021
03220 242.0 012.6 -000.6 100 100 6.2e-021
03280 239.0 012.2 -000.3 100 100 7.6e-021
03340 237.0 012.2 -000.4 100 100 7.4e-021
03400 237.0 012.2 -000.5 100 100 8.3e-021
03460 242.0 012.1 -000.3 100 100 6.5e-021
03520 240.0 011.2 -000.4 100 100 9.2e-021
03580 238.0 012.1 0000.0 100 100 3.1e-021
03640 239.0 011.6 -001.2 100 100 1.0e-020
03700 237.0 011.9 -000.6 100 100 8.6e-021
03760 237.0 012.0 -000.2 100 100 6.6e-021
03820 236.0 012.2 -000.6 100 100 6.9e-021
03880 236.0 012.5 -000.3 100 100 1.2e-020
03940 235.0 012.0 -000.4 100 100 1.2e-020
04000 238.0 012.2 -000.2 100 100 1.1e-020
04060 241.0 012.1 -000.0 100 100 1.8e-020
04120 242.0 011.4 -000.2 100 100 1.9e-020
04180 244.0 011.3 0000.0 100 100 1.2e-020
04240 246.0 011.8 0000.1 100 100 2.2e-020
04300 243.0 012.2 0000.3 100 100 1.3e-020
04360 248.0 012.6 -000.0 100 100 1.2e-020
04420 247.0 013.5 0000.2 100 100 1.3e-020
04480 252.0 011.7 -000.0 100 100 9.0e-021
04540 251.0 011.4 -000.1 100 100 1.1e-020
04600 249.0 011.4 0000.0 100 100 1.1e-020
04660 ///// ///// -000.2 000 000 1.0e-020
04720 250.0 012.1 -000.0 100 100 1.7e-020
04780 ///// ///// 0000.0 000 000 1.4e-021
04840 ///// ///// -000.1 000 000 4.9e-021
04900 ///// ///// 0000.2 000 000 4.2e-021
04960 ///// ///// 0000.2 000 000 3.9e-021
05020 ///// ///// 0000.0 000 000 3.6e-021
05080 ///// ///// 0000.0 000 000 3.3e-021
05140 ///// ///// 0001.3 000 000 3.6e-021
05200 ///// ///// 0000.3 000 000 4.9e-021
05260 ///// ///// 0000.0 000 000 2.2e-021
05320 ///// ///// 0000.0 000 000 3.7e-021
05380 ///// ///// 0000.0 000 000 4.0e-021
05440 ///// ///// 0001.1 000 000 1.7e-021
05500 ///// ///// 0001.1 000 000 4.0e-021
05560 ///// ///// 0000.0 000 000 5.7e-022
05620 ///// ///// 0000.0 000 000 1.4e-021
05680 ///// ///// 0000.0 000 000 2.8e-021
05740 ///// ///// 0000.0 000 000 3.0e-021
05800 ///// ///// 0000.0 000 000 3.0e-021
05860 ///// ///// 0000.0 000 000 2.2e-021
05920 ///// ///// -000.0 000 000 5.8e-021
05980 ///// ///// 0000.0 000 000 1.5e-021
NNNN
