WNDROBS 01.20
57793 0114.3600 027.7900 00130.0 LC 20130629131500
ROBS
00100 110.0 005.4 0001.5 100 100 8.4e-021
00160 110.0 005.9 -000.3 100 100 2.7e-020
00220 113.0 006.0 -000.1 100 100 2.0e-020
00280 116.0 005.9 0000.0 100 100 1.5e-020
00340 120.0 006.0 0000.1 100 100 2.5e-020
00400 123.0 006.1 0000.2 100 100 3.2e-020
00460 140.0 006.6 0000.0 100 100 5.1e-020
00520 147.0 007.5 0000.2 100 100 5.2e-020
00580 158.0 007.9 0000.4 100 100 7.1e-021
00640 157.0 006.5 0001.0 100 100 2.4e-021
00700 161.0 006.3 -000.1 100 100 2.2e-021
00760 182.0 010.6 0000.2 100 100 3.8e-021
00820 173.0 011.4 0000.1 100 100 6.6e-021
00880 179.0 013.9 -000.0 100 100 2.1e-020
00940 182.0 012.4 -000.0 100 100 3.9e-020
01000 185.0 011.6 -000.2 100 100 3.3e-020
01060 184.0 011.5 -000.1 100 100 1.1e-020
01120 186.0 009.7 -000.1 100 100 2.0e-020
01180 188.0 008.6 0000.1 100 100 2.9e-020
01240 191.0 008.3 -000.1 100 100 4.5e-020
01300 193.0 008.1 -000.1 100 100 4.7e-020
01360 196.0 008.2 0000.0 100 100 3.4e-020
01420 205.0 007.4 -000.2 100 100 2.4e-020
01480 206.0 006.8 -000.4 100 100 3.0e-020
01540 206.0 006.2 -000.3 100 100 3.6e-020
01600 210.0 006.0 -000.0 100 100 6.0e-020
01660 216.0 005.4 0000.1 100 100 2.1e-020
01720 223.0 005.7 -000.0 100 100 1.1e-020
01780 229.0 006.5 -000.0 100 100 1.1e-020
01840 229.0 007.3 0000.1 100 100 1.0e-020
01900 232.0 008.0 0000.1 100 100 1.2e-020
01960 229.0 009.2 0000.2 100 100 1.1e-020
02020 233.0 010.1 0000.2 100 100 8.5e-021
02080 232.0 010.6 -000.2 100 100 6.9e-021
02140 235.0 010.5 0000.4 100 100 7.7e-021
02200 232.0 011.0 0000.4 100 100 5.9e-021
02260 221.0 008.1 -000.1 100 100 5.4e-021
02320 231.0 010.8 -000.1 100 100 4.5e-021
02380 226.0 010.4 -000.3 100 100 2.6e-021
02440 234.0 010.1 0000.2 100 100 4.1e-021
02500 231.0 011.7 0000.4 100 100 3.2e-021
02560 232.0 012.1 0000.1 100 100 2.7e-021
02620 230.0 011.2 0000.1 100 100 4.0e-021
02680 232.0 011.9 0000.0 100 100 2.8e-021
02740 238.0 011.3 -000.1 100 100 2.6e-021
02800 234.0 011.9 0000.3 100 100 3.4e-021
02860 238.0 011.5 0000.0 100 100 1.2e-021
02920 238.0 011.6 -000.1 100 100 3.5e-021
02980 236.0 010.9 0000.0 100 100 4.1e-021
03040 247.0 009.7 0001.3 100 100 1.0e-021
03100 239.0 010.3 0000.0 100 100 2.0e-021
03160 236.0 009.5 0000.0 100 100 2.1e-021
03220 236.0 009.4 0000.0 100 100 2.5e-021
03280 237.0 010.0 0000.0 100 100 2.4e-021
03340 240.0 010.2 0000.0 100 100 3.3e-021
03400 237.0 009.2 0000.0 100 100 9.4e-022
03460 245.0 007.2 0000.0 100 100 1.1e-021
03520 246.0 006.2 0000.0 100 100 3.0e-021
03580 245.0 008.7 0000.0 100 100 2.4e-021
03640 260.0 008.3 0000.0 100 100 9.9e-022
03700 ///// ///// 0000.0 000 000 1.8e-021
03760 ///// ///// 0000.0 000 000 5.3e-022
03820 ///// ///// 0000.0 000 000 7.4e-022
03880 ///// ///// 0001.1 000 000 2.1e-021
03940 ///// ///// 0000.0 000 000 2.4e-021
04000 ///// ///// 0000.0 000 000 9.4e-022
04060 ///// ///// -000.1 000 000 2.0e-021
04120 ///// ///// 0000.0 000 000 1.2e-021
04180 ///// ///// 0000.0 000 000 1.9e-021
04240 ///// ///// 0000.0 000 000 1.1e-021
04300 ///// ///// 0000.0 000 000 2.0e-021
04360 ///// ///// 0000.8 000 000 2.8e-021
04420 ///// ///// -000.3 000 000 5.2e-021
04480 ///// ///// 0000.0 000 000 1.1e-021
04540 ///// ///// 0000.0 000 000 1.1e-021
04600 ///// ///// 0000.0 000 000 3.4e-021
04660 ///// ///// 0000.0 000 000 4.2e-021
04720 ///// ///// 0000.0 000 000 1.4e-021
04780 ///// ///// 0000.0 000 000 4.3e-021
04840 ///// ///// 0000.0 000 000 9.6e-022
04900 ///// ///// 0000.0 000 000 3.5e-021
04960 ///// ///// 0000.0 000 000 1.3e-021
05020 ///// ///// 0000.0 000 000 2.9e-021
05080 ///// ///// 0000.0 000 000 1.8e-021
05140 ///// ///// 0000.0 000 000 1.7e-021
05200 ///// ///// -001.3 000 000 1.5e-021
05260 ///// ///// 0000.0 000 000 4.3e-021
05320 ///// ///// -000.2 000 000 4.6e-021
05380 ///// ///// 0000.0 000 000 2.5e-021
05440 ///// ///// 0000.0 000 000 4.3e-021
05500 ///// ///// 0000.0 000 000 1.4e-021
05560 ///// ///// 0000.0 000 000 2.4e-021
05620 ///// ///// 0000.0 000 000 1.5e-021
05680 ///// ///// 0000.0 000 000 4.0e-021
05740 ///// ///// 0000.0 000 000 2.8e-021
05800 ///// ///// 0000.0 000 000 1.6e-021
05860 ///// ///// 0000.0 000 000 5.1e-021
05920 ///// ///// -000.1 000 000 3.7e-021
05980 ///// ///// 0000.0 000 000 2.2e-021
NNNN
