WNDROBS 01.20
57793 0114.3600 027.7900 00130.0 LC 20130629110000
ROBS
00100 117.0 006.2 0001.6 100 100 2.3e-021
00160 119.0 006.6 0000.8 100 100 6.8e-021
00220 116.0 007.1 0000.1 100 100 5.5e-021
00280 116.0 007.7 -000.1 100 100 6.1e-021
00340 152.0 004.7 -000.4 100 100 7.4e-021
00400 146.0 005.5 -000.2 100 100 1.7e-020
00460 144.0 006.2 -000.2 100 100 4.3e-020
00520 156.0 008.0 -000.3 100 100 1.8e-019
00580 157.0 008.8 -000.3 100 100 2.9e-020
00640 160.0 009.1 -000.1 100 100 2.3e-020
00700 165.0 008.2 -000.1 100 100 3.8e-020
00760 174.0 008.0 -000.2 100 100 9.7e-020
00820 188.0 008.0 -000.4 100 100 7.0e-020
00880 180.0 007.1 -000.6 100 100 5.0e-020
00940 183.0 006.0 -000.7 100 100 3.3e-020
01000 185.0 005.2 -000.2 100 100 2.0e-020
01060 174.0 005.0 -000.2 100 100 7.7e-021
01120 179.0 003.9 -000.2 100 100 5.6e-021
01180 184.0 003.4 -000.2 100 100 7.3e-021
01240 203.0 004.2 -000.2 100 100 1.2e-020
01300 207.0 004.7 -000.1 100 100 3.1e-021
01360 204.0 005.7 -000.1 100 100 2.3e-021
01420 214.0 006.0 -000.1 100 100 4.9e-021
01480 216.0 007.1 -000.1 100 100 1.2e-020
01540 215.0 007.8 -000.0 100 100 9.3e-021
01600 217.0 008.5 -000.0 100 100 6.9e-021
01660 220.0 009.3 -000.2 100 100 7.0e-021
01720 225.0 011.0 -000.2 100 100 6.0e-021
01780 228.0 010.7 -000.2 100 100 5.0e-021
01840 229.0 011.0 -000.2 100 100 6.3e-021
01900 232.0 011.8 -000.1 100 100 5.7e-021
01960 233.0 011.9 -000.2 100 100 7.6e-021
02020 230.0 010.6 -000.2 100 100 5.8e-021
02080 227.0 010.4 0000.0 100 100 3.6e-021
02140 231.0 009.7 -000.4 100 100 5.3e-021
02200 230.0 009.9 0000.0 100 100 3.3e-021
02260 230.0 009.1 -000.2 100 100 3.0e-021
02320 228.0 008.9 0000.0 100 100 2.4e-021
02380 225.0 008.8 0000.0 100 100 3.2e-021
02440 227.0 008.6 -000.2 100 100 5.7e-021
02500 226.0 008.9 -000.3 100 100 8.4e-021
02560 224.0 009.1 -000.3 100 100 6.8e-021
02620 228.0 010.2 -000.1 100 100 5.7e-021
02680 224.0 010.7 -000.3 100 100 5.3e-021
02740 225.0 011.2 -000.2 100 100 6.3e-021
02800 224.0 011.8 -000.1 100 100 9.2e-021
02860 227.0 012.3 -000.1 100 100 1.0e-020
02920 228.0 012.5 -000.1 100 100 7.5e-021
02980 227.0 012.7 0000.0 100 100 7.6e-021
03040 225.0 012.1 0002.5 100 100 6.4e-021
03100 226.0 011.1 -000.1 100 100 8.6e-021
03160 229.0 011.1 -000.1 100 100 8.4e-021
03220 236.0 011.5 -000.5 100 100 1.0e-020
03280 233.0 011.5 0000.2 100 100 1.1e-020
03340 232.0 010.9 -000.0 100 100 9.4e-021
03400 232.0 011.0 0001.0 100 100 9.5e-021
03460 230.0 011.4 0000.0 100 100 7.4e-021
03520 230.0 011.5 0000.2 100 100 8.0e-021
03580 224.0 009.7 0000.0 100 100 4.5e-021
03640 235.0 010.4 0000.0 100 100 2.8e-021
03700 232.0 010.9 0000.0 100 100 3.5e-021
03760 233.0 011.0 0000.0 100 100 3.4e-021
03820 208.0 009.3 0000.0 100 100 1.7e-021
03880 253.0 005.1 0000.0 100 100 3.1e-021
03940 245.0 003.3 0000.0 100 100 1.5e-021
04000 210.0 007.0 0000.0 100 100 9.1e-022
04060 ///// ///// 0000.0 000 000 2.3e-021
04120 221.0 005.3 -000.0 100 100 2.8e-021
04180 235.0 004.8 0000.2 100 100 3.7e-021
04240 237.0 009.7 0000.1 100 100 5.7e-021
04300 233.0 012.0 0000.1 100 100 2.3e-021
04360 234.0 012.9 0000.1 100 100 8.6e-021
04420 236.0 013.1 0000.0 100 100 2.8e-021
04480 235.0 012.2 0000.0 100 100 3.5e-021
04540 237.0 012.9 0000.0 100 100 7.6e-021
04600 237.0 012.3 0000.0 100 100 2.5e-021
04660 242.0 013.4 0000.0 100 100 1.4e-021
04720 237.0 012.8 0000.0 100 100 1.3e-021
04780 ///// ///// 0000.0 000 000 6.8e-022
04840 ///// ///// 0000.0 000 000 3.4e-021
04900 ///// ///// 0000.0 000 000 1.1e-021
04960 ///// ///// 0000.0 000 000 2.8e-021
05020 ///// ///// 0000.0 000 000 1.4e-021
05080 ///// ///// 0000.0 000 000 3.2e-021
05140 ///// ///// -000.3 000 000 4.1e-021
05200 ///// ///// 0000.0 000 000 3.5e-021
05260 ///// ///// 0000.0 000 000 1.3e-021
05320 ///// ///// 0000.0 000 000 3.8e-021
05380 ///// ///// 0000.0 000 000 4.2e-021
05440 ///// ///// 0000.0 000 000 4.7e-021
05500 ///// ///// 0001.4 000 000 3.3e-021
05560 ///// ///// 0000.0 000 000 1.8e-021
05620 ///// ///// -000.5 000 000 5.8e-021
05680 ///// ///// 0000.0 000 000 1.5e-021
05740 ///// ///// 0000.0 000 000 4.1e-021
05800 ///// ///// 0000.0 000 000 1.8e-021
05860 ///// ///// 0000.0 000 000 1.5e-021
05920 ///// ///// 0000.0 000 000 3.9e-021
05980 ///// ///// -000.2 000 000 5.9e-021
NNNN
