WNDROBS 01.20
57793 0114.3600 027.7900 00130.0 LC 20130629165500
ROBS
00100 107.0 004.5 0001.7 100 100 4.8e-021
00160 088.0 004.6 0001.6 100 100 8.4e-021
00220 116.0 006.2 0001.8 100 100 6.1e-021
00280 099.0 005.5 -000.0 100 100 1.1e-020
00340 129.0 004.7 -000.1 100 100 1.1e-020
00400 119.0 005.1 -000.1 100 100 2.2e-020
00460 132.0 005.7 0000.1 100 100 1.9e-020
00520 153.0 007.5 0000.1 100 100 3.3e-020
00580 160.0 008.2 0000.2 100 100 8.5e-020
00640 167.0 008.9 0000.2 100 100 9.4e-020
00700 169.0 009.7 -000.0 100 100 8.6e-020
00760 176.0 010.0 0000.3 100 100 6.0e-020
00820 181.0 009.4 0000.4 100 100 1.0e-019
00880 181.0 010.0 0000.4 100 100 1.9e-019
00940 186.0 007.9 0000.4 100 100 1.2e-019
01000 192.0 006.9 0000.7 100 100 1.2e-019
01060 181.0 007.1 0000.6 100 100 4.4e-020
01120 205.0 005.9 0000.8 100 100 3.2e-020
01180 193.0 003.8 0001.0 100 100 3.2e-020
01240 208.0 003.5 0000.7 100 100 1.7e-020
01300 223.0 003.7 0000.6 100 100 1.1e-020
01360 208.0 004.4 0000.5 100 100 1.5e-020
01420 205.0 005.8 0000.4 100 100 1.6e-020
01480 207.0 006.3 0000.4 100 100 1.7e-020
01540 205.0 007.7 0000.3 100 100 1.8e-020
01600 209.0 008.3 0000.3 100 100 2.1e-020
01660 213.0 009.2 0000.1 100 100 1.7e-020
01720 221.0 010.2 0000.0 100 100 1.0e-020
01780 224.0 010.7 -000.1 100 100 6.0e-021
01840 225.0 010.7 0000.0 100 100 5.1e-021
01900 227.0 011.1 0000.1 100 100 3.7e-021
01960 228.0 010.6 -000.2 100 100 2.8e-021
02020 227.0 011.0 -000.1 100 100 4.1e-021
02080 228.0 010.8 -000.2 100 100 5.1e-021
02140 229.0 009.9 -000.2 100 100 5.0e-021
02200 228.0 010.1 -000.2 100 100 4.2e-021
02260 231.0 010.3 0001.0 100 100 3.7e-021
02320 234.0 010.0 0000.0 100 100 2.6e-021
02380 221.0 007.6 0000.1 100 100 1.9e-021
02440 224.0 009.4 0000.1 100 100 2.3e-021
02500 226.0 009.3 0000.6 100 100 2.8e-021
02560 230.0 008.8 0000.0 100 100 2.2e-021
02620 226.0 008.7 0000.0 100 100 1.7e-021
02680 257.0 007.2 -000.7 100 100 2.2e-021
02740 253.0 006.0 0000.0 100 100 1.5e-021
02800 229.0 007.4 0000.0 100 100 7.2e-022
02860 229.0 007.4 0000.0 100 100 1.8e-021
02920 220.0 006.3 0000.0 100 100 1.6e-021
02980 224.0 006.8 0000.0 100 100 1.5e-021
03040 244.0 006.8 -000.1 100 100 3.3e-021
03100 233.0 008.0 0000.0 100 100 5.5e-021
03160 232.0 008.2 0000.0 100 100 7.1e-021
03220 234.0 009.6 0000.0 100 100 2.2e-021
03280 229.0 007.6 0000.0 100 100 2.0e-021
03340 229.0 007.3 0000.3 100 100 2.5e-021
03400 236.0 008.8 0000.0 100 100 2.2e-021
03460 244.0 009.4 -000.4 100 100 5.8e-021
03520 233.0 006.7 -000.1 100 100 5.5e-021
03580 231.0 006.9 0000.0 100 100 4.2e-021
03640 229.0 006.2 0000.0 100 100 2.7e-021
03700 237.0 007.6 0000.6 100 100 6.5e-021
03760 235.0 007.3 -000.1 100 100 6.8e-021
03820 235.0 007.3 -000.1 100 100 7.4e-021
03880 233.0 007.1 0000.0 100 100 7.5e-021
03940 235.0 007.6 0000.5 100 100 7.3e-021
04000 218.0 009.2 0000.0 100 100 5.4e-021
04060 210.0 009.0 0000.1 100 100 3.7e-021
04120 203.0 008.2 0000.0 100 100 5.5e-021
04180 200.0 008.4 0000.0 100 100 4.5e-021
04240 198.0 009.4 0000.0 100 100 7.7e-021
04300 224.0 004.4 0000.0 100 100 3.8e-021
04360 ///// ///// 0000.0 000 000 2.8e-021
04420 ///// ///// 0000.0 000 000 3.1e-021
04480 ///// ///// -000.1 000 000 2.6e-021
04540 ///// ///// 0000.0 000 000 1.0e-021
04600 ///// ///// 0000.0 000 000 2.3e-021
04660 ///// ///// 0000.1 000 000 1.8e-021
04720 ///// ///// 0000.2 000 000 8.7e-021
04780 218.0 005.8 0000.2 100 100 6.3e-021
04840 219.0 007.0 0000.4 100 100 2.0e-021
04900 213.0 007.2 0000.1 100 100 5.1e-021
04960 209.0 006.4 0000.0 100 100 5.8e-021
05020 220.0 007.3 0000.8 100 100 6.4e-021
05080 214.0 006.8 0000.0 100 100 3.3e-021
05140 216.0 006.9 0000.0 100 100 4.8e-021
05200 ///// ///// 0000.0 000 000 1.4e-021
05260 ///// ///// 0000.0 000 000 3.8e-021
05320 ///// ///// 0000.0 000 000 2.0e-021
05380 ///// ///// 0000.0 000 000 1.7e-021
05440 ///// ///// 0000.0 000 000 3.8e-021
05500 ///// ///// 0000.0 000 000 4.0e-021
05560 ///// ///// 0000.0 000 000 3.8e-021
05620 ///// ///// 0000.3 000 000 4.6e-021
05680 ///// ///// 0000.0 000 000 3.6e-021
05740 ///// ///// 0000.1 000 000 5.3e-021
05800 ///// ///// 0000.0 000 000 4.2e-021
05860 ///// ///// 0000.0 000 000 4.3e-021
05920 ///// ///// 0000.0 000 000 4.3e-021
05980 ///// ///// 0000.0 000 000 5.2e-021
NNNN
