WNDROBS 01.20
57793 0114.3600 027.7900 00130.0 LC 20130629141000
ROBS
00100 116.0 003.9 0001.6 100 100 1.2e-020
00160 116.0 004.3 0000.6 100 100 3.5e-020
00220 108.0 005.1 -000.0 100 100 4.2e-020
00280 112.0 005.5 0000.1 100 100 3.3e-020
00340 125.0 004.2 0000.1 100 100 2.0e-020
00400 127.0 005.3 -000.0 100 100 1.8e-020
00460 140.0 005.8 -000.1 100 100 4.7e-020
00520 153.0 007.8 0000.0 100 100 1.1e-019
00580 161.0 009.3 -000.1 100 100 2.3e-020
00640 170.0 011.2 -000.1 100 100 6.5e-021
00700 166.0 012.0 -000.1 100 100 6.8e-021
00760 191.0 013.3 0000.1 100 100 5.4e-021
00820 178.0 012.9 -000.1 100 100 1.0e-020
00880 178.0 013.5 -000.1 100 100 3.9e-020
00940 178.0 014.0 -000.0 100 100 8.3e-020
01000 177.0 012.8 -000.1 100 100 6.7e-020
01060 180.0 011.6 -000.2 100 100 3.9e-020
01120 182.0 010.6 -000.3 100 100 2.3e-020
01180 186.0 009.2 -000.2 100 100 4.3e-020
01240 189.0 008.7 -000.4 100 100 6.4e-020
01300 194.0 008.3 -000.4 100 100 5.7e-020
01360 195.0 008.1 -000.5 100 100 3.2e-020
01420 200.0 007.2 -000.5 100 100 1.9e-020
01480 195.0 007.2 -000.1 100 100 2.6e-020
01540 193.0 007.0 -000.1 100 100 3.5e-020
01600 199.0 006.9 -000.0 100 100 2.1e-020
01660 208.0 006.7 0000.1 100 100 8.9e-021
01720 208.0 007.4 -000.1 100 100 1.1e-020
01780 210.0 008.3 0000.1 100 100 1.3e-020
01840 215.0 008.6 -000.1 100 100 1.9e-020
01900 219.0 008.9 0000.0 100 100 1.4e-020
01960 221.0 009.2 -000.0 100 100 1.0e-020
02020 222.0 009.7 -000.2 100 100 1.1e-020
02080 217.0 009.4 0002.7 100 100 7.2e-021
02140 222.0 010.6 -000.1 100 100 9.1e-021
02200 226.0 010.4 -000.1 100 100 8.0e-021
02260 228.0 010.5 -000.3 100 100 7.0e-021
02320 224.0 011.3 -000.3 100 100 7.2e-021
02380 223.0 010.8 -000.4 100 100 7.0e-021
02440 223.0 010.5 -000.2 100 100 8.4e-021
02500 224.0 010.6 -000.0 100 100 2.0e-020
02560 223.0 010.9 -000.2 100 100 2.9e-020
02620 222.0 010.8 -000.2 100 100 1.8e-020
02680 222.0 011.2 -000.1 100 100 4.9e-021
02740 222.0 010.4 -000.5 100 100 4.7e-021
02800 232.0 010.5 0000.0 100 100 3.9e-021
02860 229.0 010.5 0000.0 100 100 3.9e-021
02920 233.0 009.9 -000.0 100 100 4.0e-021
02980 241.0 008.3 0000.2 100 100 3.8e-021
03040 247.0 008.7 0000.0 100 100 6.8e-021
03100 247.0 009.1 -000.3 100 100 8.4e-021
03160 244.0 009.4 0000.0 100 100 3.2e-021
03220 242.0 007.5 0000.1 100 100 2.9e-021
03280 239.0 007.1 -000.0 100 100 3.8e-021
03340 239.0 007.5 -000.3 100 100 5.1e-021
03400 247.0 007.5 0000.0 100 100 3.6e-021
03460 242.0 008.4 0000.0 100 100 8.0e-021
03520 244.0 009.8 0000.1 100 100 1.6e-020
03580 238.0 011.1 -000.7 100 100 6.2e-021
03640 232.0 010.9 0000.0 100 100 1.5e-021
03700 236.0 010.2 -000.8 100 100 7.5e-021
03760 235.0 010.3 0000.0 100 100 3.7e-021
03820 237.0 010.8 0001.0 100 100 4.7e-021
03880 236.0 010.9 0001.2 100 100 5.3e-021
03940 227.0 008.7 -000.0 100 100 5.0e-021
04000 214.0 006.4 -000.0 100 100 4.4e-021
04060 226.0 009.0 0000.0 100 100 2.3e-021
04120 228.0 009.0 0000.0 100 100 1.5e-021
04180 231.0 008.8 -000.0 100 100 2.5e-021
04240 ///// ///// 0000.0 000 000 1.3e-021
04300 ///// ///// 0000.0 000 000 2.1e-021
04360 ///// ///// 0000.0 000 000 3.5e-022
04420 ///// ///// 0000.0 000 000 3.0e-021
04480 ///// ///// 0000.0 000 000 6.7e-022
04540 ///// ///// 0000.0 000 000 3.1e-021
04600 ///// ///// 0000.0 000 000 2.2e-021
04660 ///// ///// 0000.0 000 000 2.8e-021
04720 ///// ///// 0000.2 000 000 3.7e-021
04780 ///// ///// 0000.0 000 000 2.1e-021
04840 ///// ///// 0000.0 000 000 1.8e-021
04900 ///// ///// 0000.0 000 000 4.7e-022
04960 ///// ///// 0000.0 000 000 1.1e-021
05020 ///// ///// -000.2 000 000 3.2e-021
05080 ///// ///// 0000.1 000 000 4.0e-021
05140 ///// ///// 0000.0 000 000 1.4e-021
05200 ///// ///// 0000.0 000 000 4.2e-021
05260 ///// ///// -000.2 000 000 4.8e-021
05320 ///// ///// 0000.0 000 000 3.1e-021
05380 ///// ///// 0000.0 000 000 4.5e-021
05440 ///// ///// -000.3 000 000 4.5e-021
05500 ///// ///// 0000.0 000 000 1.8e-021
05560 ///// ///// 0001.2 000 000 1.4e-021
05620 ///// ///// 0001.0 000 000 5.3e-021
05680 ///// ///// 0000.0 000 000 4.2e-021
05740 ///// ///// 0000.0 000 000 2.3e-021
05800 ///// ///// 0000.0 000 000 5.1e-022
05860 ///// ///// 0000.0 000 000 4.9e-021
05920 ///// ///// 0000.0 000 000 3.6e-021
05980 ///// ///// 0000.1 000 000 5.3e-021
NNNN
