WNDROBS 01.20
57793 0114.3600 027.7900 00130.0 LC 20130629101500
ROBS
00100 113.0 002.6 0001.0 100 100 3.5e-021
00160 107.0 002.7 -000.1 100 100 9.8e-021
00220 126.0 003.5 0000.1 100 100 4.5e-021
00280 116.0 004.2 0000.1 100 100 2.4e-020
00340 131.0 003.9 0000.1 100 100 2.0e-020
00400 145.0 005.0 0000.2 100 100 1.8e-020
00460 149.0 006.4 0000.1 100 100 1.6e-019
00520 155.0 007.4 0000.1 100 100 8.1e-020
00580 153.0 007.9 0000.0 100 100 2.3e-020
00640 154.0 008.5 0000.1 100 100 4.7e-020
00700 157.0 008.6 0000.0 100 100 1.2e-019
00760 163.0 008.4 0000.0 100 100 1.7e-019
00820 166.0 007.5 -000.1 100 100 9.8e-020
00880 171.0 005.5 -000.0 100 100 2.9e-020
00940 199.0 004.4 -000.0 100 100 2.0e-020
01000 187.0 004.9 -000.9 100 100 8.6e-021
01060 205.0 001.8 -002.3 100 100 1.2e-020
01120 218.0 002.1 -000.2 100 100 4.9e-021
01180 280.0 002.1 -000.3 100 100 9.1e-021
01240 224.0 003.8 -000.3 100 100 3.5e-020
01300 219.0 006.1 -000.4 100 100 3.0e-020
01360 221.0 006.5 0000.1 100 100 1.9e-020
01420 221.0 008.0 0000.4 100 100 3.3e-020
01480 224.0 008.7 0000.1 100 100 3.5e-020
01540 222.0 009.8 -000.0 100 100 3.0e-020
01600 226.0 011.3 0000.0 100 100 1.5e-020
01660 229.0 011.4 0000.3 100 100 9.8e-021
01720 231.0 011.7 0000.1 100 100 7.1e-021
01780 230.0 011.6 0000.1 100 100 4.2e-021
01840 231.0 010.5 -000.0 100 100 6.1e-021
01900 230.0 010.4 -000.0 100 100 6.8e-021
01960 230.0 010.3 -000.1 100 100 5.5e-021
02020 235.0 009.6 0000.1 100 100 3.1e-021
02080 232.0 008.7 0000.2 100 100 4.9e-021
02140 233.0 008.7 -000.0 100 100 6.2e-021
02200 231.0 009.1 -000.4 100 100 2.7e-021
02260 226.0 009.5 -000.1 100 100 4.2e-021
02320 226.0 009.6 0000.3 100 100 3.8e-021
02380 227.0 009.3 -000.1 100 100 3.1e-021
02440 228.0 009.2 -000.1 100 100 4.0e-021
02500 227.0 009.1 -000.0 100 100 7.2e-021
02560 228.0 009.8 0000.1 100 100 5.4e-021
02620 233.0 009.2 0000.2 100 100 4.3e-021
02680 239.0 008.7 -000.0 100 100 3.1e-021
02740 257.0 008.5 0001.2 100 100 3.2e-021
02800 253.0 008.5 0000.0 100 100 3.3e-021
02860 233.0 010.3 -000.5 100 100 4.1e-021
02920 239.0 010.2 -000.3 100 100 4.2e-021
02980 236.0 008.9 0000.0 100 100 3.2e-021
03040 234.0 009.1 -000.4 100 100 3.9e-021
03100 238.0 009.7 -000.8 100 100 3.4e-021
03160 244.0 013.1 -000.3 100 100 2.9e-021
03220 252.0 016.2 -000.0 100 100 3.8e-021
03280 243.0 010.2 0000.0 100 100 3.3e-021
03340 243.0 010.3 0000.0 100 100 4.2e-021
03400 245.0 011.0 0000.0 100 100 3.1e-021
03460 248.0 004.5 0000.0 100 100 2.6e-021
03520 256.0 008.1 0000.0 100 100 2.6e-021
03580 246.0 008.6 -000.3 100 100 3.5e-021
03640 256.0 008.3 0001.1 100 100 3.5e-021
03700 253.0 008.0 0000.0 100 100 2.4e-021
03760 254.0 009.7 -000.3 100 100 4.9e-021
03820 255.0 010.2 -000.4 100 100 4.7e-021
03880 254.0 009.2 0000.0 100 100 1.5e-021
03940 238.0 010.3 0000.0 100 100 5.2e-021
04000 229.0 011.5 0000.0 100 100 4.1e-021
04060 230.0 011.5 0000.0 100 100 4.5e-021
04120 228.0 012.0 0000.1 100 100 7.0e-021
04180 ///// ///// -000.0 000 000 5.9e-021
04240 233.0 010.7 0000.0 100 100 2.8e-021
04300 232.0 010.9 0000.0 100 100 3.3e-021
04360 236.0 011.5 0000.0 100 100 4.6e-021
04420 240.0 011.9 0000.0 100 100 4.3e-021
04480 ///// ///// -000.1 000 000 5.5e-021
04540 ///// ///// 0000.0 000 000 2.0e-021
04600 ///// ///// 0000.0 000 000 4.3e-021
04660 ///// ///// 0000.0 000 000 3.0e-021
04720 ///// ///// 0000.0 000 000 6.3e-022
04780 ///// ///// 0000.0 000 000 1.5e-021
04840 ///// ///// 0000.0 000 000 4.9e-021
04900 ///// ///// 0000.0 000 000 1.9e-021
04960 ///// ///// 0000.0 000 000 3.1e-021
05020 ///// ///// 0000.0 000 000 1.0e-021
05080 ///// ///// -000.7 000 000 3.9e-021
05140 ///// ///// 0000.0 000 000 8.0e-022
05200 ///// ///// 0000.0 000 000 2.7e-021
05260 ///// ///// 0000.0 000 000 1.8e-021
05320 ///// ///// 0000.0 000 000 2.2e-021
05380 ///// ///// 0000.0 000 000 8.6e-022
05440 ///// ///// 0000.0 000 000 4.1e-021
05500 ///// ///// 0000.0 000 000 4.4e-021
05560 ///// ///// 0000.7 000 000 4.4e-021
05620 ///// ///// 0000.0 000 000 1.6e-021
05680 ///// ///// 0000.0 000 000 4.6e-021
05740 ///// ///// 0000.0 000 000 1.5e-021
05800 ///// ///// -001.0 000 000 2.4e-021
05860 ///// ///// 0000.2 000 000 5.9e-021
05920 ///// ///// 0000.0 000 000 3.3e-021
05980 ///// ///// 0000.0 000 000 4.9e-021
NNNN
