WNDROBS 01.20
57793 0114.3600 027.7900 00130.0 LC 20130629214000
ROBS
00100 072.0 004.7 0000.2 100 100 3.3e-021
00160 072.0 005.2 0000.2 100 100 7.2e-021
00220 092.0 004.9 0000.2 100 100 6.4e-021
00280 105.0 004.2 0000.1 100 100 1.0e-020
00340 143.0 004.4 0000.2 100 100 1.1e-020
00400 146.0 002.9 0000.2 100 100 7.6e-021
00460 152.0 003.8 0000.2 100 100 1.6e-020
00520 147.0 006.0 0000.3 100 100 7.3e-020
00580 158.0 006.1 0000.1 100 100 2.4e-020
00640 167.0 006.2 0000.1 100 100 8.1e-020
00700 161.0 005.7 -000.0 100 100 6.0e-020
00760 168.0 003.9 0000.0 100 100 3.2e-020
00820 163.0 002.4 -000.2 100 100 2.8e-020
00880 191.0 001.8 -000.1 100 100 2.0e-020
00940 243.0 004.7 -000.2 100 100 7.4e-021
01000 250.0 004.5 -000.0 100 100 8.6e-021
01060 206.0 001.3 -000.3 100 100 2.5e-021
01120 216.0 002.0 -000.2 100 100 2.1e-021
01180 218.0 002.7 0000.1 100 100 8.6e-022
01240 218.0 003.9 -000.1 100 100 1.2e-021
01300 220.0 004.3 -000.2 100 100 2.6e-021
01360 220.0 005.6 -000.2 100 100 3.4e-021
01420 220.0 006.6 -000.1 100 100 3.5e-021
01480 219.0 007.3 -000.2 100 100 3.4e-021
01540 223.0 008.9 -000.3 100 100 3.0e-021
01600 224.0 009.7 -000.2 100 100 2.7e-021
01660 222.0 009.5 -000.3 100 100 4.0e-021
01720 228.0 011.5 -000.5 100 100 5.7e-021
01780 229.0 011.6 -000.4 100 100 5.1e-021
01840 235.0 011.9 -000.4 100 100 3.5e-021
01900 232.0 012.5 -000.4 100 100 3.0e-021
01960 231.0 012.2 -000.3 100 100 4.0e-021
02020 230.0 012.0 -000.8 100 100 2.4e-021
02080 225.0 011.4 0000.3 100 100 2.8e-021
02140 224.0 011.0 0000.0 100 100 1.9e-021
02200 218.0 010.9 -000.2 100 100 2.2e-021
02260 216.0 011.5 -000.4 100 100 2.5e-021
02320 222.0 010.3 -000.4 100 100 3.0e-021
02380 214.0 009.3 -000.8 100 100 2.3e-021
02440 212.0 008.9 0000.0 100 100 1.9e-021
02500 208.0 008.9 0000.0 100 100 1.8e-021
02560 210.0 008.6 0000.3 100 100 2.0e-021
02620 209.0 008.9 -000.2 100 100 2.9e-021
02680 207.0 009.4 -000.3 100 100 3.3e-021
02740 206.0 008.2 -000.4 100 100 5.4e-021
02800 206.0 008.1 -000.2 100 100 1.1e-020
02860 208.0 008.4 -000.2 100 100 2.1e-020
02920 207.0 008.7 -000.3 100 100 1.4e-020
02980 205.0 008.0 -000.5 100 100 7.4e-021
03040 202.0 008.2 -000.2 100 100 7.6e-021
03100 204.0 008.1 -000.1 100 100 1.8e-020
03160 209.0 008.1 0000.0 100 100 1.7e-020
03220 213.0 008.1 0000.0 100 100 2.6e-020
03280 215.0 008.4 0000.0 100 100 1.5e-020
03340 216.0 008.5 0000.0 100 100 6.3e-021
03400 230.0 006.8 0000.0 100 100 6.9e-021
03460 225.0 006.1 0000.0 100 100 7.1e-021
03520 223.0 005.9 0000.0 100 100 5.5e-021
03580 220.0 005.6 0000.0 100 100 3.8e-021
03640 199.0 004.5 0000.0 100 100 6.0e-021
03700 281.0 004.8 0000.8 100 100 6.5e-021
03760 ///// ///// 0000.0 000 000 4.4e-021
03820 243.0 005.1 0000.0 100 100 2.4e-021
03880 238.0 005.4 -000.2 100 100 8.5e-021
03940 227.0 007.8 -000.2 100 100 1.3e-020
04000 233.0 008.8 -000.1 100 100 9.5e-021
04060 235.0 009.1 0000.1 100 100 1.7e-020
04120 234.0 009.3 0000.2 100 100 2.0e-020
04180 236.0 009.2 0000.3 100 100 2.8e-020
04240 232.0 009.1 0000.2 100 100 2.4e-020
04300 232.0 010.4 0000.3 100 100 2.8e-020
04360 232.0 009.8 -000.1 100 100 2.2e-020
04420 228.0 009.5 0000.1 100 100 1.9e-020
04480 232.0 010.5 0000.0 100 100 3.1e-020
04540 231.0 010.6 -000.0 100 100 2.7e-020
04600 234.0 010.9 -000.1 100 100 3.1e-020
04660 236.0 011.1 -000.3 100 100 3.3e-020
04720 236.0 011.4 -000.3 100 100 2.2e-020
04780 236.0 011.5 -000.2 100 100 7.4e-021
04840 239.0 011.2 -000.8 100 100 7.0e-021
04900 ///// ///// 0000.0 000 000 4.6e-021
04960 ///// ///// 0000.0 000 000 2.0e-021
05020 ///// ///// 0000.0 000 000 1.6e-021
05080 ///// ///// 0000.0 000 000 4.7e-021
05140 ///// ///// 0000.0 000 000 3.8e-021
05200 ///// ///// -000.6 000 000 3.5e-021
05260 ///// ///// 0000.9 000 000 5.9e-021
05320 ///// ///// -000.1 000 000 4.9e-021
05380 ///// ///// 0000.0 000 000 5.4e-021
05440 ///// ///// 0000.0 000 000 1.4e-021
05500 ///// ///// 0000.0 000 000 1.6e-021
05560 ///// ///// 0000.0 000 000 1.6e-021
05620 ///// ///// 0000.0 000 000 5.4e-021
05680 ///// ///// 0000.0 000 000 4.3e-021
05740 ///// ///// 0000.0 000 000 4.4e-021
05800 ///// ///// 0000.0 000 000 1.0e-021
05860 ///// ///// 0000.0 000 000 3.0e-021
05920 ///// ///// 0000.0 000 000 3.9e-021
05980 ///// ///// 0000.0 000 000 2.1e-021
NNNN
