WNDROBS 01.20
57793 0114.3600 027.7900 00130.0 LC 20130629222500
ROBS
00100 071.0 007.0 -000.2 100 100 1.6e-021
00160 147.0 007.8 -000.2 100 100 3.6e-021
00220 144.0 005.2 -000.3 100 100 7.6e-021
00280 141.0 006.0 -000.6 100 100 7.7e-021
00340 146.0 006.3 -000.2 100 100 1.3e-020
00400 154.0 006.6 -000.1 100 100 1.5e-020
00460 147.0 005.0 -000.1 100 100 4.7e-020
00520 156.0 006.3 -000.0 100 100 9.7e-020
00580 168.0 006.3 -000.2 100 100 2.1e-019
00640 164.0 005.1 -000.2 100 100 1.0e-019
00700 183.0 002.9 -000.3 100 100 5.7e-020
00760 185.0 001.3 0003.4 100 100 1.3e-020
00820 248.0 004.6 0000.1 100 100 9.5e-021
00880 215.0 007.1 -000.1 100 100 3.1e-021
00940 240.0 004.7 -000.2 100 100 7.0e-021
01000 243.0 008.5 -000.3 100 100 9.8e-021
01060 198.0 002.8 -000.2 100 100 2.2e-021
01120 223.0 002.0 -000.2 100 100 4.7e-021
01180 218.0 002.9 -000.1 100 100 3.4e-021
01240 213.0 004.6 -000.2 100 100 1.8e-021
01300 221.0 006.2 0000.6 100 100 1.7e-021
01360 230.0 006.7 0000.5 100 100 2.3e-021
01420 230.0 007.6 0000.1 100 100 2.8e-021
01480 233.0 009.1 0000.1 100 100 4.1e-021
01540 235.0 010.9 0000.1 100 100 5.8e-021
01600 233.0 011.5 0000.1 100 100 5.4e-021
01660 232.0 011.1 0000.1 100 100 2.4e-021
01720 238.0 010.7 0000.7 100 100 1.8e-021
01780 237.0 010.6 0000.3 100 100 1.5e-021
01840 237.0 011.1 0000.0 100 100 1.4e-021
01900 235.0 011.1 0000.2 100 100 1.9e-021
01960 232.0 010.9 0000.0 100 100 1.7e-021
02020 232.0 011.1 0000.0 100 100 1.5e-021
02080 229.0 011.3 -000.0 100 100 1.8e-021
02140 226.0 010.7 -000.0 100 100 2.8e-021
02200 226.0 010.8 -000.1 100 100 2.0e-021
02260 223.0 010.8 -000.2 100 100 5.1e-021
02320 226.0 010.3 -000.3 100 100 4.7e-021
02380 221.0 009.7 -000.1 100 100 6.6e-021
02440 216.0 009.7 -000.2 100 100 4.0e-021
02500 213.0 009.8 -000.1 100 100 5.1e-021
02560 210.0 009.7 -000.2 100 100 3.2e-021
02620 206.0 009.5 0000.1 100 100 3.5e-021
02680 205.0 009.6 0000.1 100 100 3.4e-021
02740 199.0 008.9 0000.0 100 100 8.0e-022
02800 205.0 006.4 0000.0 100 100 4.5e-022
02860 199.0 007.9 -000.5 100 100 3.3e-022
02920 205.0 008.4 -000.3 100 100 3.2e-021
02980 198.0 008.0 0000.0 100 100 8.9e-022
03040 199.0 007.9 0001.2 100 100 7.3e-022
03100 201.0 007.3 0000.0 100 100 6.9e-022
03160 204.0 007.2 0000.0 100 100 8.1e-022
03220 206.0 006.6 -000.2 100 100 1.1e-021
03280 218.0 007.3 -000.2 100 100 4.0e-021
03340 226.0 007.2 0000.0 100 100 2.5e-021
03400 223.0 007.7 0000.0 100 100 7.1e-021
03460 223.0 007.1 0000.4 100 100 4.5e-021
03520 231.0 009.0 0000.0 100 100 3.9e-021
03580 208.0 006.1 0000.0 100 100 2.1e-021
03640 223.0 007.5 0000.0 100 100 3.0e-021
03700 197.0 005.9 0000.0 100 100 2.8e-021
03760 210.0 006.9 0000.0 100 100 3.3e-021
03820 209.0 008.5 0000.0 100 100 2.4e-021
03880 218.0 007.0 0000.2 100 100 4.1e-021
03940 208.0 009.8 0000.4 100 100 5.8e-021
04000 212.0 009.0 0000.0 100 100 5.3e-021
04060 227.0 007.4 0000.4 100 100 5.5e-022
04120 230.0 007.1 0000.3 100 100 5.7e-021
04180 237.0 007.7 0000.3 100 100 1.1e-020
04240 239.0 007.5 0000.2 100 100 1.5e-020
04300 241.0 007.7 0000.1 100 100 2.6e-020
04360 240.0 008.7 -000.5 100 100 4.1e-020
04420 241.0 009.7 -000.3 100 100 2.9e-020
04480 242.0 009.6 0000.1 100 100 2.3e-020
04540 243.0 010.2 0000.0 100 100 7.0e-021
04600 244.0 010.9 -000.2 100 100 2.4e-021
04660 246.0 011.1 0000.7 100 100 8.4e-021
04720 249.0 012.3 0000.4 100 100 2.1e-020
04780 235.0 010.1 0000.6 100 100 1.1e-020
04840 237.0 009.8 0000.3 100 100 1.5e-020
04900 241.0 011.2 0000.1 100 100 9.0e-021
04960 240.0 012.1 0000.1 100 100 9.5e-021
05020 240.0 011.0 0002.2 100 100 1.1e-020
05080 236.0 010.4 0000.0 100 100 5.7e-021
05140 233.0 009.7 0000.0 100 100 4.0e-021
05200 237.0 010.5 0000.0 100 100 2.9e-021
05260 ///// ///// 0000.0 000 000 1.4e-021
05320 ///// ///// 0000.0 000 000 4.5e-021
05380 ///// ///// 0000.0 000 000 1.7e-021
05440 ///// ///// 0000.0 000 000 5.2e-021
05500 ///// ///// 0000.0 000 000 3.6e-021
05560 ///// ///// 0000.0 000 000 3.1e-021
05620 ///// ///// 0000.0 000 000 2.3e-021
05680 ///// ///// 0000.0 000 000 1.8e-021
05740 ///// ///// 0000.9 000 000 6.1e-021
05800 ///// ///// 0000.0 000 000 5.6e-021
05860 ///// ///// 0000.0 000 000 3.8e-021
05920 ///// ///// 0000.1 000 000 6.8e-021
05980 ///// ///// 0000.0 000 000 2.5e-021
NNNN
