WNDROBS 01.20
57793 0114.3600 027.7900 00130.0 LC 20130629025500
ROBS
00100 011.0 002.6 0002.6 100 100 1.5e-021
00160 013.0 002.9 0002.6 100 100 3.2e-021
00220 014.0 002.6 -000.1 100 100 8.4e-022
00280 132.0 000.9 -000.1 100 100 3.6e-021
00340 143.0 000.8 -000.0 100 100 3.3e-021
00400 119.0 000.9 -000.1 100 100 4.5e-021
00460 132.0 001.4 0000.0 100 100 3.3e-021
00520 204.0 002.6 -000.2 100 100 1.0e-020
00580 155.0 004.6 -000.1 100 100 2.2e-020
00640 240.0 004.1 -000.2 100 100 2.7e-020
00700 231.0 005.3 -000.1 100 100 2.2e-020
00760 237.0 006.5 0000.1 100 100 2.3e-020
00820 241.0 009.1 -000.5 100 100 1.7e-020
00880 234.0 009.5 -000.3 100 100 6.7e-021
00940 231.0 010.2 0000.0 100 100 3.9e-021
01000 230.0 010.7 -000.1 100 100 6.8e-021
01060 227.0 009.7 -000.1 100 100 1.6e-021
01120 229.0 010.2 0000.1 100 100 3.2e-021
01180 230.0 010.7 0000.2 100 100 3.1e-021
01240 231.0 011.8 -000.0 100 100 2.9e-021
01300 232.0 012.8 0000.1 100 100 2.9e-021
01360 237.0 013.1 0000.1 100 100 5.3e-021
01420 240.0 014.1 0000.1 100 100 6.3e-021
01480 241.0 015.2 0000.1 100 100 4.5e-021
01540 240.0 016.1 0000.1 100 100 8.0e-021
01600 240.0 016.9 0000.1 100 100 1.8e-020
01660 241.0 018.0 -000.1 100 100 1.1e-020
01720 246.0 017.0 0000.0 100 100 2.3e-021
01780 249.0 017.5 0000.2 100 100 2.2e-021
01840 246.0 014.7 0001.2 100 100 1.5e-021
01900 248.0 014.9 0000.2 100 100 1.5e-021
01960 252.0 014.7 0000.0 100 100 1.0e-021
02020 252.0 014.8 0000.0 100 100 1.2e-021
02080 252.0 014.9 0000.0 100 100 1.5e-021
02140 252.0 015.4 0000.0 100 100 1.5e-021
02200 251.0 014.3 0000.0 100 100 1.7e-021
02260 246.0 012.6 -000.1 100 100 1.9e-021
02320 252.0 012.3 0000.0 100 100 1.4e-021
02380 258.0 012.2 0000.0 100 100 2.4e-021
02440 247.0 012.9 -000.2 100 100 3.2e-021
02500 253.0 011.2 0000.0 100 100 2.5e-021
02560 245.0 007.0 0000.0 100 100 2.2e-021
02620 253.0 011.0 0000.0 100 100 1.9e-021
02680 253.0 010.8 0000.0 100 100 1.9e-021
02740 252.0 010.8 -000.2 100 100 3.4e-021
02800 236.0 012.3 0000.0 100 100 1.5e-021
02860 250.0 011.2 0000.0 100 100 7.5e-022
02920 ///// ///// 0000.0 000 000 1.5e-021
02980 225.0 009.8 0000.0 100 100 1.9e-021
03040 ///// ///// -000.1 000 000 1.7e-021
03100 ///// ///// 0000.3 000 000 8.6e-022
03160 ///// ///// 0000.8 000 000 2.2e-021
03220 ///// ///// 0000.0 000 000 1.4e-021
03280 ///// ///// 0001.0 000 000 2.4e-021
03340 ///// ///// 0000.0 000 000 1.5e-021
03400 ///// ///// 0000.0 000 000 1.6e-021
03460 ///// ///// 0000.0 000 000 1.7e-021
03520 ///// ///// 0000.1 000 000 2.5e-021
03580 ///// ///// 0000.0 000 000 1.8e-021
03640 ///// ///// 0000.0 000 000 1.6e-021
03700 ///// ///// 0000.0 000 000 1.8e-021
03760 ///// ///// 0000.2 000 000 2.1e-021
03820 ///// ///// 0000.4 000 000 2.7e-021
03880 ///// ///// 0000.0 000 000 3.2e-021
03940 ///// ///// 0000.0 000 000 2.2e-021
04000 ///// ///// 0000.0 000 000 1.6e-021
04060 ///// ///// 0000.0 000 000 9.4e-022
04120 ///// ///// 0000.0 000 000 9.2e-022
04180 ///// ///// 0000.0 000 000 2.3e-021
04240 ///// ///// 0000.0 000 000 1.3e-021
04300 ///// ///// -000.1 000 000 3.8e-021
04360 ///// ///// 0000.0 000 000 8.5e-022
04420 ///// ///// 0000.0 000 000 2.4e-021
04480 ///// ///// 0000.0 000 000 6.1e-022
04540 ///// ///// -000.5 000 000 1.0e-021
04600 ///// ///// -000.5 000 000 1.1e-021
04660 ///// ///// 0000.0 000 000 1.0e-021
04720 ///// ///// -000.5 000 000 4.0e-021
04780 ///// ///// 0000.0 000 000 2.3e-021
04840 ///// ///// -000.0 000 000 3.6e-021
04900 ///// ///// 0000.1 000 000 3.4e-021
04960 ///// ///// 0000.0 000 000 1.1e-021
05020 ///// ///// 0000.1 000 000 4.5e-021
05080 ///// ///// 0000.4 000 000 3.6e-021
05140 ///// ///// 0000.3 000 000 4.5e-021
05200 ///// ///// 0000.4 000 000 4.4e-021
05260 ///// ///// 0000.0 000 000 4.2e-021
05320 ///// ///// 0000.2 000 000 6.0e-021
05380 ///// ///// 0000.8 000 000 6.7e-021
05440 ///// ///// 0000.7 000 000 6.1e-021
05500 ///// ///// 0000.0 000 000 2.5e-021
05560 ///// ///// 0000.3 000 000 6.0e-021
05620 ///// ///// 0000.0 000 000 5.8e-021
05680 ///// ///// 0000.0 000 000 6.2e-021
05740 ///// ///// 0001.4 000 000 5.0e-021
05800 ///// ///// 0000.0 000 000 5.5e-021
05860 ///// ///// 0000.0 000 000 1.8e-021
05920 ///// ///// 0000.0 000 000 2.3e-021
05980 ///// ///// 0000.0 000 000 3.7e-021
NNNN
