WNDROBS 01.20
57793 0114.3600 027.7900 00130.0 LC 20130629025000
ROBS
00100 011.0 004.6 0000.1 100 100 1.3e-021
00160 013.0 004.6 0000.0 100 100 2.9e-021
00220 014.0 004.6 0000.1 100 100 2.8e-021
00280 106.0 001.6 0000.0 100 100 5.7e-021
00340 100.0 002.3 0000.2 100 100 6.9e-021
00400 119.0 002.7 0000.2 100 100 4.4e-021
00460 132.0 002.4 0000.1 100 100 5.7e-021
00520 154.0 003.8 0000.3 100 100 8.9e-021
00580 155.0 003.0 0000.1 100 100 1.9e-020
00640 151.0 002.6 0000.3 100 100 2.1e-020
00700 225.0 003.8 0000.0 100 100 3.2e-020
00760 221.0 003.7 -000.1 100 100 5.0e-020
00820 230.0 006.4 0000.1 100 100 4.0e-020
00880 227.0 009.2 0000.0 100 100 4.7e-021
00940 238.0 008.9 -001.7 100 100 3.3e-021
01000 228.0 010.1 -000.8 100 100 7.6e-021
01060 231.0 010.7 0000.0 100 100 2.4e-021
01120 231.0 011.2 -000.1 100 100 2.5e-021
01180 231.0 011.7 0000.0 100 100 3.5e-021
01240 232.0 012.7 0000.3 100 100 3.9e-021
01300 228.0 011.4 0000.1 100 100 2.4e-021
01360 234.0 013.6 0000.1 100 100 6.1e-021
01420 238.0 014.3 0000.1 100 100 8.9e-021
01480 240.0 016.1 0000.3 100 100 5.5e-021
01540 242.0 018.3 -000.2 100 100 2.4e-021
01600 239.0 017.8 0000.1 100 100 8.6e-021
01660 239.0 018.7 -000.2 100 100 8.4e-021
01720 243.0 019.8 -000.1 100 100 3.3e-021
01780 246.0 020.9 -000.1 100 100 3.4e-021
01840 244.0 018.7 -000.2 100 100 3.6e-021
01900 245.0 018.7 0000.4 100 100 3.7e-021
01960 251.0 018.3 -000.7 100 100 2.9e-021
02020 254.0 018.3 -000.5 100 100 3.0e-021
02080 242.0 019.7 -000.7 100 100 4.3e-021
02140 243.0 015.1 -000.5 100 100 1.1e-021
02200 241.0 013.3 -000.5 100 100 1.4e-021
02260 236.0 014.4 0000.0 100 100 1.9e-021
02320 231.0 012.8 0000.0 100 100 2.2e-021
02380 232.0 014.2 0000.0 100 100 1.5e-021
02440 229.0 013.3 -000.0 100 100 2.1e-021
02500 217.0 012.3 0000.0 100 100 1.4e-021
02560 206.0 009.0 0000.0 100 100 1.3e-021
02620 204.0 009.3 0000.0 100 100 2.1e-021
02680 205.0 009.2 0000.7 100 100 2.0e-021
02740 205.0 009.3 0000.1 100 100 2.4e-021
02800 206.0 009.4 0000.0 100 100 3.1e-022
02860 213.0 008.1 -000.6 100 100 1.7e-021
02920 216.0 007.2 0000.0 100 100 1.6e-021
02980 239.0 009.1 0000.0 100 100 1.6e-021
03040 215.0 006.8 0000.0 100 100 1.5e-021
03100 223.0 010.8 0000.0 100 100 1.5e-021
03160 ///// ///// 0000.0 000 000 1.7e-021
03220 ///// ///// 0000.5 000 000 2.5e-021
03280 ///// ///// 0000.0 000 000 1.5e-021
03340 ///// ///// 0000.0 000 000 2.3e-021
03400 ///// ///// 0000.1 000 000 2.2e-021
03460 ///// ///// 0000.0 000 000 1.6e-021
03520 ///// ///// 0000.6 000 000 1.9e-021
03580 ///// ///// -000.0 000 000 5.4e-021
03640 ///// ///// 0000.0 000 000 2.4e-021
03700 ///// ///// 0000.0 000 000 2.0e-021
03760 ///// ///// 0000.4 000 000 8.8e-022
03820 ///// ///// 0000.5 000 000 3.7e-021
03880 ///// ///// 0000.0 000 000 3.0e-021
03940 ///// ///// 0000.1 000 000 5.4e-021
04000 ///// ///// 0000.0 000 000 1.5e-021
04060 ///// ///// 0000.4 000 000 2.9e-021
04120 ///// ///// 0000.0 000 000 2.1e-021
04180 ///// ///// 0000.0 000 000 1.9e-021
04240 ///// ///// 0000.0 000 000 2.7e-021
04300 ///// ///// 0000.0 000 000 3.0e-021
04360 ///// ///// 0000.4 000 000 2.3e-021
04420 ///// ///// 0000.0 000 000 2.3e-021
04480 ///// ///// 0000.0 000 000 1.3e-021
04540 ///// ///// 0000.0 000 000 1.6e-021
04600 ///// ///// 0000.8 000 000 2.6e-021
04660 ///// ///// 0001.0 000 000 3.0e-021
04720 ///// ///// 0000.0 000 000 3.3e-021
04780 ///// ///// 0000.0 000 000 1.1e-021
04840 ///// ///// 0000.0 000 000 3.5e-021
04900 ///// ///// 0000.0 000 000 1.4e-021
04960 ///// ///// 0000.0 000 000 3.4e-021
05020 ///// ///// 0000.0 000 000 1.6e-021
05080 ///// ///// 0000.0 000 000 1.4e-021
05140 ///// ///// 0000.4 000 000 3.5e-021
05200 ///// ///// 0000.0 000 000 4.3e-021
05260 ///// ///// 0000.0 000 000 1.3e-021
05320 ///// ///// 0000.0 000 000 5.5e-021
05380 ///// ///// 0000.2 000 000 1.7e-021
05440 ///// ///// 0000.0 000 000 2.8e-021
05500 ///// ///// 0000.0 000 000 2.7e-021
05560 ///// ///// 0000.0 000 000 4.5e-021
05620 ///// ///// 0000.0 000 000 1.3e-021
05680 ///// ///// 0000.0 000 000 1.8e-021
05740 ///// ///// 0000.0 000 000 1.9e-021
05800 ///// ///// 0000.0 000 000 2.9e-022
05860 ///// ///// 0000.0 000 000 5.0e-021
05920 ///// ///// 0000.0 000 000 1.4e-021
05980 ///// ///// 0000.1 000 000 7.4e-021
NNNN
