WNDROBS 01.20
57793 0114.3600 027.7900 00130.0 LC 20130629020500
ROBS
00100 065.0 002.0 0000.3 100 100 2.3e-021
00160 065.0 002.2 0000.3 100 100 5.0e-021
00220 058.0 002.0 0000.1 100 100 5.0e-021
00280 075.0 002.1 0000.1 100 100 6.8e-021
00340 070.0 001.0 0000.0 100 100 6.6e-021
00400 109.0 002.0 0000.0 100 100 6.5e-021
00460 127.0 002.2 0000.0 100 100 5.9e-021
00520 152.0 001.9 0000.2 100 100 6.3e-021
00580 160.0 003.4 0000.1 100 100 5.0e-021
00640 214.0 004.2 0000.1 100 100 2.8e-021
00700 237.0 004.9 -000.1 100 100 6.0e-021
00760 230.0 007.1 -000.3 100 100 7.9e-021
00820 231.0 008.9 -000.0 100 100 3.8e-021
00880 232.0 009.8 0000.2 100 100 7.9e-021
00940 229.0 010.1 0000.1 100 100 9.7e-021
01000 227.0 010.9 -000.1 100 100 9.9e-021
01060 229.0 010.6 -000.1 100 100 2.5e-021
01120 231.0 011.3 -000.0 100 100 4.2e-021
01180 228.0 012.4 0000.1 100 100 5.0e-021
01240 229.0 013.1 0000.1 100 100 5.2e-021
01300 229.0 014.0 0000.2 100 100 8.0e-021
01360 231.0 014.7 0000.2 100 100 6.5e-021
01420 235.0 015.3 0000.1 100 100 7.3e-021
01480 237.0 015.9 0000.2 100 100 4.0e-021
01540 238.0 017.6 0000.1 100 100 1.9e-021
01600 236.0 017.3 0000.1 100 100 1.8e-021
01660 237.0 018.4 0000.3 100 100 2.6e-021
01720 239.0 017.2 -000.3 100 100 2.0e-021
01780 238.0 017.1 0000.1 100 100 2.3e-021
01840 238.0 017.3 0000.0 100 100 6.6e-022
01900 235.0 015.5 -000.1 100 100 3.4e-021
01960 238.0 016.2 -000.3 100 100 3.6e-021
02020 237.0 016.3 -000.1 100 100 4.4e-021
02080 241.0 015.2 0000.4 100 100 2.9e-021
02140 238.0 015.2 0000.0 100 100 2.6e-021
02200 237.0 014.6 -000.0 100 100 1.9e-021
02260 235.0 013.6 -000.2 100 100 1.6e-021
02320 229.0 012.4 0000.0 100 100 1.5e-021
02380 230.0 013.1 -001.4 100 100 1.6e-021
02440 236.0 012.2 0000.0 100 100 2.0e-021
02500 239.0 012.2 -000.4 100 100 2.5e-021
02560 236.0 013.7 -000.4 100 100 3.5e-021
02620 232.0 012.5 0000.0 100 100 1.2e-021
02680 233.0 012.9 0000.0 100 100 2.9e-021
02740 231.0 012.5 0000.0 100 100 3.3e-021
02800 232.0 012.5 0000.0 100 100 3.6e-021
02860 240.0 011.7 -000.1 100 100 3.0e-021
02920 259.0 010.2 0000.0 100 100 1.2e-021
02980 254.0 010.5 0000.0 100 100 2.7e-021
03040 247.0 008.9 0000.0 100 100 3.4e-021
03100 234.0 010.0 0000.0 100 100 1.2e-021
03160 237.0 009.9 -000.2 100 100 3.1e-021
03220 244.0 009.9 -000.8 100 100 2.4e-021
03280 232.0 007.4 0000.0 100 100 1.1e-021
03340 234.0 007.4 -000.1 100 100 3.1e-021
03400 233.0 007.5 0000.0 100 100 3.0e-021
03460 231.0 007.8 -002.1 100 100 3.4e-021
03520 236.0 007.5 -000.6 100 100 3.5e-021
03580 ///// ///// 0000.0 000 000 6.9e-022
03640 ///// ///// 0000.0 000 000 8.7e-022
03700 ///// ///// -000.7 000 000 2.6e-021
03760 ///// ///// 0000.0 000 000 1.0e-021
03820 ///// ///// -000.9 000 000 3.3e-021
03880 ///// ///// -000.3 000 000 1.3e-021
03940 ///// ///// -000.3 000 000 2.3e-021
04000 ///// ///// 0000.0 000 000 7.6e-022
04060 ///// ///// 0000.0 000 000 2.5e-021
04120 ///// ///// 0000.0 000 000 2.6e-021
04180 ///// ///// -000.2 000 000 4.0e-021
04240 ///// ///// -000.1 000 000 2.7e-021
04300 ///// ///// -000.3 000 000 4.9e-021
04360 ///// ///// 0000.0 000 000 3.3e-021
04420 ///// ///// 0000.0 000 000 4.0e-021
04480 ///// ///// 0000.0 000 000 6.0e-021
04540 ///// ///// 0000.0 000 000 3.6e-021
04600 ///// ///// -000.6 000 000 4.6e-021
04660 ///// ///// -000.7 000 000 3.9e-021
04720 ///// ///// -000.6 000 000 3.7e-021
04780 ///// ///// -000.7 000 000 3.0e-021
04840 ///// ///// -000.8 000 000 9.2e-022
04900 ///// ///// 0000.0 000 000 2.5e-021
04960 ///// ///// 0000.0 000 000 4.0e-021
05020 ///// ///// 0000.3 000 000 3.6e-021
05080 ///// ///// 0000.8 000 000 1.4e-021
05140 ///// ///// 0000.0 000 000 2.9e-021
05200 ///// ///// 0000.7 000 000 1.7e-021
05260 ///// ///// 0000.4 000 000 5.3e-021
05320 ///// ///// 0000.6 000 000 5.2e-021
05380 ///// ///// 0000.5 000 000 5.7e-021
05440 ///// ///// -000.5 000 000 4.8e-021
05500 ///// ///// -000.2 000 000 6.5e-021
05560 ///// ///// 0000.1 000 000 6.8e-021
05620 ///// ///// -000.3 000 000 6.2e-021
05680 ///// ///// -000.7 000 000 5.3e-021
05740 ///// ///// 0000.0 000 000 4.9e-021
05800 ///// ///// 0000.0 000 000 4.9e-021
05860 ///// ///// 0000.2 000 000 2.4e-021
05920 ///// ///// 0000.0 000 000 7.7e-021
05980 ///// ///// 0005.3 000 000 5.3e-021
NNNN
