WNDROBS 01.20
57793 0114.3600 027.7900 00130.0 LC 20130629200500
ROBS
00100 129.0 006.1 -000.3 100 100 4.2e-021
00160 129.0 006.8 -000.4 100 100 9.1e-021
00220 132.0 006.6 -000.3 100 100 4.8e-021
00280 127.0 004.5 -000.1 100 100 8.7e-021
00340 142.0 004.0 -000.2 100 100 1.2e-020
00400 154.0 003.9 -000.2 100 100 1.0e-020
00460 155.0 005.2 0000.1 100 100 2.0e-020
00520 158.0 006.6 0000.0 100 100 4.4e-020
00580 167.0 007.1 0000.1 100 100 6.2e-020
00640 175.0 008.3 0000.2 100 100 7.8e-020
00700 187.0 008.5 0000.2 100 100 1.4e-019
00760 195.0 007.5 0000.2 100 100 1.3e-019
00820 196.0 006.1 -000.2 100 100 4.1e-020
00880 198.0 005.8 0000.1 100 100 3.1e-020
00940 197.0 005.2 0000.2 100 100 1.8e-020
01000 197.0 003.7 -000.0 100 100 1.2e-020
01060 205.0 003.8 -000.1 100 100 5.4e-021
01120 218.0 004.1 0001.5 100 100 3.6e-021
01180 219.0 004.5 0002.0 100 100 2.9e-021
01240 219.0 004.7 0000.1 100 100 4.6e-021
01300 215.0 005.3 -000.0 100 100 5.4e-021
01360 214.0 006.0 0000.1 100 100 4.5e-021
01420 210.0 006.1 0000.2 100 100 3.3e-021
01480 216.0 007.3 0000.1 100 100 2.6e-021
01540 212.0 009.2 0000.1 100 100 3.2e-021
01600 220.0 009.2 0000.1 100 100 2.6e-021
01660 224.0 010.3 -000.1 100 100 2.5e-021
01720 224.0 010.6 -000.0 100 100 2.9e-021
01780 223.0 011.2 -000.4 100 100 3.7e-021
01840 228.0 011.3 -000.1 100 100 4.5e-021
01900 228.0 010.7 -000.3 100 100 2.9e-021
01960 229.0 010.5 -000.0 100 100 3.4e-021
02020 222.0 009.1 -000.0 100 100 5.3e-021
02080 219.0 008.9 -000.1 100 100 4.2e-021
02140 221.0 008.5 -000.5 100 100 1.7e-021
02200 223.0 008.4 0000.0 100 100 1.8e-021
02260 222.0 008.4 0000.0 100 100 2.4e-021
02320 224.0 008.3 0000.0 100 100 2.5e-021
02380 223.0 008.6 -000.3 100 100 3.1e-021
02440 209.0 007.0 0000.0 100 100 2.9e-021
02500 213.0 006.5 -000.3 100 100 2.3e-021
02560 211.0 006.8 0000.0 100 100 2.4e-021
02620 214.0 007.5 0000.0 100 100 3.3e-021
02680 214.0 007.6 -000.2 100 100 5.0e-021
02740 214.0 007.6 -000.3 100 100 6.5e-021
02800 215.0 008.8 -000.3 100 100 5.9e-021
02860 227.0 007.9 -000.7 100 100 2.8e-021
02920 230.0 009.0 0000.0 100 100 2.5e-021
02980 229.0 007.9 0000.0 100 100 3.7e-021
03040 231.0 008.1 0000.1 100 100 3.7e-021
03100 237.0 008.6 0000.1 100 100 3.2e-021
03160 235.0 007.7 0000.0 100 100 2.1e-021
03220 237.0 007.6 0000.0 100 100 3.2e-021
03280 237.0 008.7 0000.0 100 100 2.4e-021
03340 237.0 008.7 0000.3 100 100 2.5e-021
03400 232.0 009.3 0000.2 100 100 7.5e-021
03460 232.0 009.7 0000.1 100 100 1.2e-020
03520 231.0 009.9 0000.2 100 100 1.5e-020
03580 228.0 010.1 -000.0 100 100 9.2e-021
03640 226.0 010.2 0000.3 100 100 9.5e-021
03700 226.0 010.0 0000.0 100 100 9.6e-021
03760 227.0 010.4 0000.4 100 100 1.1e-020
03820 224.0 010.4 0000.1 100 100 1.0e-020
03880 227.0 010.0 0000.6 100 100 1.2e-020
03940 232.0 009.8 0000.9 100 100 1.2e-020
04000 226.0 009.9 0000.4 100 100 1.8e-020
04060 230.0 009.9 0000.3 100 100 3.8e-020
04120 225.0 010.5 0000.2 100 100 4.5e-020
04180 226.0 010.9 0000.0 100 100 2.1e-020
04240 220.0 010.5 0000.2 100 100 1.8e-020
04300 219.0 011.5 0000.1 100 100 1.3e-020
04360 223.0 011.2 0000.1 100 100 1.1e-020
04420 230.0 010.7 0000.1 100 100 1.8e-020
04480 231.0 010.7 0000.1 100 100 1.7e-020
04540 234.0 010.9 0000.4 100 100 2.5e-020
04600 230.0 010.7 0000.0 100 100 1.2e-020
04660 224.0 010.2 0000.0 100 100 6.1e-021
04720 ///// ///// 0000.0 000 000 3.0e-021
04780 ///// ///// 0000.0 000 000 1.4e-021
04840 ///// ///// -000.3 000 000 2.6e-021
04900 ///// ///// -000.3 000 000 3.9e-021
04960 ///// ///// -000.3 000 000 4.2e-021
05020 ///// ///// -000.6 000 000 3.7e-021
05080 ///// ///// -000.5 000 000 6.0e-021
05140 ///// ///// -000.5 000 000 8.7e-021
05200 220.0 003.6 -000.5 100 100 1.2e-020
05260 214.0 003.4 -000.3 100 100 1.0e-020
05320 206.0 003.5 -000.2 100 100 1.2e-020
05380 217.0 003.8 -000.6 100 100 8.9e-021
05440 213.0 004.0 0000.0 100 100 2.9e-021
05500 ///// ///// 0000.0 000 000 5.3e-021
05560 ///// ///// 0000.0 000 000 2.2e-021
05620 ///// ///// 0000.0 000 000 3.1e-021
05680 ///// ///// 0000.0 000 000 4.0e-021
05740 ///// ///// -000.2 000 000 1.6e-021
05800 ///// ///// 0000.0 000 000 4.9e-021
05860 ///// ///// 0000.0 000 000 3.6e-021
05920 ///// ///// 0000.0 000 000 1.6e-021
05980 ///// ///// 0000.0 000 000 3.3e-021
NNNN
