WNDROBS 01.20
57793 0114.3600 027.7900 00130.0 LC 20130629185000
ROBS
00100 115.0 003.3 0001.9 100 100 3.8e-021
00160 115.0 003.6 0001.3 100 100 9.3e-021
00220 095.0 003.4 0002.0 100 100 7.0e-021
00280 102.0 003.0 0000.1 100 100 1.0e-020
00340 120.0 003.0 0000.3 100 100 9.9e-021
00400 151.0 002.7 0000.1 100 100 2.0e-020
00460 161.0 003.7 -000.2 100 100 2.9e-020
00520 167.0 005.9 -000.2 100 100 3.9e-020
00580 177.0 007.3 -000.2 100 100 1.0e-019
00640 186.0 008.0 -000.2 100 100 1.3e-019
00700 193.0 007.9 -000.1 100 100 1.4e-019
00760 195.0 007.2 0000.1 100 100 4.9e-020
00820 190.0 005.4 0000.1 100 100 4.1e-020
00880 196.0 004.7 0000.2 100 100 2.2e-020
00940 208.0 002.9 0000.2 100 100 2.6e-020
01000 221.0 003.2 0000.1 100 100 2.5e-020
01060 218.0 003.1 -000.0 100 100 1.1e-020
01120 227.0 003.9 -000.1 100 100 7.7e-021
01180 208.0 003.6 -000.0 100 100 1.5e-021
01240 225.0 005.3 -000.1 100 100 2.5e-021
01300 221.0 005.1 -002.1 100 100 1.4e-021
01360 213.0 005.2 -000.2 100 100 1.5e-021
01420 209.0 005.3 -000.3 100 100 1.7e-021
01480 214.0 005.9 -000.3 100 100 4.2e-021
01540 212.0 006.5 -000.5 100 100 5.8e-021
01600 214.0 008.4 -000.1 100 100 6.1e-021
01660 220.0 009.6 -000.2 100 100 5.6e-021
01720 229.0 009.8 0001.2 100 100 3.2e-021
01780 233.0 011.3 0000.2 100 100 3.7e-021
01840 233.0 011.5 -000.1 100 100 2.9e-021
01900 234.0 011.9 -000.0 100 100 2.6e-021
01960 237.0 012.5 -000.0 100 100 2.3e-021
02020 232.0 010.4 -000.2 100 100 1.8e-021
02080 227.0 009.3 -000.1 100 100 1.5e-021
02140 227.0 009.2 0001.0 100 100 1.6e-021
02200 228.0 009.5 0000.0 100 100 1.2e-021
02260 229.0 010.7 0000.0 100 100 1.6e-021
02320 224.0 008.2 0000.0 100 100 1.2e-021
02380 225.0 008.1 0001.0 100 100 1.5e-021
02440 218.0 007.5 0000.0 100 100 3.8e-022
02500 224.0 009.4 0000.0 100 100 1.0e-021
02560 227.0 009.2 0000.1 100 100 2.3e-021
02620 228.0 008.9 0000.1 100 100 1.0e-021
02680 226.0 009.1 0000.0 100 100 3.8e-021
02740 234.0 009.0 -000.1 100 100 3.8e-021
02800 238.0 008.2 0000.0 100 100 2.5e-021
02860 236.0 007.6 0000.0 100 100 2.1e-021
02920 238.0 007.7 0000.0 100 100 2.9e-021
02980 237.0 007.8 0000.0 100 100 3.5e-021
03040 231.0 006.5 0008.3 100 100 4.0e-021
03100 232.0 006.5 0000.0 100 100 2.9e-021
03160 232.0 006.6 0000.0 100 100 1.0e-021
03220 218.0 007.4 0000.0 100 100 1.9e-021
03280 217.0 007.1 0000.0 100 100 2.1e-021
03340 211.0 007.1 0000.0 100 100 2.0e-021
03400 209.0 008.3 0000.3 100 100 4.0e-021
03460 202.0 008.3 0000.1 100 100 3.3e-021
03520 189.0 007.0 0000.4 100 100 1.9e-021
03580 183.0 007.3 -000.0 100 100 2.2e-021
03640 202.0 008.5 -000.1 100 100 2.6e-021
03700 193.0 007.9 0000.0 100 100 2.0e-021
03760 197.0 007.9 -000.0 100 100 1.1e-021
03820 198.0 008.3 0000.0 100 100 1.0e-021
03880 197.0 008.5 0000.2 100 100 1.7e-021
03940 203.0 008.9 0000.1 100 100 9.4e-021
04000 207.0 009.6 0000.0 100 100 1.2e-020
04060 203.0 011.1 0000.0 100 100 1.6e-020
04120 203.0 010.5 0000.0 100 100 7.1e-021
04180 ///// ///// 0000.0 000 000 2.6e-021
04240 ///// ///// 0000.0 000 000 1.1e-021
04300 ///// ///// 0000.0 000 000 2.1e-021
04360 ///// ///// 0000.0 000 000 2.4e-021
04420 ///// ///// 0000.0 000 000 3.1e-021
04480 ///// ///// 0000.0 000 000 1.5e-021
04540 ///// ///// 0000.0 000 000 3.0e-021
04600 ///// ///// 0000.0 000 000 3.4e-021
04660 ///// ///// 0000.0 000 000 3.0e-021
04720 ///// ///// 0000.0 000 000 1.9e-021
04780 ///// ///// 0000.0 000 000 1.5e-021
04840 ///// ///// 0000.0 000 000 2.7e-021
04900 ///// ///// 0000.0 000 000 3.7e-021
04960 ///// ///// 0000.0 000 000 3.0e-021
05020 ///// ///// 0000.0 000 000 3.3e-021
05080 ///// ///// 0000.0 000 000 3.1e-021
05140 ///// ///// 0000.0 000 000 3.0e-021
05200 ///// ///// 0000.0 000 000 1.9e-021
05260 ///// ///// 0000.3 000 000 6.3e-021
05320 ///// ///// 0000.0 000 000 4.9e-021
05380 ///// ///// 0000.0 000 000 4.6e-021
05440 ///// ///// 0000.0 000 000 6.4e-021
05500 ///// ///// 0000.0 000 000 5.2e-021
05560 ///// ///// 0000.0 000 000 1.8e-021
05620 ///// ///// 0000.0 000 000 5.8e-021
05680 ///// ///// 0000.0 000 000 3.6e-021
05740 ///// ///// 0000.0 000 000 3.6e-021
05800 ///// ///// 0000.0 000 000 5.4e-021
05860 ///// ///// 0000.0 000 000 2.6e-021
05920 ///// ///// 0000.2 000 000 3.6e-021
05980 ///// ///// 0000.0 000 000 3.8e-021
NNNN
