WNDROBS 01.20
57793 0114.3600 027.7900 00130.0 LC 20130628021000
ROBS
00100 349.0 004.3 0000.7 100 100 3.6e-021
00160 326.0 004.8 0000.8 100 100 6.0e-020
00220 348.0 005.3 0000.6 100 100 1.2e-019
00280 349.0 006.1 0000.2 100 100 1.6e-019
00340 347.0 006.2 0000.2 100 100 1.4e-019
00400 337.0 006.4 -000.2 100 100 6.1e-020
00460 330.0 004.9 -000.1 100 100 1.7e-020
00520 334.0 003.4 -000.2 100 100 1.9e-020
00580 033.0 002.4 -000.0 100 100 1.7e-020
00640 291.0 002.6 -000.0 100 100 1.5e-020
00700 224.0 000.8 -000.0 100 100 8.6e-021
00760 234.0 001.2 -000.3 100 100 4.3e-020
00820 233.0 002.0 -000.2 100 100 5.8e-020
00880 232.0 002.4 -000.2 100 100 7.4e-020
00940 221.0 004.8 -000.4 100 100 4.7e-020
01000 219.0 005.4 -000.1 100 100 3.3e-020
01060 220.0 004.9 -000.2 100 100 1.7e-020
01120 225.0 005.2 0000.1 100 100 2.0e-020
01180 223.0 006.5 0000.2 100 100 4.7e-020
01240 226.0 007.0 0000.1 100 100 4.4e-020
01300 227.0 007.8 0000.5 100 100 2.1e-020
01360 226.0 008.9 0000.5 100 100 9.2e-021
01420 225.0 010.0 0000.4 100 100 6.7e-021
01480 227.0 011.6 0000.2 100 100 5.9e-021
01540 227.0 011.8 0000.3 100 100 6.6e-021
01600 229.0 012.5 0000.3 100 100 8.2e-021
01660 230.0 012.7 0000.1 100 100 1.3e-020
01720 229.0 012.8 0000.2 100 100 1.4e-020
01780 230.0 013.0 0000.4 100 100 9.5e-021
01840 230.0 013.4 -000.0 100 100 5.2e-021
01900 230.0 013.8 0000.0 100 100 6.8e-021
01960 229.0 013.7 0000.1 100 100 9.6e-021
02020 228.0 013.8 0000.2 100 100 9.0e-021
02080 227.0 013.3 -000.0 100 100 1.1e-020
02140 229.0 014.2 -000.1 100 100 1.3e-020
02200 230.0 014.4 0000.1 100 100 8.5e-021
02260 229.0 013.7 -000.1 100 100 1.3e-020
02320 227.0 013.5 -000.2 100 100 1.1e-020
02380 229.0 012.8 0000.3 100 100 1.0e-020
02440 227.0 011.8 0000.4 100 100 9.7e-021
02500 230.0 011.7 0000.5 100 100 7.0e-021
02560 231.0 011.9 0000.7 100 100 7.4e-021
02620 227.0 011.3 0000.4 100 100 7.5e-021
02680 217.0 009.3 0000.4 100 100 7.9e-021
02740 226.0 011.4 0000.5 100 100 9.2e-021
02800 227.0 011.1 0000.4 100 100 1.1e-020
02860 230.0 011.2 0000.2 100 100 7.8e-021
02920 229.0 011.9 0000.2 100 100 4.5e-021
02980 231.0 011.1 0000.0 100 100 5.8e-021
03040 233.0 011.4 0000.0 100 100 8.6e-021
03100 236.0 011.4 -001.1 100 100 5.0e-021
03160 234.0 011.8 0000.0 100 100 3.8e-021
03220 233.0 012.3 0000.0 100 100 4.3e-021
03280 232.0 012.6 0000.0 100 100 3.5e-021
03340 234.0 012.4 0001.3 100 100 6.2e-021
03400 217.0 009.1 0000.0 100 100 5.5e-021
03460 220.0 008.6 -000.3 100 100 6.2e-021
03520 224.0 008.0 0000.0 100 100 4.1e-021
03580 222.0 008.5 0000.0 100 100 1.0e-021
03640 231.0 007.5 0000.0 100 100 2.2e-021
03700 223.0 008.5 0000.0 100 100 1.1e-021
03760 212.0 003.8 0000.7 100 100 1.9e-021
03820 199.0 005.6 0000.5 100 100 3.5e-021
03880 ///// ///// 0000.0 000 000 1.9e-021
03940 199.0 005.5 -000.2 100 100 4.1e-021
04000 194.0 007.3 0000.2 100 100 3.5e-021
04060 199.0 005.8 0000.0 100 100 2.7e-021
04120 ///// ///// 0000.0 000 000 8.1e-022
04180 ///// ///// 0000.0 000 000 2.7e-021
04240 ///// ///// 0000.0 000 000 2.5e-021
04300 ///// ///// 0000.0 000 000 6.7e-022
04360 ///// ///// 0000.0 000 000 8.8e-022
04420 ///// ///// 0000.0 000 000 1.8e-021
04480 ///// ///// -000.9 000 000 3.3e-021
04540 ///// ///// 0000.0 000 000 2.4e-021
04600 ///// ///// 0000.0 000 000 9.3e-022
04660 ///// ///// 0000.0 000 000 1.3e-021
04720 ///// ///// 0000.0 000 000 3.0e-021
04780 ///// ///// 0000.0 000 000 1.0e-021
04840 ///// ///// 0000.0 000 000 1.5e-021
04900 ///// ///// 0000.1 000 000 3.4e-021
04960 ///// ///// -000.4 000 000 3.2e-021
05020 ///// ///// 0000.0 000 000 2.8e-021
05080 ///// ///// -001.4 000 000 1.3e-021
05140 ///// ///// 0000.0 000 000 3.1e-021
05200 ///// ///// 0000.0 000 000 3.5e-021
05260 ///// ///// 0000.0 000 000 1.5e-021
05320 ///// ///// 0000.0 000 000 1.7e-021
05380 ///// ///// -000.3 000 000 3.3e-021
05440 ///// ///// -000.8 000 000 3.5e-021
05500 ///// ///// 0000.0 000 000 1.7e-021
05560 ///// ///// -000.3 000 000 4.8e-021
05620 ///// ///// 0000.0 000 000 2.2e-021
05680 ///// ///// 0000.0 000 000 1.1e-021
05740 ///// ///// 0000.0 000 000 1.2e-021
05800 ///// ///// 0000.0 000 000 1.4e-021
05860 ///// ///// -001.2 000 000 4.9e-021
05920 ///// ///// 0000.0 000 000 3.7e-021
05980 ///// ///// 0000.0 000 000 3.3e-021
NNNN
