WNDROBS 01.20
57793 0114.3600 027.7900 00130.0 LC 20130628020000
ROBS
00100 350.0 003.5 0000.4 100 100 7.9e-021
00160 337.0 004.0 0000.7 100 100 7.0e-020
00220 333.0 004.5 0000.4 100 100 8.3e-020
00280 335.0 005.5 0000.3 100 100 5.8e-020
00340 325.0 003.8 0000.1 100 100 2.3e-020
00400 343.0 005.2 -000.0 100 100 5.1e-021
00460 347.0 003.2 0000.1 100 100 1.0e-020
00520 339.0 002.0 0000.2 100 100 2.7e-020
00580 350.0 003.1 0000.1 100 100 2.7e-020
00640 166.0 008.9 -000.0 100 100 1.7e-020
00700 160.0 004.2 0000.0 100 100 8.0e-020
00760 223.0 005.3 -000.1 100 100 4.0e-020
00820 216.0 005.6 -000.2 100 100 3.4e-020
00880 194.0 003.0 0002.2 100 100 6.8e-020
00940 194.0 003.0 0000.4 100 100 7.5e-020
01000 201.0 003.2 0000.2 100 100 1.1e-019
01060 203.0 004.7 0000.0 100 100 3.2e-020
01120 213.0 005.8 0000.1 100 100 6.2e-020
01180 218.0 007.0 0000.0 100 100 4.8e-020
01240 222.0 007.5 -000.2 100 100 3.4e-020
01300 227.0 009.2 -000.2 100 100 2.1e-020
01360 232.0 010.4 0002.3 100 100 8.4e-021
01420 232.0 011.5 0002.2 100 100 5.2e-021
01480 227.0 011.5 -000.1 100 100 6.4e-021
01540 226.0 011.6 -000.2 100 100 1.2e-020
01600 227.0 012.1 -000.1 100 100 1.0e-020
01660 229.0 012.1 0001.7 100 100 7.1e-021
01720 228.0 012.0 -000.1 100 100 9.5e-021
01780 230.0 012.3 -000.2 100 100 9.9e-021
01840 230.0 012.1 -000.3 100 100 1.2e-020
01900 233.0 012.2 -000.4 100 100 1.2e-020
01960 232.0 012.7 -000.4 100 100 1.3e-020
02020 233.0 012.7 -000.3 100 100 1.5e-020
02080 235.0 012.9 -000.2 100 100 1.8e-020
02140 236.0 012.7 -000.3 100 100 1.4e-020
02200 236.0 012.3 -000.5 100 100 1.2e-020
02260 233.0 011.8 -000.5 100 100 1.4e-020
02320 232.0 011.9 -000.3 100 100 2.0e-020
02380 232.0 012.6 -000.5 100 100 1.7e-020
02440 232.0 013.0 -000.4 100 100 1.2e-020
02500 234.0 013.0 -000.6 100 100 1.3e-020
02560 234.0 013.2 -000.6 100 100 1.1e-020
02620 233.0 012.9 0000.4 100 100 1.0e-020
02680 233.0 013.0 0000.7 100 100 9.6e-021
02740 235.0 013.1 0000.8 100 100 9.6e-021
02800 228.0 014.0 0000.5 100 100 8.1e-021
02860 228.0 014.3 0000.4 100 100 1.2e-020
02920 224.0 015.5 0000.4 100 100 1.8e-020
02980 236.0 013.1 0000.3 100 100 8.8e-021
03040 235.0 013.4 0000.4 100 100 7.7e-021
03100 234.0 013.3 0000.3 100 100 7.0e-021
03160 233.0 013.7 0000.0 100 100 6.3e-021
03220 231.0 012.4 -000.0 100 100 5.9e-021
03280 228.0 012.2 -000.1 100 100 6.0e-021
03340 228.0 012.7 0000.0 100 100 1.7e-021
03400 230.0 012.5 0000.0 100 100 1.3e-021
03460 230.0 012.2 0000.0 100 100 3.8e-021
03520 228.0 011.9 0000.0 100 100 3.9e-021
03580 227.0 011.7 -000.7 100 100 4.0e-021
03640 225.0 011.3 0000.0 100 100 1.2e-021
03700 232.0 010.9 0000.0 100 100 2.9e-021
03760 248.0 009.2 0000.0 100 100 9.6e-022
03820 ///// ///// 0000.4 000 000 2.4e-021
03880 ///// ///// 0000.0 000 000 1.5e-021
03940 ///// ///// 0000.0 000 000 8.0e-022
04000 ///// ///// 0000.0 000 000 2.1e-022
04060 ///// ///// 0000.0 000 000 7.0e-022
04120 ///// ///// 0000.0 000 000 2.3e-021
04180 ///// ///// 0000.0 000 000 2.2e-021
04240 ///// ///// 0000.0 000 000 1.8e-021
04300 ///// ///// 0000.0 000 000 6.9e-022
04360 ///// ///// -000.0 000 000 2.8e-021
04420 ///// ///// 0000.0 000 000 2.8e-021
04480 ///// ///// -000.6 000 000 3.5e-021
04540 ///// ///// 0000.0 000 000 1.1e-021
04600 ///// ///// 0000.0 000 000 2.3e-021
04660 ///// ///// 0000.0 000 000 3.0e-021
04720 ///// ///// 0000.0 000 000 1.7e-021
04780 ///// ///// 0000.0 000 000 2.5e-021
04840 ///// ///// 0000.0 000 000 1.2e-021
04900 ///// ///// -001.2 000 000 3.1e-021
04960 ///// ///// 0000.0 000 000 2.5e-021
05020 ///// ///// 0000.0 000 000 3.9e-021
05080 ///// ///// 0000.0 000 000 2.9e-021
05140 ///// ///// 0000.0 000 000 1.4e-021
05200 ///// ///// 0001.5 000 000 4.1e-021
05260 ///// ///// 0000.0 000 000 2.3e-021
05320 ///// ///// 0000.0 000 000 8.8e-022
05380 ///// ///// 0000.0 000 000 3.4e-021
05440 ///// ///// 0000.0 000 000 4.6e-021
05500 ///// ///// 0000.0 000 000 8.3e-022
05560 ///// ///// 0000.0 000 000 1.7e-021
05620 ///// ///// 0000.0 000 000 3.5e-021
05680 ///// ///// -000.3 000 000 6.0e-021
05740 ///// ///// 0000.0 000 000 5.1e-021
05800 ///// ///// 0000.0 000 000 1.3e-021
05860 ///// ///// 0000.0 000 000 5.0e-021
05920 ///// ///// 0000.0 000 000 5.1e-021
05980 ///// ///// 0000.0 000 000 5.2e-021
NNNN
