WNDROBS 01.20
57793 0114.3600 027.7900 00130.0 LC 20130629230500
ROBS
00100 139.0 005.3 -000.2 100 100 4.3e-021
00160 139.0 005.9 -000.2 100 100 9.4e-021
00220 145.0 005.4 -000.2 100 100 9.1e-021
00280 134.0 004.4 -000.3 100 100 3.6e-020
00340 149.0 004.1 -000.2 100 100 4.2e-020
00400 152.0 005.3 -000.2 100 100 8.1e-020
00460 148.0 005.3 -000.3 100 100 6.7e-020
00520 151.0 006.5 -000.4 100 100 2.0e-019
00580 158.0 007.3 -000.3 100 100 7.4e-019
00640 162.0 004.8 -000.5 100 100 3.6e-019
00700 166.0 002.4 -000.1 100 100 1.7e-019
00760 173.0 000.7 -000.2 100 100 5.6e-020
00820 202.0 001.0 0000.1 100 100 2.2e-020
00880 263.0 001.5 -000.3 100 100 1.8e-020
00940 237.0 001.2 -000.3 100 100 1.6e-020
01000 231.0 002.7 -000.3 100 100 8.3e-021
01060 220.0 002.8 0000.1 100 100 6.2e-021
01120 225.0 003.7 0000.1 100 100 5.9e-021
01180 224.0 003.9 0000.1 100 100 5.1e-021
01240 227.0 005.1 -000.2 100 100 3.8e-021
01300 228.0 006.7 -000.2 100 100 2.3e-021
01360 228.0 007.0 -000.4 100 100 3.4e-021
01420 220.0 008.1 -000.3 100 100 4.3e-021
01480 222.0 009.3 -000.2 100 100 4.6e-021
01540 224.0 011.2 -000.3 100 100 4.6e-021
01600 229.0 011.4 -000.3 100 100 7.3e-021
01660 232.0 012.4 -000.3 100 100 9.8e-021
01720 235.0 011.8 -000.7 100 100 7.7e-021
01780 229.0 011.5 -000.9 100 100 8.6e-021
01840 232.0 012.2 -000.7 100 100 7.5e-021
01900 238.0 012.8 -000.6 100 100 4.3e-021
01960 237.0 011.4 -000.7 100 100 2.4e-021
02020 234.0 011.0 -000.4 100 100 1.6e-021
02080 233.0 010.0 -000.5 100 100 2.3e-021
02140 231.0 009.7 -000.6 100 100 3.0e-021
02200 228.0 009.5 -000.6 100 100 2.2e-021
02260 223.0 008.7 -000.5 100 100 2.4e-021
02320 224.0 009.2 -000.3 100 100 1.9e-021
02380 215.0 008.5 -000.6 100 100 2.5e-021
02440 213.0 008.1 -000.2 100 100 5.2e-021
02500 211.0 008.5 -000.2 100 100 4.4e-021
02560 210.0 009.1 -000.2 100 100 3.9e-021
02620 218.0 005.9 -000.2 100 100 2.5e-021
02680 218.0 006.4 -000.4 100 100 3.6e-021
02740 198.0 008.2 -000.2 100 100 5.1e-021
02800 201.0 008.4 -000.2 100 100 1.0e-020
02860 201.0 008.5 -000.1 100 100 9.3e-021
02920 201.0 008.6 0000.0 100 100 7.9e-021
02980 200.0 008.3 0000.0 100 100 1.0e-020
03040 197.0 008.5 0000.0 100 100 4.0e-021
03100 200.0 009.0 0000.0 100 100 4.3e-021
03160 195.0 009.1 0000.0 100 100 5.9e-021
03220 197.0 008.5 0000.0 100 100 6.6e-022
03280 184.0 006.3 0000.0 100 100 2.0e-021
03340 190.0 007.1 0000.1 100 100 3.0e-021
03400 197.0 007.4 -000.1 100 100 4.2e-021
03460 204.0 008.0 0000.1 100 100 3.1e-021
03520 209.0 008.7 0000.0 100 100 2.9e-021
03580 210.0 008.6 -000.2 100 100 5.4e-021
03640 210.0 008.1 0000.0 100 100 1.2e-021
03700 210.0 008.8 0000.0 100 100 1.8e-021
03760 204.0 007.8 0000.0 100 100 4.6e-022
03820 200.0 007.6 0000.0 100 100 3.0e-021
03880 206.0 008.1 0000.0 100 100 3.0e-021
03940 190.0 008.2 0000.0 100 100 1.3e-022
04000 233.0 002.8 -000.5 100 100 2.5e-021
04060 230.0 004.4 -000.2 100 100 2.2e-021
04120 247.0 005.2 -000.1 100 100 4.1e-021
04180 234.0 006.5 -000.2 100 100 2.5e-021
04240 230.0 008.3 -000.1 100 100 5.8e-021
04300 237.0 007.9 -000.2 100 100 1.1e-020
04360 239.0 008.9 -000.2 100 100 1.8e-020
04420 241.0 009.2 0000.0 100 100 1.7e-020
04480 243.0 009.9 -000.1 100 100 1.7e-020
04540 244.0 010.3 -000.6 100 100 1.0e-020
04600 246.0 011.2 -000.3 100 100 9.0e-021
04660 251.0 010.7 0000.0 100 100 7.6e-021
04720 248.0 011.7 0000.2 100 100 1.3e-020
04780 248.0 011.5 -000.4 100 100 1.2e-020
04840 247.0 011.4 0000.0 100 100 2.3e-020
04900 243.0 010.7 -000.4 100 100 2.8e-020
04960 244.0 010.3 -000.2 100 100 2.5e-020
05020 246.0 011.3 -000.5 100 100 2.7e-020
05080 248.0 011.2 0000.0 100 100 1.4e-020
05140 245.0 010.6 -000.4 100 100 2.0e-020
05200 247.0 011.1 0000.0 100 100 1.9e-020
05260 241.0 010.5 0000.0 100 100 6.3e-021
05320 239.0 011.6 -001.2 100 100 6.7e-021
05380 ///// ///// 0000.0 000 000 4.2e-022
05440 ///// ///// 0000.0 000 000 3.4e-021
05500 ///// ///// 0000.0 000 000 4.0e-021
05560 ///// ///// 0000.0 000 000 4.9e-021
05620 ///// ///// 0000.0 000 000 4.4e-021
05680 ///// ///// 0000.0 000 000 3.7e-021
05740 ///// ///// 0000.0 000 000 5.2e-021
05800 ///// ///// 0000.0 000 000 2.8e-021
05860 ///// ///// 0000.0 000 000 1.3e-021
05920 ///// ///// 0000.0 000 000 6.7e-021
05980 ///// ///// 0001.4 000 000 3.6e-021
NNNN
