WNDROBS 01.20
57793 0114.3600 027.7900 00130.0 LC 20130629183500
ROBS
00100 136.0 005.4 -000.1 100 100 2.9e-021
00160 136.0 006.0 -000.1 100 100 6.4e-021
00220 119.0 004.2 -000.1 100 100 9.8e-021
00280 123.0 004.3 -000.2 100 100 1.1e-020
00340 132.0 003.9 -000.2 100 100 1.3e-020
00400 145.0 004.3 -000.3 100 100 1.8e-020
00460 147.0 005.0 -000.4 100 100 2.8e-020
00520 161.0 005.9 -000.2 100 100 3.4e-020
00580 163.0 007.1 -000.3 100 100 4.4e-020
00640 168.0 007.8 -000.2 100 100 3.9e-020
00700 175.0 007.7 -000.1 100 100 8.1e-020
00760 188.0 007.5 0000.0 100 100 1.1e-019
00820 191.0 007.1 0000.2 100 100 4.1e-020
00880 200.0 005.8 0000.3 100 100 1.9e-020
00940 205.0 005.0 0000.2 100 100 1.6e-020
01000 195.0 003.0 0001.3 100 100 1.4e-020
01060 214.0 003.5 0000.1 100 100 4.8e-021
01120 214.0 003.4 0000.1 100 100 8.3e-021
01180 215.0 003.8 0000.1 100 100 7.0e-021
01240 211.0 005.0 0000.0 100 100 3.3e-021
01300 223.0 004.4 -000.1 100 100 3.2e-021
01360 216.0 004.3 -000.1 100 100 2.4e-021
01420 211.0 005.1 0001.6 100 100 3.4e-021
01480 212.0 005.9 -000.1 100 100 4.4e-021
01540 210.0 005.1 -000.2 100 100 8.4e-021
01600 211.0 005.6 -000.3 100 100 1.6e-020
01660 213.0 006.7 -000.2 100 100 1.4e-020
01720 218.0 008.0 -000.3 100 100 1.5e-020
01780 220.0 009.5 -000.2 100 100 1.2e-020
01840 223.0 010.9 -000.2 100 100 6.8e-021
01900 225.0 010.3 -000.2 100 100 4.4e-021
01960 232.0 011.5 -000.3 100 100 5.3e-021
02020 229.0 009.6 -000.1 100 100 2.7e-021
02080 231.0 010.6 -000.3 100 100 2.6e-021
02140 232.0 010.2 -000.3 100 100 3.4e-021
02200 231.0 010.0 -000.7 100 100 3.4e-021
02260 237.0 010.3 -000.2 100 100 1.9e-021
02320 228.0 010.3 0001.3 100 100 2.3e-021
02380 225.0 008.8 0000.0 100 100 2.1e-021
02440 223.0 009.8 -000.2 100 100 3.3e-021
02500 226.0 009.3 -000.3 100 100 3.2e-021
02560 229.0 009.1 -000.4 100 100 3.9e-021
02620 233.0 009.1 -000.3 100 100 4.8e-021
02680 236.0 008.6 -000.4 100 100 9.6e-021
02740 238.0 008.9 -000.3 100 100 6.6e-021
02800 238.0 008.5 -000.2 100 100 6.0e-021
02860 233.0 007.2 -000.2 100 100 2.6e-021
02920 229.0 006.9 0000.0 100 100 3.8e-021
02980 225.0 008.0 0000.0 100 100 3.0e-021
03040 226.0 006.6 0000.4 100 100 3.0e-021
03100 217.0 007.8 -000.1 100 100 3.4e-021
03160 213.0 008.6 0000.0 100 100 3.3e-021
03220 212.0 008.8 -000.2 100 100 3.3e-021
03280 212.0 007.5 0000.0 100 100 2.8e-021
03340 206.0 010.4 0000.2 100 100 2.6e-021
03400 207.0 007.4 0000.0 100 100 2.3e-021
03460 201.0 007.0 0000.1 100 100 2.9e-021
03520 201.0 007.1 0000.0 100 100 8.3e-022
03580 201.0 007.2 0000.0 100 100 4.5e-021
03640 195.0 009.0 0000.1 100 100 3.1e-021
03700 198.0 008.5 0000.2 100 100 2.9e-021
03760 198.0 008.9 0000.0 100 100 3.0e-021
03820 196.0 009.8 0000.0 100 100 3.9e-021
03880 197.0 010.3 0000.2 100 100 2.0e-021
03940 189.0 009.4 0000.4 100 100 4.8e-021
04000 199.0 010.4 0000.0 100 100 7.3e-021
04060 198.0 011.3 0000.0 100 100 8.8e-021
04120 196.0 011.9 0000.0 100 100 3.2e-021
04180 ///// ///// 0000.0 000 000 8.1e-022
04240 ///// ///// 0000.0 000 000 1.8e-021
04300 ///// ///// 0000.0 000 000 1.9e-021
04360 ///// ///// 0000.0 000 000 2.7e-021
04420 ///// ///// 0000.0 000 000 2.3e-021
04480 ///// ///// 0000.0 000 000 2.7e-021
04540 ///// ///// -000.1 000 000 2.2e-021
04600 ///// ///// 0000.9 000 000 2.6e-021
04660 ///// ///// 0000.1 000 000 2.6e-021
04720 ///// ///// 0000.0 000 000 3.4e-021
04780 ///// ///// 0000.0 000 000 2.6e-021
04840 ///// ///// 0000.0 000 000 3.8e-021
04900 ///// ///// -000.1 000 000 1.4e-021
04960 ///// ///// -000.0 000 000 4.7e-021
05020 ///// ///// 0000.0 000 000 2.0e-021
05080 ///// ///// 0000.0 000 000 3.9e-021
05140 240.0 003.7 0000.3 100 100 5.9e-021
05200 228.0 004.3 -000.2 100 100 3.5e-021
05260 229.0 005.8 0000.2 100 100 4.3e-021
05320 224.0 004.7 -000.5 100 100 4.9e-021
05380 207.0 005.4 0000.0 100 100 5.6e-021
05440 ///// ///// 0000.0 000 000 3.7e-021
05500 ///// ///// 0000.0 000 000 6.0e-021
05560 ///// ///// 0000.0 000 000 5.5e-021
05620 ///// ///// 0000.0 000 000 1.9e-021
05680 ///// ///// 0000.0 000 000 5.3e-021
05740 ///// ///// 0000.4 000 000 4.7e-021
05800 ///// ///// 0000.0 000 000 2.7e-021
05860 ///// ///// 0000.0 000 000 5.7e-021
05920 ///// ///// 0000.0 000 000 3.3e-021
05980 ///// ///// -000.7 000 000 4.2e-021
NNNN
