WNDROBS 01.20
57793 0114.3600 027.7900 00130.0 LC 20130628055000
ROBS
00100 052.0 006.7 0002.9 100 100 5.1e-020
00160 052.0 007.4 0003.2 100 100 1.1e-019
00220 049.0 007.2 0003.1 100 100 9.6e-020
00280 044.0 010.0 0002.7 100 100 7.5e-020
00340 042.0 009.3 0002.5 100 100 8.2e-020
00400 048.0 007.9 0002.6 100 100 9.5e-020
00460 052.0 007.2 0002.6 100 100 9.0e-020
00520 061.0 006.7 0002.5 100 100 5.9e-020
00580 075.0 005.3 0002.3 100 100 5.2e-020
00640 080.0 004.4 0002.2 100 100 5.4e-020
00700 109.0 004.4 0002.2 100 100 4.6e-020
00760 141.0 005.7 0002.0 100 100 4.6e-020
00820 157.0 004.9 0000.6 100 100 5.0e-020
00880 192.0 004.7 0000.6 100 100 3.2e-020
00940 191.0 004.5 0000.8 100 100 2.8e-020
01000 187.0 006.9 0000.8 100 100 3.6e-020
01060 191.0 013.5 0000.4 100 100 2.3e-020
01120 197.0 015.0 0000.8 100 100 2.0e-020
01180 208.0 015.9 0000.8 100 100 1.2e-020
01240 211.0 016.7 0000.9 100 100 1.1e-020
01300 238.0 011.0 0000.9 100 100 1.2e-020
01360 226.0 022.1 0000.7 100 100 7.5e-021
01420 232.0 020.6 0000.4 100 100 1.1e-020
01480 233.0 021.4 0000.8 100 100 1.2e-020
01540 232.0 021.5 0000.3 100 100 7.8e-021
01600 229.0 021.5 0000.5 100 100 6.7e-021
01660 228.0 022.6 0000.2 100 100 6.8e-021
01720 227.0 021.8 0000.2 100 100 7.8e-021
01780 226.0 022.4 0000.2 100 100 6.0e-021
01840 225.0 023.0 0000.6 100 100 8.2e-021
01900 224.0 023.5 0001.0 100 100 8.0e-021
01960 224.0 023.5 0001.2 100 100 6.7e-021
02020 221.0 022.1 -000.1 100 100 8.5e-021
02080 ///// ///// -000.2 000 000 8.0e-021
02140 218.0 021.5 0000.1 100 100 8.2e-021
02200 225.0 019.1 0000.2 100 100 8.6e-021
02260 229.0 018.2 0000.1 100 100 1.0e-020
02320 229.0 018.0 -000.2 100 100 8.3e-021
02380 229.0 018.4 -000.2 100 100 8.1e-021
02440 231.0 021.0 0000.3 100 100 7.4e-021
02500 222.0 018.1 -000.7 100 100 5.6e-021
02560 217.0 018.7 -000.3 100 100 7.3e-021
02620 207.0 016.4 0000.0 100 100 4.3e-021
02680 204.0 016.9 0001.2 100 100 4.2e-021
02740 205.0 018.4 -000.1 100 100 6.8e-021
02800 ///// ///// -000.2 000 000 6.4e-021
02860 ///// ///// 0000.0 000 000 8.5e-021
02920 216.0 023.0 0006.4 100 100 9.4e-021
02980 223.0 020.2 0000.0 100 100 6.3e-021
03040 220.0 020.7 0000.0 100 100 4.2e-021
03100 ///// ///// 0006.0 000 000 6.4e-021
03160 217.0 020.1 0005.7 100 100 7.4e-021
03220 ///// ///// 0005.9 000 000 6.9e-021
03280 220.0 018.9 0005.5 100 100 6.3e-021
03340 219.0 018.7 0005.3 100 100 3.1e-021
03400 221.0 018.0 0005.1 100 100 8.6e-021
03460 217.0 017.1 0004.9 100 100 1.0e-020
03520 ///// ///// 0005.0 000 000 4.1e-021
03580 231.0 017.1 0005.2 100 100 1.3e-020
03640 ///// ///// 0004.9 000 000 1.1e-020
03700 ///// ///// 0005.0 000 000 1.2e-020
03760 ///// ///// 0005.1 000 000 1.5e-020
03820 ///// ///// 0005.0 000 000 1.3e-020
03880 ///// ///// 0004.8 000 000 1.3e-020
03940 ///// ///// 0004.9 000 000 1.4e-020
04000 231.0 020.6 0004.9 100 100 1.2e-020
04060 229.0 020.6 0004.7 100 100 1.4e-020
04120 224.0 019.2 0004.8 100 100 1.6e-020
04180 220.0 019.1 0005.0 100 100 1.3e-020
04240 224.0 021.6 0004.9 100 100 1.8e-020
04300 222.0 022.6 0004.9 100 100 8.8e-021
04360 219.0 022.3 0004.9 100 100 1.5e-020
04420 221.0 018.5 0004.9 100 100 1.2e-020
04480 216.0 018.5 0005.1 100 100 8.0e-021
04540 233.0 025.1 0004.8 100 100 1.0e-020
04600 233.0 025.2 0004.6 100 100 1.1e-020
04660 239.0 021.8 0004.7 100 100 9.4e-021
04720 223.0 020.8 0004.9 100 100 1.0e-020
04780 ///// ///// 0003.5 000 000 5.5e-021
04840 ///// ///// 0002.7 000 000 4.9e-021
04900 237.0 015.1 0004.6 100 100 4.9e-021
04960 244.0 020.0 0003.4 100 100 6.5e-021
05020 221.0 010.4 0002.5 100 100 4.1e-021
05080 ///// ///// 0002.3 000 000 5.0e-021
05140 223.0 013.3 0002.6 100 100 5.1e-021
05200 210.0 011.1 0002.6 100 100 4.8e-021
05260 194.0 011.7 0001.9 100 100 6.7e-021
05320 204.0 007.2 0001.4 100 100 6.7e-021
05380 253.0 012.9 0000.0 100 100 6.0e-021
05440 254.0 013.4 0000.0 100 100 5.4e-021
05500 251.0 014.8 0000.0 100 100 5.6e-021
05560 227.0 007.0 0000.0 100 100 2.3e-021
05620 207.0 005.0 -000.5 100 100 4.6e-021
05680 234.0 007.2 0000.0 100 100 5.0e-021
05740 165.0 003.3 -001.2 100 100 4.9e-021
05800 183.0 008.5 0000.0 100 100 5.7e-021
05860 223.0 003.5 0000.0 100 100 1.9e-021
05920 236.0 007.8 0001.4 100 100 2.3e-021
05980 229.0 008.3 0000.0 100 100 4.3e-021
NNNN
