WNDROBS 01.20
57793 0114.3600 027.7900 00130.0 LC 20130629162000
ROBS
00100 087.0 003.9 0000.7 100 100 1.2e-020
00160 087.0 004.4 0000.8 100 100 2.7e-020
00220 088.0 004.6 -000.1 100 100 2.7e-020
00280 097.0 004.8 -000.1 100 100 1.7e-020
00340 099.0 006.1 -000.0 100 100 1.0e-020
00400 117.0 004.8 0000.1 100 100 1.3e-020
00460 132.0 005.2 0000.2 100 100 4.8e-020
00520 151.0 006.6 0000.0 100 100 1.8e-020
00580 158.0 008.1 0000.1 100 100 4.8e-020
00640 164.0 008.3 -000.1 100 100 1.3e-019
00700 169.0 009.1 -000.1 100 100 1.0e-019
00760 177.0 009.8 -000.2 100 100 8.2e-020
00820 184.0 011.7 -000.2 100 100 6.6e-020
00880 185.0 012.6 -000.2 100 100 1.1e-019
00940 186.0 013.1 -000.2 100 100 9.1e-020
01000 189.0 013.1 0000.1 100 100 6.9e-020
01060 188.0 013.0 0000.1 100 100 3.2e-020
01120 190.0 012.3 0000.1 100 100 3.1e-020
01180 193.0 010.7 0000.1 100 100 2.7e-020
01240 197.0 010.1 0000.3 100 100 4.2e-020
01300 200.0 008.7 0000.3 100 100 5.3e-020
01360 206.0 007.9 0000.2 100 100 4.3e-020
01420 206.0 006.0 0000.2 100 100 3.4e-020
01480 213.0 005.7 0000.1 100 100 2.3e-020
01540 211.0 005.1 0000.5 100 100 1.8e-020
01600 215.0 006.2 0000.4 100 100 1.4e-020
01660 216.0 007.8 0000.2 100 100 7.7e-021
01720 212.0 007.9 0000.2 100 100 8.8e-021
01780 215.0 008.0 0000.2 100 100 7.9e-021
01840 218.0 008.5 0000.1 100 100 1.2e-020
01900 218.0 008.9 0000.1 100 100 1.0e-020
01960 224.0 010.1 -000.2 100 100 9.9e-021
02020 226.0 010.9 -000.0 100 100 7.7e-021
02080 229.0 010.7 -000.1 100 100 4.1e-021
02140 230.0 011.0 0000.1 100 100 3.1e-021
02200 226.0 009.9 -000.1 100 100 3.3e-021
02260 227.0 009.9 0001.0 100 100 3.4e-021
02320 230.0 009.7 0000.0 100 100 2.5e-021
02380 214.0 007.7 -000.4 100 100 2.3e-021
02440 236.0 008.0 0000.0 100 100 1.8e-021
02500 242.0 007.5 -000.4 100 100 2.0e-021
02560 242.0 006.7 0000.0 100 100 2.2e-021
02620 216.0 009.6 -000.1 100 100 3.8e-021
02680 237.0 007.1 -000.2 100 100 5.4e-021
02740 220.0 005.8 -000.2 100 100 6.6e-021
02800 228.0 007.0 0000.2 100 100 8.9e-021
02860 233.0 007.4 0000.1 100 100 6.1e-021
02920 234.0 007.7 0000.0 100 100 6.4e-021
02980 241.0 007.9 -000.3 100 100 7.6e-021
03040 239.0 008.3 -000.3 100 100 1.2e-020
03100 242.0 008.2 0000.1 100 100 7.1e-021
03160 239.0 008.8 0000.0 100 100 8.6e-021
03220 245.0 008.8 -000.1 100 100 6.6e-021
03280 239.0 008.2 -000.2 100 100 6.4e-021
03340 241.0 008.1 -000.3 100 100 8.1e-021
03400 245.0 008.0 -000.2 100 100 1.1e-020
03460 244.0 008.6 -000.5 100 100 1.2e-020
03520 246.0 008.4 0000.0 100 100 3.2e-021
03580 241.0 009.0 0000.0 100 100 5.6e-021
03640 224.0 008.3 0000.0 100 100 1.9e-021
03700 224.0 006.6 -000.1 100 100 3.0e-021
03760 218.0 004.6 -000.2 100 100 3.0e-021
03820 220.0 004.8 0000.0 100 100 1.2e-021
03880 214.0 005.2 0000.0 100 100 2.6e-021
03940 235.0 006.3 0000.0 100 100 1.3e-021
04000 213.0 004.7 -000.2 100 100 3.6e-021
04060 143.0 005.2 0000.0 100 100 1.8e-021
04120 215.0 006.6 0000.0 100 100 4.1e-021
04180 210.0 006.9 0000.0 100 100 6.1e-021
04240 197.0 008.2 0000.0 100 100 1.9e-021
04300 197.0 006.1 -000.4 100 100 3.8e-021
04360 ///// ///// -000.1 000 000 3.2e-021
04420 168.0 009.1 0000.0 100 100 2.4e-021
04480 ///// ///// 0000.0 000 000 1.5e-021
04540 ///// ///// -000.0 000 000 3.5e-021
04600 ///// ///// -000.7 000 000 3.9e-021
04660 ///// ///// -000.3 000 000 4.2e-021
04720 ///// ///// -000.1 000 000 4.5e-021
04780 ///// ///// -000.1 000 000 9.3e-022
04840 ///// ///// 0000.0 000 000 3.3e-022
04900 ///// ///// 0000.0 000 000 1.6e-021
04960 ///// ///// 0000.0 000 000 2.7e-021
05020 ///// ///// 0000.0 000 000 2.0e-021
05080 ///// ///// 0000.0 000 000 6.4e-022
05140 ///// ///// 0000.0 000 000 1.4e-021
05200 ///// ///// 0000.0 000 000 1.5e-021
05260 ///// ///// -000.5 000 000 3.9e-021
05320 ///// ///// 0000.3 000 000 5.1e-021
05380 ///// ///// 0000.0 000 000 1.3e-021
05440 ///// ///// 0000.0 000 000 3.0e-021
05500 ///// ///// 0000.0 000 000 4.2e-021
05560 ///// ///// 0000.0 000 000 6.0e-022
05620 ///// ///// 0000.0 000 000 2.5e-021
05680 ///// ///// 0000.0 000 000 2.6e-021
05740 ///// ///// 0000.0 000 000 4.4e-021
05800 ///// ///// 0000.0 000 000 4.5e-021
05860 ///// ///// 0000.0 000 000 1.9e-021
05920 ///// ///// -000.1 000 000 1.8e-021
05980 ///// ///// 0000.0 000 000 1.8e-021
NNNN
