WNDROBS 01.20
57793 0114.3600 027.7900 00130.0 LC 20130629192000
ROBS
00100 120.0 005.0 0001.4 100 100 4.2e-021
00160 120.0 005.6 0001.6 100 100 9.1e-021
00220 116.0 005.3 0002.0 100 100 3.3e-021
00280 114.0 004.1 -000.0 100 100 7.4e-021
00340 122.0 003.6 -000.1 100 100 1.1e-020
00400 146.0 003.3 -000.1 100 100 1.5e-020
00460 169.0 005.7 -000.6 100 100 7.7e-020
00520 167.0 007.8 -000.7 100 100 2.1e-019
00580 181.0 008.4 -000.6 100 100 1.0e-019
00640 191.0 008.4 -000.7 100 100 9.0e-020
00700 191.0 007.9 -000.6 100 100 7.3e-020
00760 196.0 008.0 -000.3 100 100 2.9e-020
00820 211.0 006.4 -000.2 100 100 1.3e-020
00880 198.0 003.8 -000.2 100 100 2.0e-020
00940 211.0 003.5 -000.3 100 100 1.8e-020
01000 213.0 004.0 0001.1 100 100 9.4e-021
01060 217.0 004.2 -000.3 100 100 4.1e-021
01120 215.0 004.6 -001.0 100 100 2.1e-021
01180 212.0 004.5 -001.4 100 100 9.9e-022
01240 204.0 006.0 0000.3 100 100 1.9e-021
01300 205.0 006.0 0000.2 100 100 2.0e-021
01360 211.0 006.8 0000.1 100 100 2.0e-021
01420 210.0 007.1 0000.2 100 100 1.9e-021
01480 210.0 007.1 -000.0 100 100 3.5e-021
01540 209.0 008.3 -000.1 100 100 3.2e-021
01600 212.0 009.1 -000.2 100 100 3.1e-021
01660 214.0 010.0 -000.1 100 100 5.2e-021
01720 219.0 011.0 -000.2 100 100 7.5e-021
01780 224.0 010.5 -000.4 100 100 3.9e-021
01840 222.0 010.4 -000.2 100 100 3.7e-021
01900 218.0 010.9 -000.1 100 100 3.3e-021
01960 208.0 008.3 0000.0 100 100 1.6e-021
02020 211.0 008.2 0000.3 100 100 1.4e-021
02080 229.0 006.0 0000.0 100 100 1.3e-021
02140 210.0 008.4 -000.3 100 100 2.2e-021
02200 200.0 011.7 -001.1 100 100 2.0e-021
02260 200.0 012.1 0000.0 100 100 1.5e-021
02320 202.0 011.0 0000.0 100 100 2.4e-021
02380 210.0 012.2 0000.0 100 100 2.6e-021
02440 208.0 011.4 0000.0 100 100 2.0e-021
02500 207.0 011.4 0000.0 100 100 2.2e-021
02560 205.0 011.3 0000.0 100 100 9.1e-022
02620 209.0 015.4 0000.0 100 100 6.1e-022
02680 200.0 014.4 0000.0 100 100 1.7e-021
02740 205.0 014.6 0000.0 100 100 1.9e-021
02800 201.0 013.0 -000.2 100 100 2.0e-021
02860 210.0 011.3 0000.0 100 100 1.5e-021
02920 217.0 009.0 0000.6 100 100 1.5e-021
02980 237.0 006.9 0000.0 100 100 1.3e-021
03040 237.0 008.1 0000.0 100 100 8.3e-022
03100 236.0 007.6 0000.7 100 100 1.1e-021
03160 233.0 008.4 0000.4 100 100 2.9e-021
03220 219.0 003.6 0000.0 100 100 1.2e-021
03280 231.0 006.8 0000.0 100 100 1.6e-021
03340 222.0 008.1 0000.1 100 100 2.2e-021
03400 230.0 009.3 0000.2 100 100 3.6e-021
03460 214.0 006.3 0000.2 100 100 2.3e-021
03520 226.0 007.7 0000.3 100 100 3.6e-021
03580 230.0 007.2 0000.5 100 100 4.6e-021
03640 215.0 010.1 0000.2 100 100 9.4e-021
03700 209.0 009.5 0000.3 100 100 1.0e-020
03760 208.0 009.8 0000.2 100 100 1.6e-020
03820 212.0 010.0 -000.0 100 100 1.4e-020
03880 209.0 009.9 0000.1 100 100 2.1e-020
03940 210.0 009.5 -000.3 100 100 6.9e-020
04000 210.0 010.3 -000.3 100 100 4.4e-020
04060 211.0 010.1 -000.3 100 100 1.3e-020
04120 209.0 011.0 0000.0 100 100 8.6e-021
04180 207.0 011.4 0000.2 100 100 1.8e-020
04240 189.0 010.1 0000.0 100 100 4.1e-021
04300 ///// ///// -001.3 000 000 4.0e-021
04360 ///// ///// 0000.0 000 000 2.5e-021
04420 ///// ///// 0000.0 000 000 2.6e-021
04480 ///// ///// -000.0 000 000 2.8e-021
04540 ///// ///// 0000.0 000 000 2.8e-021
04600 ///// ///// -000.8 000 000 2.8e-021
04660 ///// ///// 0000.0 000 000 2.9e-021
04720 ///// ///// 0000.0 000 000 4.1e-022
04780 ///// ///// -000.4 000 000 1.8e-021
04840 ///// ///// 0000.0 000 000 3.7e-021
04900 ///// ///// 0000.0 000 000 2.9e-021
04960 ///// ///// 0000.0 000 000 3.0e-021
05020 ///// ///// 0000.0 000 000 1.7e-021
05080 ///// ///// 0000.0 000 000 2.4e-021
05140 ///// ///// 0000.0 000 000 1.5e-021
05200 ///// ///// 0000.0 000 000 3.9e-021
05260 ///// ///// 0000.0 000 000 4.0e-021
05320 ///// ///// 0000.0 000 000 1.4e-021
05380 ///// ///// 0000.0 000 000 1.7e-021
05440 ///// ///// 0000.0 000 000 2.3e-021
05500 ///// ///// -000.2 000 000 4.8e-021
05560 ///// ///// -000.3 000 000 6.3e-021
05620 ///// ///// 0000.0 000 000 2.0e-021
05680 ///// ///// 0000.0 000 000 1.9e-021
05740 ///// ///// 0000.0 000 000 4.6e-021
05800 ///// ///// 0000.0 000 000 1.7e-021
05860 ///// ///// 0000.0 000 000 2.0e-021
05920 ///// ///// -001.2 000 000 5.5e-021
05980 ///// ///// 0000.0 000 000 2.6e-021
NNNN
