WNDROBS 01.20
57793 0114.3600 027.7900 00130.0 LC 20130629065000
ROBS
00100 095.0 003.9 0000.1 100 100 2.6e-021
00160 099.0 002.9 -000.0 100 100 8.2e-021
00220 105.0 004.2 0000.1 100 100 3.0e-021
00280 134.0 002.3 0000.2 100 100 3.0e-021
00340 127.0 002.8 0000.2 100 100 4.0e-021
00400 127.0 003.0 0000.4 100 100 3.6e-021
00460 125.0 003.8 0000.5 100 100 5.3e-021
00520 124.0 004.2 0000.4 100 100 4.6e-021
00580 146.0 007.8 0000.4 100 100 4.1e-021
00640 228.0 009.6 0000.3 100 100 1.4e-020
00700 228.0 009.1 0000.3 100 100 1.7e-020
00760 232.0 009.2 0000.3 100 100 2.7e-020
00820 234.0 007.7 -000.0 100 100 2.1e-020
00880 243.0 008.0 0000.9 100 100 1.1e-020
00940 235.0 005.7 0000.8 100 100 7.6e-021
01000 245.0 008.6 -000.0 100 100 1.0e-020
01060 204.0 003.3 -000.1 100 100 6.4e-021
01120 223.0 003.9 -000.0 100 100 9.3e-021
01180 234.0 004.9 -000.3 100 100 4.2e-021
01240 233.0 005.7 -000.0 100 100 4.6e-021
01300 231.0 006.4 0000.0 100 100 1.6e-020
01360 231.0 007.3 0000.1 100 100 1.3e-020
01420 231.0 007.6 -000.0 100 100 4.7e-021
01480 233.0 009.4 -001.0 100 100 2.5e-021
01540 229.0 008.5 -000.1 100 100 2.1e-021
01600 232.0 010.0 -000.1 100 100 3.5e-021
01660 228.0 009.7 0000.1 100 100 1.8e-020
01720 231.0 010.4 0000.1 100 100 4.8e-020
01780 235.0 010.6 -000.1 100 100 5.8e-020
01840 238.0 011.1 -000.0 100 100 3.2e-020
01900 242.0 011.9 0000.0 100 100 1.0e-020
01960 248.0 011.8 0000.1 100 100 4.7e-021
02020 249.0 012.8 0000.3 100 100 6.5e-021
02080 254.0 012.6 0000.3 100 100 7.6e-021
02140 253.0 013.5 0000.4 100 100 8.9e-021
02200 250.0 014.7 0000.2 100 100 4.4e-021
02260 250.0 014.8 0000.0 100 100 4.0e-021
02320 251.0 014.4 0000.3 100 100 2.4e-021
02380 244.0 010.4 -000.1 100 100 1.9e-021
02440 252.0 014.5 0000.0 100 100 1.5e-021
02500 261.0 014.9 0000.0 100 100 1.7e-021
02560 260.0 013.4 0000.0 100 100 2.5e-021
02620 266.0 011.6 0000.0 100 100 2.1e-021
02680 261.0 008.0 0000.0 100 100 1.1e-021
02740 267.0 008.1 0000.3 100 100 1.3e-021
02800 267.0 008.8 0000.0 100 100 1.2e-021
02860 267.0 005.9 0000.0 100 100 5.0e-022
02920 267.0 004.4 0000.3 100 100 1.5e-021
02980 214.0 003.8 0000.2 100 100 2.1e-021
03040 239.0 005.5 -000.2 100 100 1.8e-021
03100 267.0 004.3 -001.1 100 100 5.5e-022
03160 214.0 004.3 0000.0 100 100 5.0e-022
03220 239.0 005.2 0000.6 100 100 1.8e-021
03280 275.0 004.9 0000.0 100 100 1.9e-021
03340 214.0 003.6 0000.0 100 100 7.6e-022
03400 239.0 004.1 0000.0 100 100 5.7e-022
03460 275.0 005.1 0000.2 100 100 2.3e-021
03520 214.0 005.6 0000.0 100 100 6.2e-022
03580 239.0 006.8 -000.7 100 100 2.5e-021
03640 275.0 005.6 0000.1 100 100 2.2e-021
03700 214.0 005.9 0000.4 100 100 7.7e-022
03760 239.0 007.3 0000.0 100 100 7.0e-022
03820 ///// ///// -001.2 000 000 2.1e-021
03880 214.0 006.1 0000.0 100 100 2.0e-021
03940 ///// ///// 0000.0 000 000 2.3e-021
04000 ///// ///// -001.1 000 000 2.0e-021
04060 ///// ///// 0000.0 000 000 1.4e-021
04120 ///// ///// 0000.2 000 000 2.9e-021
04180 275.0 006.2 0000.4 100 100 2.8e-021
04240 ///// ///// 0000.0 000 000 8.4e-022
04300 ///// ///// 0000.0 000 000 2.2e-021
04360 ///// ///// 0000.0 000 000 2.6e-021
04420 ///// ///// 0000.0 000 000 9.7e-022
04480 ///// ///// 0000.0 000 000 2.6e-021
04540 ///// ///// 0000.0 000 000 2.9e-021
04600 ///// ///// 0000.0 000 000 1.2e-021
04660 ///// ///// 0000.0 000 000 1.3e-021
04720 ///// ///// 0000.0 000 000 2.9e-021
04780 ///// ///// 0000.0 000 000 9.5e-022
04840 ///// ///// -000.3 000 000 1.9e-021
04900 ///// ///// -000.9 000 000 1.2e-021
04960 ///// ///// 0000.0 000 000 7.8e-022
05020 ///// ///// 0000.6 000 000 3.2e-021
05080 ///// ///// 0000.0 000 000 3.1e-021
05140 ///// ///// -000.1 000 000 3.4e-021
05200 ///// ///// 0000.1 000 000 4.1e-021
05260 ///// ///// 0000.0 000 000 1.9e-021
05320 ///// ///// 0000.0 000 000 4.6e-022
05380 ///// ///// 0000.0 000 000 3.6e-021
05440 ///// ///// 0000.0 000 000 3.7e-021
05500 ///// ///// -000.6 000 000 5.0e-021
05560 ///// ///// 0000.0 000 000 4.5e-021
05620 ///// ///// 0000.1 000 000 5.1e-021
05680 ///// ///// 0000.1 000 000 4.0e-021
05740 ///// ///// 0000.2 000 000 7.4e-021
05800 ///// ///// -000.0 000 000 4.1e-021
05860 ///// ///// -000.0 000 000 5.7e-021
05920 ///// ///// 0000.2 000 000 5.9e-021
05980 ///// ///// -000.0 000 000 4.9e-021
NNNN
