WNDROBS 01.20
57793 0114.3600 027.7900 00130.0 LC 20130629052000
ROBS
00100 180.0 004.0 -000.4 100 100 2.2e-021
00160 180.0 004.4 -000.5 100 100 6.6e-021
00220 180.0 004.9 -000.6 100 100 7.6e-021
00280 172.0 006.8 -000.6 100 100 6.5e-021
00340 151.0 006.6 -000.7 100 100 6.2e-021
00400 142.0 008.7 -000.9 100 100 5.8e-021
00460 136.0 007.4 -000.1 100 100 5.1e-021
00520 152.0 008.0 -000.4 100 100 1.1e-020
00580 195.0 010.5 -000.4 100 100 3.6e-020
00640 198.0 012.2 -000.7 100 100 9.3e-020
00700 203.0 012.6 -000.6 100 100 5.9e-020
00760 205.0 012.6 -000.5 100 100 5.2e-020
00820 215.0 013.1 -000.6 100 100 5.2e-020
00880 222.0 013.9 0002.4 100 100 3.8e-020
00940 201.0 012.1 -000.4 100 100 7.5e-020
01000 206.0 013.1 -000.4 100 100 1.0e-019
01060 206.0 013.6 -000.4 100 100 3.9e-020
01120 209.0 014.6 0002.5 100 100 2.5e-020
01180 209.0 015.4 -000.3 100 100 3.0e-020
01240 210.0 016.2 0002.3 100 100 1.6e-020
01300 213.0 016.7 0002.5 100 100 1.0e-020
01360 213.0 016.8 0002.6 100 100 1.0e-020
01420 215.0 017.0 0002.6 100 100 1.1e-020
01480 218.0 017.1 -000.1 100 100 2.1e-020
01540 219.0 017.9 0002.5 100 100 1.5e-020
01600 230.0 022.2 0002.3 100 100 1.6e-020
01660 232.0 022.3 0002.2 100 100 9.3e-021
01720 233.0 022.4 0002.4 100 100 8.5e-021
01780 235.0 021.8 0002.5 100 100 6.7e-021
01840 232.0 021.1 0001.0 100 100 8.7e-021
01900 235.0 020.9 0002.3 100 100 8.3e-021
01960 235.0 021.2 0002.2 100 100 1.2e-020
02020 236.0 022.2 0002.1 100 100 1.4e-020
02080 236.0 022.4 0001.9 100 100 9.8e-021
02140 235.0 023.1 0001.5 100 100 1.1e-020
02200 234.0 022.8 0002.1 100 100 9.6e-021
02260 235.0 022.0 0001.9 100 100 1.1e-020
02320 236.0 021.4 0001.2 100 100 1.2e-020
02380 235.0 021.6 0000.0 100 100 1.1e-020
02440 235.0 021.8 0000.0 100 100 8.0e-021
02500 236.0 023.3 0000.0 100 100 4.4e-021
02560 243.0 021.8 -001.3 100 100 3.2e-021
02620 243.0 020.9 0000.0 100 100 3.4e-021
02680 244.0 013.5 0000.8 100 100 2.7e-021
02740 239.0 020.4 0000.0 100 100 2.4e-021
02800 238.0 020.7 0000.0 100 100 1.1e-021
02860 232.0 020.7 0000.0 100 100 3.9e-021
02920 227.0 019.8 0000.0 100 100 4.5e-021
02980 237.0 016.7 0000.2 100 100 8.1e-021
03040 237.0 016.6 0000.0 100 100 6.6e-021
03100 238.0 016.8 0000.0 100 100 7.4e-021
03160 239.0 016.9 0000.4 100 100 1.0e-020
03220 234.0 014.5 0000.0 100 100 5.6e-021
03280 228.0 012.2 0000.0 100 100 3.7e-021
03340 216.0 009.7 0000.0 100 100 4.0e-021
03400 183.0 007.7 0000.0 100 100 3.5e-021
03460 186.0 007.5 0000.6 100 100 3.9e-021
03520 230.0 012.9 0000.0 100 100 5.2e-021
03580 235.0 014.9 -000.1 100 100 5.8e-021
03640 222.0 010.8 0000.0 100 100 2.2e-021
03700 221.0 011.0 -000.0 100 100 6.3e-021
03760 220.0 010.5 -000.3 100 100 9.9e-021
03820 ///// ///// -000.2 000 000 9.5e-021
03880 239.0 008.0 0000.0 100 100 5.9e-021
03940 231.0 008.4 0000.0 100 100 4.5e-021
04000 252.0 007.5 0003.8 100 100 6.9e-021
04060 224.0 008.7 0003.6 100 100 7.2e-021
04120 ///// ///// 0003.8 000 000 6.6e-021
04180 ///// ///// 0000.0 000 000 3.2e-021
04240 ///// ///// 0003.6 000 000 4.3e-021
04300 ///// ///// 0003.5 000 000 1.2e-021
04360 ///// ///// 0003.0 000 000 4.2e-021
04420 ///// ///// 0002.9 000 000 1.6e-021
04480 ///// ///// 0000.0 000 000 3.6e-021
04540 ///// ///// 0002.9 000 000 3.6e-021
04600 ///// ///// 0003.0 000 000 6.6e-021
04660 ///// ///// 0000.0 000 000 1.6e-021
04720 ///// ///// 0000.0 000 000 3.7e-021
04780 ///// ///// 0000.0 000 000 2.5e-021
04840 ///// ///// 0000.0 000 000 3.7e-021
04900 ///// ///// 0000.0 000 000 3.2e-021
04960 ///// ///// 0000.0 000 000 1.4e-021
05020 ///// ///// 0000.1 000 000 3.8e-021
05080 ///// ///// 0000.0 000 000 3.3e-021
05140 ///// ///// 0000.0 000 000 2.4e-021
05200 ///// ///// 0000.0 000 000 3.0e-021
05260 ///// ///// 0000.0 000 000 5.3e-021
05320 ///// ///// 0000.0 000 000 4.1e-021
05380 ///// ///// -006.7 000 000 5.1e-021
05440 ///// ///// 0000.0 000 000 4.2e-021
05500 ///// ///// 0000.0 000 000 5.0e-021
05560 ///// ///// 0000.0 000 000 5.5e-021
05620 ///// ///// -000.5 000 000 5.5e-021
05680 ///// ///// 0000.0 000 000 1.3e-021
05740 ///// ///// 0000.0 000 000 3.7e-021
05800 ///// ///// 0000.0 000 000 1.8e-021
05860 ///// ///// 0000.0 000 000 5.1e-021
05920 ///// ///// 0000.0 000 000 5.4e-021
05980 ///// ///// 0000.0 000 000 3.4e-021
NNNN
