WNDROBS 01.20
57793 0114.3600 027.7900 00130.0 LC 20130629072500
ROBS
00100 017.0 004.2 0000.4 100 100 4.1e-021
00160 017.0 004.3 0000.5 100 100 8.9e-021
00220 014.0 003.6 0000.3 100 100 4.5e-021
00280 104.0 002.3 0000.1 100 100 7.3e-021
00340 106.0 002.5 0000.1 100 100 7.6e-021
00400 108.0 003.0 0000.2 100 100 5.9e-021
00460 106.0 003.9 0000.1 100 100 6.3e-021
00520 125.0 003.5 0000.2 100 100 9.8e-021
00580 162.0 003.6 0000.1 100 100 1.1e-020
00640 165.0 005.0 0000.1 100 100 2.7e-020
00700 168.0 006.3 0000.2 100 100 3.4e-020
00760 176.0 006.5 0000.2 100 100 1.4e-019
00820 184.0 005.3 0000.1 100 100 8.1e-020
00880 191.0 004.7 0000.1 100 100 3.7e-020
00940 201.0 003.8 0000.2 100 100 4.5e-020
01000 204.0 003.9 0000.1 100 100 6.4e-020
01060 206.0 004.0 0000.0 100 100 3.1e-020
01120 219.0 004.5 0000.1 100 100 2.3e-020
01180 227.0 005.4 -000.1 100 100 2.1e-020
01240 226.0 005.7 -000.1 100 100 1.4e-020
01300 229.0 006.8 -000.2 100 100 1.7e-020
01360 231.0 007.9 -000.2 100 100 1.8e-020
01420 232.0 008.9 -000.1 100 100 1.9e-020
01480 231.0 009.8 0000.0 100 100 1.4e-020
01540 232.0 010.5 0000.0 100 100 1.2e-020
01600 235.0 010.8 -000.1 100 100 1.4e-020
01660 235.0 011.5 -000.2 100 100 1.7e-020
01720 238.0 011.5 -000.3 100 100 1.2e-020
01780 241.0 011.4 -000.3 100 100 4.0e-021
01840 237.0 009.7 -000.1 100 100 3.0e-021
01900 242.0 012.4 -000.2 100 100 3.0e-021
01960 244.0 010.8 -000.1 100 100 3.0e-021
02020 239.0 010.4 -000.5 100 100 3.9e-021
02080 239.0 010.3 -000.4 100 100 2.3e-021
02140 243.0 011.1 -000.3 100 100 3.7e-021
02200 242.0 011.5 -000.8 100 100 5.3e-021
02260 243.0 013.0 -000.4 100 100 5.5e-021
02320 244.0 012.5 -000.3 100 100 7.4e-021
02380 247.0 014.0 -000.2 100 100 5.5e-021
02440 246.0 011.5 0000.0 100 100 1.6e-021
02500 235.0 008.5 0000.0 100 100 2.3e-021
02560 239.0 009.7 0000.0 100 100 1.9e-021
02620 236.0 014.5 0000.0 100 100 2.6e-021
02680 241.0 013.2 0000.3 100 100 1.7e-021
02740 237.0 013.7 0000.1 100 100 2.1e-021
02800 238.0 013.7 0000.1 100 100 3.0e-021
02860 241.0 013.4 0000.0 100 100 1.2e-021
02920 238.0 012.5 0000.6 100 100 4.1e-021
02980 238.0 012.7 0000.8 100 100 2.9e-021
03040 240.0 012.7 0000.0 100 100 2.5e-021
03100 236.0 012.3 0000.0 100 100 2.2e-021
03160 239.0 012.0 0000.0 100 100 2.8e-021
03220 239.0 012.2 0000.0 100 100 2.7e-021
03280 239.0 012.3 0000.0 100 100 1.4e-021
03340 243.0 012.0 0000.0 100 100 2.8e-021
03400 210.0 006.2 0000.0 100 100 1.4e-021
03460 235.0 011.2 0000.0 100 100 2.2e-021
03520 238.0 010.9 0000.0 100 100 2.7e-021
03580 248.0 017.8 0000.0 100 100 2.0e-021
03640 ///// ///// 0000.0 000 000 9.8e-022
03700 ///// ///// 0000.0 000 000 1.0e-021
03760 ///// ///// 0000.0 000 000 7.3e-022
03820 ///// ///// 0000.0 000 000 2.5e-021
03880 ///// ///// 0000.0 000 000 5.8e-022
03940 ///// ///// 0000.0 000 000 2.0e-021
04000 ///// ///// 0000.0 000 000 7.7e-022
04060 ///// ///// -001.1 000 000 1.5e-021
04120 ///// ///// 0000.0 000 000 9.2e-022
04180 ///// ///// -000.9 000 000 2.0e-021
04240 ///// ///// 0000.0 000 000 2.2e-021
04300 ///// ///// 0000.0 000 000 2.2e-021
04360 ///// ///// 0000.0 000 000 1.6e-021
04420 ///// ///// 0000.0 000 000 1.9e-021
04480 ///// ///// 0000.0 000 000 3.0e-021
04540 ///// ///// 0000.0 000 000 1.2e-021
04600 ///// ///// 0000.0 000 000 3.9e-022
04660 ///// ///// 0000.0 000 000 2.7e-021
04720 ///// ///// 0000.0 000 000 2.1e-021
04780 ///// ///// 0000.0 000 000 8.3e-022
04840 ///// ///// 0000.0 000 000 3.6e-021
04900 ///// ///// 0000.0 000 000 1.0e-021
04960 ///// ///// 0000.0 000 000 1.2e-021
05020 ///// ///// 0000.0 000 000 9.5e-022
05080 ///// ///// 0000.0 000 000 3.1e-021
05140 ///// ///// 0000.0 000 000 3.0e-021
05200 ///// ///// 0000.0 000 000 1.8e-021
05260 ///// ///// 0000.0 000 000 1.6e-021
05320 ///// ///// 0000.0 000 000 1.4e-021
05380 ///// ///// 0000.0 000 000 2.4e-021
05440 ///// ///// 0000.0 000 000 1.3e-021
05500 ///// ///// 0000.0 000 000 1.2e-021
05560 ///// ///// 0000.0 000 000 1.0e-021
05620 ///// ///// -001.3 000 000 4.2e-021
05680 ///// ///// 0000.0 000 000 1.5e-021
05740 ///// ///// 0000.0 000 000 1.7e-021
05800 ///// ///// 0000.0 000 000 4.6e-021
05860 ///// ///// 0000.0 000 000 2.0e-021
05920 ///// ///// 0000.0 000 000 1.5e-021
05980 ///// ///// 0000.0 000 000 3.1e-021
NNNN
