WNDROBS 01.20
57793 0114.3600 027.7900 00130.0 LC 20130629124500
ROBS
00100 087.0 005.7 0000.2 100 100 5.4e-021
00160 087.0 006.0 0000.2 100 100 1.7e-020
00220 096.0 005.8 0000.2 100 100 1.2e-020
00280 099.0 006.2 0000.2 100 100 1.3e-020
00340 112.0 006.3 0000.1 100 100 1.6e-020
00400 118.0 005.6 0000.3 100 100 3.0e-020
00460 125.0 006.1 0000.4 100 100 3.2e-020
00520 141.0 007.3 0000.4 100 100 6.5e-020
00580 150.0 008.3 0000.3 100 100 1.1e-020
00640 160.0 009.5 0000.0 100 100 1.1e-020
00700 165.0 010.1 0000.1 100 100 9.1e-021
00760 166.0 011.7 0000.0 100 100 7.5e-021
00820 168.0 011.7 0000.1 100 100 1.3e-020
00880 174.0 012.5 0000.1 100 100 4.8e-020
00940 173.0 012.6 0000.1 100 100 4.1e-020
01000 174.0 011.7 -000.0 100 100 2.8e-020
01060 161.0 011.8 0000.1 100 100 7.7e-021
01120 169.0 009.3 0000.2 100 100 7.8e-021
01180 170.0 008.1 -000.1 100 100 1.4e-020
01240 183.0 007.2 0000.0 100 100 2.8e-020
01300 185.0 007.0 0000.0 100 100 4.6e-020
01360 186.0 006.6 0000.0 100 100 3.4e-020
01420 192.0 006.0 0000.2 100 100 2.8e-020
01480 197.0 005.1 0000.0 100 100 2.2e-020
01540 204.0 005.3 0000.2 100 100 2.1e-020
01600 209.0 005.6 -000.0 100 100 1.2e-020
01660 218.0 005.9 -000.1 100 100 1.1e-020
01720 213.0 006.4 -000.3 100 100 9.4e-021
01780 213.0 007.3 -000.2 100 100 1.0e-020
01840 215.0 007.6 -000.2 100 100 1.1e-020
01900 223.0 007.6 -000.2 100 100 7.5e-021
01960 221.0 007.9 -000.2 100 100 6.8e-021
02020 222.0 008.2 -000.5 100 100 5.1e-021
02080 222.0 008.9 -000.2 100 100 3.6e-021
02140 219.0 009.1 -000.3 100 100 3.0e-021
02200 219.0 010.5 -000.3 100 100 2.4e-021
02260 226.0 012.3 -000.2 100 100 2.5e-021
02320 222.0 013.7 -000.6 100 100 4.5e-021
02380 225.0 013.1 0000.3 100 100 2.8e-021
02440 221.0 013.4 -000.0 100 100 3.3e-021
02500 227.0 012.2 -000.7 100 100 3.6e-021
02560 225.0 013.5 -000.4 100 100 7.8e-021
02620 228.0 013.8 -000.2 100 100 8.5e-021
02680 229.0 013.3 0000.0 100 100 3.7e-021
02740 227.0 013.6 0000.0 100 100 3.1e-021
02800 228.0 013.5 -000.1 100 100 3.2e-021
02860 228.0 013.8 0000.0 100 100 2.8e-021
02920 222.0 012.4 0002.6 100 100 5.1e-021
02980 221.0 012.6 -000.4 100 100 4.7e-021
03040 231.0 011.7 0000.0 100 100 1.5e-021
03100 236.0 011.3 0000.0 100 100 3.9e-021
03160 238.0 010.6 0000.0 100 100 3.1e-021
03220 247.0 010.1 -000.1 100 100 1.3e-021
03280 253.0 009.9 -001.2 100 100 1.5e-021
03340 256.0 009.5 0000.0 100 100 3.8e-021
03400 257.0 009.6 0000.0 100 100 4.0e-021
03460 266.0 008.6 0000.0 100 100 2.1e-021
03520 255.0 008.7 0000.0 100 100 2.3e-021
03580 264.0 008.6 0000.0 100 100 9.0e-022
03640 085.0 003.1 0000.0 100 100 7.9e-022
03700 ///// ///// 0000.0 000 000 6.7e-022
03760 ///// ///// 0000.0 000 000 2.9e-022
03820 ///// ///// 0000.0 000 000 1.6e-021
03880 070.0 004.2 0000.0 100 100 2.1e-021
03940 087.0 004.6 0000.0 100 100 2.9e-022
04000 ///// ///// 0000.0 000 000 6.5e-022
04060 ///// ///// 0000.0 000 000 7.0e-022
04120 ///// ///// 0000.0 000 000 1.5e-021
04180 ///// ///// 0000.0 000 000 3.4e-022
04240 ///// ///// 0000.0 000 000 2.7e-021
04300 ///// ///// 0000.0 000 000 2.7e-021
04360 ///// ///// -000.3 000 000 2.7e-021
04420 ///// ///// 0000.0 000 000 3.6e-021
04480 ///// ///// 0000.0 000 000 3.1e-021
04540 ///// ///// 0001.8 000 000 1.2e-021
04600 ///// ///// 0000.0 000 000 2.7e-021
04660 ///// ///// 0000.0 000 000 3.3e-021
04720 ///// ///// -000.1 000 000 4.4e-021
04780 ///// ///// 0000.0 000 000 2.5e-021
04840 ///// ///// 0000.0 000 000 2.7e-022
04900 ///// ///// 0000.0 000 000 2.9e-021
04960 ///// ///// -000.2 000 000 3.6e-021
05020 ///// ///// 0000.7 000 000 4.4e-021
05080 ///// ///// 0000.0 000 000 4.1e-021
05140 ///// ///// 0000.0 000 000 3.9e-021
05200 ///// ///// 0000.0 000 000 1.3e-021
05260 ///// ///// 0000.3 000 000 4.3e-021
05320 ///// ///// 0000.0 000 000 1.5e-021
05380 ///// ///// 0000.0 000 000 3.0e-021
05440 ///// ///// 0000.0 000 000 3.0e-021
05500 ///// ///// 0000.0 000 000 3.9e-021
05560 ///// ///// 0000.0 000 000 5.7e-021
05620 ///// ///// 0000.0 000 000 2.9e-021
05680 ///// ///// 0001.2 000 000 3.2e-021
05740 ///// ///// 0000.0 000 000 4.3e-021
05800 ///// ///// 0000.0 000 000 1.1e-021
05860 ///// ///// 0000.0 000 000 2.4e-021
05920 ///// ///// 0000.1 000 000 3.8e-021
05980 ///// ///// 0000.4 000 000 6.4e-021
NNNN
