WNDROBS 01.20
57793 0114.3600 027.7900 00130.0 LC 20130629063000
ROBS
00100 157.0 002.8 -001.0 100 100 9.3e-022
00160 157.0 003.2 0000.1 100 100 3.6e-021
00220 154.0 003.1 0000.1 100 100 2.1e-021
00280 129.0 001.8 0000.1 100 100 4.2e-021
00340 142.0 002.7 0000.0 100 100 4.3e-021
00400 125.0 003.9 0000.2 100 100 3.8e-021
00460 126.0 004.2 -000.0 100 100 9.4e-021
00520 136.0 004.2 -000.3 100 100 9.2e-021
00580 163.0 005.2 -000.1 100 100 5.8e-020
00640 171.0 005.5 -000.1 100 100 5.6e-020
00700 166.0 004.5 0000.1 100 100 1.5e-020
00760 175.0 004.4 -000.0 100 100 1.6e-020
00820 183.0 004.5 0000.3 100 100 4.2e-020
00880 210.0 004.0 0000.1 100 100 2.2e-020
00940 251.0 007.6 0001.3 100 100 1.1e-020
01000 245.0 009.1 -000.0 100 100 1.3e-020
01060 225.0 006.1 -000.1 100 100 4.4e-021
01120 225.0 007.2 -000.1 100 100 8.6e-021
01180 228.0 008.1 -000.1 100 100 1.5e-020
01240 228.0 008.9 -000.1 100 100 9.6e-021
01300 225.0 009.9 -000.1 100 100 3.2e-021
01360 223.0 009.6 0000.1 100 100 2.7e-021
01420 227.0 009.8 0000.1 100 100 2.5e-021
01480 227.0 009.3 0000.1 100 100 6.0e-021
01540 229.0 010.2 0000.2 100 100 1.3e-020
01600 232.0 011.0 0000.3 100 100 1.8e-020
01660 232.0 011.7 0000.4 100 100 1.1e-020
01720 237.0 011.7 0000.2 100 100 7.6e-021
01780 236.0 012.2 0000.6 100 100 3.5e-021
01840 235.0 012.5 0000.4 100 100 2.7e-021
01900 241.0 012.7 0000.1 100 100 2.4e-021
01960 242.0 013.8 0000.2 100 100 2.8e-021
02020 244.0 013.3 0000.4 100 100 2.7e-021
02080 248.0 013.2 0000.4 100 100 3.1e-021
02140 244.0 010.8 -000.2 100 100 3.1e-021
02200 244.0 012.6 -000.2 100 100 3.1e-021
02260 246.0 013.5 0000.1 100 100 2.9e-021
02320 244.0 015.5 0000.4 100 100 2.9e-021
02380 251.0 016.6 0000.1 100 100 1.8e-021
02440 245.0 012.3 0000.1 100 100 4.8e-022
02500 248.0 014.9 0000.0 100 100 5.8e-022
02560 242.0 013.0 0000.0 100 100 1.3e-021
02620 252.0 013.0 0000.1 100 100 1.5e-021
02680 258.0 014.4 0000.0 100 100 7.7e-022
02740 267.0 013.7 0000.2 100 100 1.7e-021
02800 273.0 013.9 0000.0 100 100 1.3e-021
02860 265.0 014.0 0000.0 100 100 2.0e-021
02920 273.0 014.2 -000.3 100 100 1.8e-021
02980 265.0 014.3 -000.5 100 100 2.5e-021
03040 265.0 012.6 0000.0 100 100 1.4e-021
03100 255.0 014.5 0000.0 100 100 2.2e-021
03160 254.0 014.0 0000.0 100 100 3.1e-021
03220 262.0 013.8 0000.0 100 100 2.6e-021
03280 253.0 014.4 0000.0 100 100 2.2e-021
03340 248.0 014.8 0000.0 100 100 2.5e-021
03400 ///// ///// -000.2 000 000 1.7e-021
03460 ///// ///// 0000.0 000 000 2.5e-021
03520 ///// ///// 0000.0 000 000 2.2e-021
03580 ///// ///// 0000.0 000 000 1.4e-021
03640 ///// ///// 0000.0 000 000 1.4e-021
03700 ///// ///// -000.2 000 000 1.7e-021
03760 ///// ///// 0000.0 000 000 2.2e-021
03820 ///// ///// 0000.0 000 000 2.2e-021
03880 ///// ///// 0000.0 000 000 8.1e-022
03940 ///// ///// 0000.3 000 000 2.1e-021
04000 ///// ///// 0000.0 000 000 2.6e-021
04060 ///// ///// 0000.0 000 000 1.7e-021
04120 ///// ///// -000.4 000 000 3.0e-021
04180 ///// ///// 0000.0 000 000 9.4e-022
04240 ///// ///// -000.3 000 000 3.3e-021
04300 ///// ///// 0000.0 000 000 2.7e-021
04360 ///// ///// -001.1 000 000 3.5e-021
04420 ///// ///// 0000.0 000 000 3.9e-021
04480 ///// ///// 0000.0 000 000 5.6e-021
04540 ///// ///// -000.2 000 000 4.8e-021
04600 ///// ///// -000.6 000 000 1.5e-021
04660 ///// ///// 0000.0 000 000 1.2e-021
04720 ///// ///// -000.4 000 000 3.3e-021
04780 ///// ///// 0000.0 000 000 1.3e-021
04840 ///// ///// 0000.0 000 000 1.3e-021
04900 ///// ///// 0000.0 000 000 3.0e-021
04960 ///// ///// -000.1 000 000 4.3e-021
05020 ///// ///// 0000.0 000 000 3.1e-021
05080 ///// ///// 0000.0 000 000 1.4e-021
05140 ///// ///// -000.3 000 000 4.3e-021
05200 ///// ///// 0000.0 000 000 2.8e-021
05260 ///// ///// 0000.0 000 000 5.6e-022
05320 ///// ///// 0000.0 000 000 1.6e-021
05380 ///// ///// -001.1 000 000 4.2e-021
05440 ///// ///// 0000.0 000 000 5.7e-022
05500 ///// ///// 0000.0 000 000 4.1e-021
05560 ///// ///// 0000.0 000 000 4.2e-021
05620 ///// ///// 0000.0 000 000 4.8e-021
05680 ///// ///// -000.2 000 000 2.0e-021
05740 ///// ///// 0000.0 000 000 1.8e-021
05800 ///// ///// 0000.9 000 000 4.5e-021
05860 ///// ///// 0000.0 000 000 5.2e-021
05920 ///// ///// 0000.0 000 000 2.2e-021
05980 ///// ///// 0000.8 000 000 5.7e-021
NNNN
