WNDROBS 01.20
57793 0114.3600 027.7900 00130.0 LC 20130629211500
ROBS
00100 126.0 005.1 -000.1 100 100 3.6e-021
00160 120.0 005.3 -000.2 100 100 5.1e-021
00220 154.0 008.4 -000.1 100 100 4.6e-021
00280 119.0 003.1 -000.0 100 100 1.2e-020
00340 138.0 002.6 0000.1 100 100 7.7e-021
00400 145.0 003.6 0000.1 100 100 1.1e-020
00460 151.0 005.3 0000.1 100 100 5.4e-020
00520 153.0 006.3 -000.1 100 100 4.3e-020
00580 167.0 006.8 -000.2 100 100 1.0e-019
00640 178.0 005.5 -000.1 100 100 1.0e-019
00700 181.0 003.4 -000.3 100 100 5.1e-020
00760 185.0 004.1 0000.0 100 100 2.2e-020
00820 248.0 002.2 -000.1 100 100 6.1e-021
00880 187.0 004.8 -000.3 100 100 5.4e-021
00940 186.0 006.7 -000.0 100 100 6.7e-021
01000 209.0 002.7 -000.0 100 100 5.5e-021
01060 205.0 002.7 -000.1 100 100 2.2e-021
01120 221.0 003.2 -000.2 100 100 1.3e-021
01180 218.0 003.2 -000.2 100 100 1.0e-021
01240 220.0 003.8 -000.1 100 100 1.9e-021
01300 214.0 004.9 -000.1 100 100 2.5e-021
01360 223.0 006.5 -000.3 100 100 2.2e-021
01420 221.0 007.1 -000.1 100 100 1.7e-021
01480 221.0 008.1 -000.1 100 100 2.4e-021
01540 221.0 009.0 -000.2 100 100 2.0e-021
01600 216.0 010.5 -000.7 100 100 1.3e-021
01660 221.0 009.9 -000.1 100 100 1.1e-021
01720 219.0 010.7 0000.6 100 100 1.8e-021
01780 222.0 010.0 -000.2 100 100 2.5e-021
01840 224.0 009.8 -000.0 100 100 2.1e-021
01900 225.0 011.5 -000.3 100 100 2.1e-021
01960 224.0 011.0 -000.1 100 100 1.7e-021
02020 233.0 009.8 0000.0 100 100 3.5e-022
02080 223.0 010.9 0000.0 100 100 1.4e-021
02140 220.0 010.5 -000.5 100 100 1.7e-021
02200 219.0 010.6 -000.4 100 100 2.2e-021
02260 217.0 009.2 0000.0 100 100 1.2e-021
02320 217.0 009.4 0000.0 100 100 2.2e-021
02380 195.0 007.5 0000.1 100 100 1.7e-021
02440 199.0 008.6 0000.0 100 100 1.4e-021
02500 199.0 008.7 0000.0 100 100 1.0e-021
02560 196.0 008.0 0000.0 100 100 2.0e-021
02620 191.0 008.3 0000.0 100 100 1.6e-021
02680 204.0 007.6 0000.0 100 100 2.4e-021
02740 207.0 008.0 0000.3 100 100 2.4e-021
02800 204.0 007.8 -000.0 100 100 3.6e-021
02860 209.0 008.2 0000.3 100 100 4.2e-021
02920 212.0 007.8 0000.2 100 100 4.8e-021
02980 197.0 007.8 0000.4 100 100 4.2e-021
03040 200.0 008.1 0000.4 100 100 4.5e-021
03100 205.0 008.9 0000.2 100 100 5.9e-021
03160 210.0 008.2 0000.5 100 100 6.6e-021
03220 214.0 008.3 0000.4 100 100 6.9e-021
03280 215.0 008.4 0000.6 100 100 6.5e-021
03340 212.0 008.4 0000.0 100 100 2.1e-021
03400 213.0 008.9 -000.4 100 100 5.3e-021
03460 199.0 007.8 -000.8 100 100 4.0e-021
03520 201.0 007.2 0000.0 100 100 5.0e-021
03580 201.0 007.3 0000.0 100 100 3.7e-021
03640 200.0 007.3 0000.0 100 100 3.9e-021
03700 201.0 007.8 0000.3 100 100 4.1e-021
03760 215.0 006.7 0000.5 100 100 4.2e-021
03820 ///// ///// 0000.1 000 000 3.0e-021
03880 235.0 007.3 0000.0 100 100 5.9e-021
03940 238.0 007.2 0000.0 100 100 5.9e-021
04000 256.0 008.4 0000.5 100 100 5.2e-021
04060 237.0 011.4 0000.6 100 100 6.7e-021
04120 240.0 011.5 0000.5 100 100 6.6e-021
04180 236.0 011.9 0000.4 100 100 1.4e-020
04240 244.0 011.0 0000.4 100 100 1.5e-020
04300 231.0 010.1 0000.3 100 100 1.4e-020
04360 230.0 009.2 0000.3 100 100 1.5e-020
04420 220.0 009.8 0000.2 100 100 1.7e-020
04480 225.0 010.5 -000.2 100 100 1.6e-020
04540 226.0 010.7 -000.2 100 100 2.2e-020
04600 228.0 009.5 0000.0 100 100 4.2e-020
04660 230.0 009.8 -000.2 100 100 5.1e-020
04720 233.0 010.0 0000.0 100 100 3.8e-020
04780 239.0 009.1 0000.0 100 100 7.1e-021
04840 230.0 011.4 0000.0 100 100 5.5e-021
04900 240.0 009.1 0000.0 100 100 8.1e-021
04960 ///// ///// 0000.0 000 000 4.3e-021
05020 ///// ///// 0000.0 000 000 5.0e-021
05080 ///// ///// 0000.0 000 000 4.6e-022
05140 ///// ///// 0000.0 000 000 3.7e-021
05200 ///// ///// 0000.0 000 000 3.7e-021
05260 ///// ///// 0000.0 000 000 3.5e-021
05320 ///// ///// -001.3 000 000 7.0e-021
05380 ///// ///// 0000.0 000 000 3.3e-022
05440 ///// ///// 0000.0 000 000 1.8e-021
05500 ///// ///// 0000.1 000 000 5.1e-021
05560 ///// ///// 0000.0 000 000 2.1e-021
05620 ///// ///// 0000.0 000 000 2.1e-021
05680 ///// ///// 0000.0 000 000 1.7e-021
05740 ///// ///// 0000.0 000 000 2.2e-021
05800 ///// ///// 0000.0 000 000 1.8e-021
05860 ///// ///// 0000.0 000 000 3.5e-021
05920 ///// ///// 0000.0 000 000 4.5e-021
05980 ///// ///// 0000.0 000 000 3.7e-021
NNNN
