WNDROBS 01.20
57793 0114.3600 027.7900 00130.0 LC 20130629221500
ROBS
00100 077.0 004.8 0000.0 100 100 4.0e-021
00160 077.0 005.3 0000.1 100 100 1.0e-020
00220 091.0 004.4 0000.0 100 100 9.3e-021
00280 103.0 003.7 -000.1 100 100 1.4e-020
00340 122.0 003.4 0000.1 100 100 1.6e-020
00400 137.0 002.9 0000.2 100 100 3.0e-020
00460 149.0 002.9 0000.1 100 100 5.5e-020
00520 163.0 006.7 0000.0 100 100 6.7e-020
00580 163.0 007.6 -000.1 100 100 1.7e-019
00640 175.0 006.4 -000.0 100 100 1.9e-019
00700 186.0 004.6 -000.3 100 100 8.2e-020
00760 197.0 002.5 -000.1 100 100 4.5e-020
00820 216.0 001.3 0000.0 100 100 1.2e-020
00880 261.0 008.0 0000.4 100 100 6.0e-021
00940 231.0 006.1 0001.5 100 100 5.8e-021
01000 202.0 002.5 0000.3 100 100 1.0e-020
01060 235.0 002.7 -000.2 100 100 3.2e-021
01120 219.0 003.2 -000.3 100 100 3.6e-021
01180 212.0 003.7 -000.2 100 100 7.1e-021
01240 213.0 004.2 -000.5 100 100 4.8e-021
01300 215.0 005.6 -000.7 100 100 5.3e-021
01360 219.0 006.1 -000.5 100 100 5.5e-021
01420 226.0 007.2 -000.2 100 100 3.0e-021
01480 219.0 008.4 -000.2 100 100 2.5e-021
01540 223.0 009.7 -000.7 100 100 2.9e-021
01600 228.0 011.0 0000.0 100 100 3.5e-021
01660 231.0 011.3 -000.2 100 100 4.3e-021
01720 231.0 011.4 -000.1 100 100 4.1e-021
01780 233.0 011.2 0000.1 100 100 2.2e-021
01840 232.0 011.4 -000.1 100 100 2.4e-021
01900 228.0 012.0 0000.0 100 100 1.6e-021
01960 228.0 012.3 -000.0 100 100 1.5e-021
02020 234.0 011.4 0000.1 100 100 1.6e-021
02080 226.0 010.0 0000.0 100 100 1.7e-021
02140 223.0 009.5 -000.1 100 100 2.9e-021
02200 222.0 009.5 -000.1 100 100 5.3e-021
02260 225.0 009.7 -000.1 100 100 5.5e-021
02320 220.0 009.1 -000.1 100 100 4.0e-021
02380 216.0 009.1 -000.3 100 100 4.0e-021
02440 213.0 009.8 0000.1 100 100 5.0e-021
02500 203.0 009.1 -000.2 100 100 5.8e-021
02560 199.0 008.8 0000.0 100 100 5.3e-021
02620 199.0 009.8 0000.2 100 100 7.1e-021
02680 198.0 009.8 0000.0 100 100 4.1e-021
02740 200.0 009.2 0000.7 100 100 2.6e-021
02800 190.0 009.6 -000.2 100 100 1.8e-021
02860 184.0 008.2 0000.0 100 100 9.4e-022
02920 194.0 008.4 0000.0 100 100 7.9e-022
02980 195.0 008.4 -004.7 100 100 2.8e-021
03040 197.0 008.4 0000.0 100 100 9.1e-022
03100 195.0 008.3 0000.0 100 100 2.3e-021
03160 200.0 008.8 -000.0 100 100 2.3e-021
03220 201.0 008.2 -000.0 100 100 3.8e-021
03280 203.0 008.0 0000.0 100 100 4.1e-021
03340 209.0 007.2 0000.0 100 100 5.1e-021
03400 216.0 007.6 0000.0 100 100 3.9e-021
03460 209.0 007.0 -000.3 100 100 6.5e-021
03520 211.0 007.2 -000.6 100 100 5.8e-021
03580 210.0 007.4 0000.0 100 100 5.6e-021
03640 212.0 007.2 0000.0 100 100 5.0e-021
03700 217.0 006.4 0000.0 100 100 3.2e-021
03760 220.0 007.0 -000.9 100 100 3.1e-021
03820 223.0 007.3 0000.0 100 100 2.4e-021
03880 145.0 005.4 0000.0 100 100 1.0e-021
03940 188.0 005.8 0000.1 100 100 4.0e-021
04000 222.0 009.3 0000.0 100 100 4.6e-021
04060 229.0 008.7 0000.0 100 100 5.7e-021
04120 235.0 009.5 -000.2 100 100 8.2e-021
04180 237.0 008.0 0000.2 100 100 1.2e-020
04240 240.0 008.9 0000.7 100 100 3.2e-020
04300 242.0 009.0 0000.9 100 100 3.7e-020
04360 244.0 009.8 0001.0 100 100 2.7e-020
04420 245.0 010.1 0001.1 100 100 1.9e-020
04480 242.0 012.0 0001.2 100 100 1.9e-020
04540 250.0 011.7 0001.2 100 100 2.0e-020
04600 247.0 009.2 0001.0 100 100 1.3e-020
04660 245.0 010.8 0000.6 100 100 2.0e-020
04720 237.0 007.0 0000.3 100 100 2.6e-020
04780 230.0 006.5 0000.5 100 100 2.3e-020
04840 240.0 007.6 0000.3 100 100 2.6e-020
04900 242.0 008.0 0000.2 100 100 2.0e-020
04960 237.0 008.8 -000.0 100 100 2.5e-020
05020 235.0 008.4 -000.1 100 100 1.7e-020
05080 238.0 008.1 -000.8 100 100 1.9e-020
05140 235.0 007.2 0000.0 100 100 1.5e-020
05200 232.0 006.7 0003.9 100 100 1.1e-020
05260 228.0 007.4 0000.0 100 100 7.5e-022
05320 ///// ///// 0000.0 000 000 1.6e-021
05380 ///// ///// 0000.0 000 000 1.4e-021
05440 ///// ///// 0000.0 000 000 1.3e-021
05500 ///// ///// -001.0 000 000 4.1e-021
05560 ///// ///// 0001.0 000 000 3.3e-021
05620 ///// ///// 0000.0 000 000 2.2e-021
05680 ///// ///// 0000.0 000 000 2.1e-021
05740 ///// ///// 0000.0 000 000 4.1e-021
05800 ///// ///// -001.3 000 000 5.0e-021
05860 ///// ///// 0000.0 000 000 4.3e-021
05920 ///// ///// -000.3 000 000 6.7e-021
05980 ///// ///// -000.4 000 000 3.3e-021
NNNN
