WNDROBS 01.20
57793 0114.3600 027.7900 00130.0 LC 20130629164000
ROBS
00100 079.0 005.2 0001.7 100 100 3.1e-021
00160 078.0 005.2 0000.8 100 100 1.1e-020
00220 091.0 005.2 0000.0 100 100 2.5e-020
00280 100.0 005.2 -000.1 100 100 1.3e-020
00340 113.0 006.3 0000.1 100 100 9.3e-021
00400 119.0 005.7 0000.1 100 100 2.0e-020
00460 137.0 006.3 0000.1 100 100 1.8e-020
00520 154.0 007.8 0000.1 100 100 3.0e-020
00580 164.0 008.8 -000.0 100 100 1.3e-019
00640 171.0 009.9 -000.0 100 100 1.1e-019
00700 172.0 011.2 -000.1 100 100 5.1e-020
00760 173.0 011.6 0000.1 100 100 5.2e-020
00820 176.0 012.1 0000.2 100 100 8.3e-020
00880 184.0 011.1 0000.2 100 100 1.4e-019
00940 188.0 010.6 0000.1 100 100 1.5e-019
01000 192.0 009.1 0000.1 100 100 8.7e-020
01060 197.0 008.4 -000.2 100 100 4.9e-020
01120 204.0 007.1 0000.2 100 100 3.9e-020
01180 209.0 006.5 0000.2 100 100 3.5e-020
01240 213.0 005.4 0000.1 100 100 2.7e-020
01300 226.0 005.1 0000.2 100 100 1.9e-020
01360 225.0 005.6 0000.2 100 100 1.1e-020
01420 220.0 005.7 0000.2 100 100 9.2e-021
01480 216.0 006.6 0000.3 100 100 9.2e-021
01540 214.0 007.4 0000.1 100 100 8.7e-021
01600 217.0 008.5 0000.0 100 100 1.5e-020
01660 215.0 009.5 -000.1 100 100 1.2e-020
01720 219.0 010.4 -000.1 100 100 1.1e-020
01780 221.0 010.6 -000.1 100 100 1.5e-020
01840 223.0 011.7 -000.3 100 100 1.6e-020
01900 224.0 012.2 -000.2 100 100 1.1e-020
01960 226.0 012.4 -000.3 100 100 6.2e-021
02020 228.0 013.2 -000.3 100 100 4.9e-021
02080 229.0 011.8 -000.2 100 100 5.0e-021
02140 230.0 011.8 -000.2 100 100 5.3e-021
02200 231.0 012.7 -000.3 100 100 6.2e-021
02260 233.0 012.1 -000.4 100 100 3.3e-021
02320 235.0 011.8 -000.3 100 100 2.5e-021
02380 230.0 011.1 -000.3 100 100 2.2e-021
02440 231.0 011.1 -000.4 100 100 2.7e-021
02500 234.0 010.6 -000.0 100 100 3.3e-021
02560 231.0 009.6 -000.1 100 100 3.6e-021
02620 230.0 009.6 0000.0 100 100 4.2e-021
02680 225.0 008.2 0000.2 100 100 3.4e-021
02740 222.0 007.6 -000.0 100 100 3.2e-021
02800 225.0 007.7 0000.0 100 100 5.5e-021
02860 229.0 007.8 -000.1 100 100 1.2e-020
02920 230.0 008.3 -000.1 100 100 9.2e-021
02980 231.0 008.0 -000.0 100 100 3.8e-021
03040 235.0 008.4 -000.0 100 100 6.9e-021
03100 235.0 008.9 -000.0 100 100 1.3e-020
03160 239.0 008.6 -000.1 100 100 7.8e-021
03220 246.0 008.6 -000.0 100 100 1.2e-020
03280 244.0 009.3 -000.2 100 100 1.4e-020
03340 245.0 009.0 -000.4 100 100 1.9e-020
03400 249.0 009.7 -000.5 100 100 1.6e-020
03460 255.0 009.3 -000.6 100 100 1.6e-020
03520 249.0 008.4 -001.0 100 100 1.3e-020
03580 246.0 008.6 0000.0 100 100 6.7e-021
03640 240.0 009.1 -000.4 100 100 6.4e-021
03700 235.0 009.1 0000.0 100 100 1.8e-021
03760 232.0 007.9 -000.3 100 100 7.8e-021
03820 232.0 008.0 -000.4 100 100 6.6e-021
03880 232.0 008.8 -000.8 100 100 9.7e-021
03940 232.0 009.4 -000.3 100 100 1.0e-020
04000 222.0 007.0 -000.4 100 100 6.8e-021
04060 216.0 007.6 -000.2 100 100 3.7e-021
04120 209.0 007.6 0000.0 100 100 4.0e-021
04180 209.0 008.6 0000.0 100 100 1.2e-020
04240 209.0 009.5 0000.0 100 100 2.7e-021
04300 203.0 010.2 0000.0 100 100 3.7e-021
04360 ///// ///// 0000.0 000 000 1.4e-021
04420 ///// ///// 0000.0 000 000 2.2e-021
04480 ///// ///// 0000.0 000 000 4.4e-022
04540 ///// ///// 0000.0 000 000 1.2e-021
04600 ///// ///// 0000.0 000 000 2.4e-021
04660 ///// ///// -000.3 000 000 2.8e-021
04720 ///// ///// -000.0 000 000 3.2e-021
04780 ///// ///// 0000.0 000 000 6.0e-021
04840 228.0 006.9 0000.2 100 100 7.7e-021
04900 229.0 006.6 0000.0 100 100 8.3e-021
04960 226.0 007.1 -000.2 100 100 7.7e-021
05020 228.0 006.6 0000.0 100 100 2.6e-021
05080 230.0 007.0 0000.0 100 100 8.8e-021
05140 229.0 006.5 0000.0 100 100 9.3e-021
05200 232.0 006.5 0000.0 100 100 9.7e-021
05260 226.0 006.0 0000.2 100 100 3.5e-021
05320 ///// ///// 0001.2 000 000 1.9e-021
05380 ///// ///// 0000.0 000 000 6.0e-021
05440 ///// ///// 0000.3 000 000 3.5e-021
05500 ///// ///// 0000.0 000 000 3.4e-021
05560 ///// ///// 0000.0 000 000 1.6e-021
05620 ///// ///// 0000.0 000 000 2.6e-021
05680 ///// ///// -000.1 000 000 4.8e-021
05740 ///// ///// 0000.9 000 000 1.5e-021
05800 ///// ///// 0000.0 000 000 4.9e-021
05860 ///// ///// 0000.0 000 000 1.5e-021
05920 ///// ///// 0000.0 000 000 2.6e-021
05980 ///// ///// 0000.0 000 000 2.0e-021
NNNN
