WNDROBS 01.20
57793 0114.3600 027.7900 00130.0 LC 20130629125000
ROBS
00100 097.0 007.0 0000.6 100 100 5.7e-021
00160 098.0 007.2 0000.6 100 100 1.9e-020
00220 100.0 007.0 0000.2 100 100 1.9e-020
00280 099.0 007.1 0000.1 100 100 1.2e-020
00340 114.0 003.9 -000.0 100 100 2.1e-020
00400 114.0 006.3 -000.0 100 100 4.4e-020
00460 128.0 006.0 -000.0 100 100 2.7e-020
00520 143.0 007.6 -000.0 100 100 3.8e-020
00580 152.0 009.4 -000.3 100 100 7.7e-021
00640 162.0 009.2 -000.3 100 100 4.8e-021
00700 162.0 010.2 -000.4 100 100 4.8e-021
00760 168.0 011.0 0000.3 100 100 7.9e-021
00820 172.0 011.5 0000.0 100 100 2.5e-020
00880 172.0 012.6 -000.1 100 100 4.2e-020
00940 172.0 012.8 -000.2 100 100 4.1e-020
01000 172.0 011.8 -000.1 100 100 3.3e-020
01060 175.0 012.0 -000.1 100 100 1.4e-020
01120 180.0 010.6 -000.1 100 100 1.8e-020
01180 182.0 009.4 0000.2 100 100 2.3e-020
01240 186.0 008.5 0000.1 100 100 2.5e-020
01300 190.0 008.1 0000.3 100 100 4.2e-020
01360 189.0 008.4 -000.1 100 100 4.5e-020
01420 192.0 007.9 -000.1 100 100 3.5e-020
01480 192.0 006.6 -000.5 100 100 3.7e-020
01540 199.0 005.1 -000.8 100 100 3.7e-020
01600 203.0 004.7 -000.8 100 100 2.2e-020
01660 213.0 004.8 -000.6 100 100 1.0e-020
01720 212.0 006.2 -000.6 100 100 7.3e-021
01780 211.0 007.8 -000.3 100 100 9.3e-021
01840 215.0 008.1 -000.4 100 100 1.4e-020
01900 220.0 009.0 -000.7 100 100 1.3e-020
01960 221.0 008.9 -000.4 100 100 7.9e-021
02020 221.0 008.6 -000.3 100 100 7.7e-021
02080 222.0 009.6 -000.2 100 100 4.9e-021
02140 219.0 010.0 -000.2 100 100 5.3e-021
02200 215.0 010.5 -000.4 100 100 6.2e-021
02260 213.0 011.7 -000.5 100 100 3.6e-021
02320 215.0 012.1 0000.1 100 100 3.6e-021
02380 207.0 014.2 -000.1 100 100 4.5e-021
02440 219.0 010.4 -000.3 100 100 6.3e-021
02500 226.0 011.2 -000.4 100 100 5.3e-021
02560 230.0 011.9 -000.2 100 100 5.4e-021
02620 233.0 011.9 0000.0 100 100 4.6e-021
02680 234.0 012.1 0000.0 100 100 1.3e-021
02740 236.0 012.1 0000.0 100 100 2.8e-021
02800 236.0 012.0 0000.0 100 100 3.2e-021
02860 236.0 011.8 -000.3 100 100 2.7e-021
02920 235.0 014.0 -000.2 100 100 4.0e-021
02980 236.0 014.8 -000.3 100 100 4.2e-021
03040 235.0 011.7 0000.0 100 100 3.5e-021
03100 232.0 010.9 0000.0 100 100 3.7e-021
03160 237.0 010.0 0000.0 100 100 9.6e-022
03220 236.0 010.3 0000.0 100 100 1.1e-021
03280 235.0 007.0 0000.0 100 100 2.5e-021
03340 244.0 009.5 0001.2 100 100 2.8e-021
03400 244.0 009.6 0000.0 100 100 1.5e-021
03460 239.0 008.1 0000.0 100 100 2.1e-021
03520 244.0 008.6 0001.2 100 100 2.7e-021
03580 245.0 009.5 0000.0 100 100 1.9e-021
03640 ///// ///// 0000.0 000 000 1.0e-021
03700 093.0 003.7 0000.0 100 100 3.1e-021
03760 ///// ///// 0000.0 000 000 2.1e-021
03820 ///// ///// 0000.0 000 000 2.0e-021
03880 090.0 004.1 0000.0 100 100 2.2e-021
03940 ///// ///// 0000.0 000 000 1.8e-021
04000 ///// ///// 0000.0 000 000 2.1e-021
04060 ///// ///// 0001.3 000 000 1.4e-021
04120 ///// ///// 0000.0 000 000 2.0e-021
04180 ///// ///// 0000.0 000 000 2.1e-021
04240 ///// ///// 0000.0 000 000 1.2e-021
04300 ///// ///// 0000.0 000 000 2.8e-021
04360 ///// ///// -000.2 000 000 3.3e-021
04420 ///// ///// 0000.0 000 000 2.5e-021
04480 ///// ///// 0000.0 000 000 4.1e-021
04540 ///// ///// -000.4 000 000 7.7e-021
04600 ///// ///// 0000.0 000 000 4.0e-021
04660 ///// ///// 0000.0 000 000 5.5e-021
04720 ///// ///// 0000.0 000 000 2.1e-021
04780 ///// ///// -000.6 000 000 2.8e-021
04840 ///// ///// 0000.0 000 000 2.8e-021
04900 ///// ///// 0000.0 000 000 3.5e-021
04960 ///// ///// -000.0 000 000 3.8e-021
05020 ///// ///// 0000.9 000 000 3.7e-021
05080 ///// ///// 0000.1 000 000 4.3e-021
05140 ///// ///// 0000.5 000 000 3.9e-021
05200 ///// ///// 0000.0 000 000 4.1e-021
05260 ///// ///// 0000.0 000 000 3.8e-021
05320 ///// ///// 0000.0 000 000 1.6e-021
05380 ///// ///// 0000.0 000 000 5.5e-021
05440 ///// ///// 0000.0 000 000 1.3e-021
05500 ///// ///// -000.8 000 000 3.1e-021
05560 ///// ///// 0001.3 000 000 4.3e-021
05620 ///// ///// 0000.0 000 000 3.9e-021
05680 ///// ///// 0000.0 000 000 1.9e-021
05740 ///// ///// 0000.0 000 000 3.8e-021
05800 ///// ///// 0000.0 000 000 8.0e-022
05860 ///// ///// 0000.0 000 000 5.2e-021
05920 ///// ///// 0000.0 000 000 4.7e-021
05980 ///// ///// 0000.0 000 000 4.3e-021
NNNN
