WNDROBS 01.20
57793 0114.3600 027.7900 00130.0 LC 20130629105000
ROBS
00100 137.0 005.0 0000.3 100 100 3.2e-021
00160 132.0 005.1 0000.1 100 100 3.5e-021
00220 133.0 005.6 0000.4 100 100 5.5e-021
00280 126.0 005.3 0000.1 100 100 1.3e-020
00340 132.0 005.3 0000.1 100 100 2.1e-020
00400 135.0 005.6 0000.0 100 100 5.2e-020
00460 144.0 006.2 0000.4 100 100 2.5e-020
00520 155.0 008.0 0000.4 100 100 1.1e-019
00580 159.0 008.9 0000.4 100 100 9.6e-020
00640 161.0 009.5 0000.3 100 100 2.7e-020
00700 166.0 008.2 0000.2 100 100 3.6e-020
00760 169.0 007.5 0000.0 100 100 6.2e-020
00820 167.0 006.3 -000.0 100 100 3.3e-020
00880 165.0 005.3 0000.5 100 100 2.1e-020
00940 192.0 003.5 0000.3 100 100 1.5e-020
01000 187.0 002.5 0000.1 100 100 2.1e-020
01060 184.0 001.6 0000.1 100 100 7.6e-021
01120 200.0 002.7 0000.1 100 100 1.1e-020
01180 208.0 003.8 0000.2 100 100 1.3e-020
01240 214.0 005.0 0000.1 100 100 1.1e-020
01300 210.0 005.9 0000.2 100 100 2.2e-021
01360 212.0 007.2 0000.4 100 100 1.8e-021
01420 215.0 007.5 0000.2 100 100 6.8e-021
01480 218.0 008.4 0000.1 100 100 1.2e-020
01540 221.0 009.3 0000.1 100 100 7.3e-021
01600 220.0 009.5 0000.2 100 100 7.9e-021
01660 219.0 009.8 0000.2 100 100 1.1e-020
01720 219.0 010.5 0000.0 100 100 1.3e-020
01780 222.0 011.0 0000.1 100 100 1.4e-020
01840 224.0 011.6 -000.1 100 100 7.6e-021
01900 226.0 011.0 0000.5 100 100 6.1e-021
01960 225.0 011.2 0000.4 100 100 5.2e-021
02020 229.0 009.8 0000.2 100 100 7.5e-021
02080 227.0 009.7 0000.2 100 100 6.7e-021
02140 228.0 008.9 0001.4 100 100 5.0e-021
02200 224.0 008.7 -000.1 100 100 5.8e-021
02260 226.0 008.9 -000.1 100 100 4.1e-021
02320 229.0 008.5 -000.0 100 100 5.1e-021
02380 226.0 009.0 -000.1 100 100 6.9e-021
02440 232.0 008.9 -000.1 100 100 8.1e-021
02500 233.0 009.1 -000.0 100 100 4.8e-021
02560 233.0 009.3 0000.0 100 100 8.8e-021
02620 233.0 009.2 0000.1 100 100 4.9e-021
02680 231.0 009.4 0000.3 100 100 6.0e-021
02740 235.0 009.7 0000.3 100 100 6.2e-021
02800 233.0 010.5 0000.0 100 100 4.3e-021
02860 232.0 010.3 0000.0 100 100 2.5e-021
02920 234.0 010.5 0000.1 100 100 6.0e-021
02980 234.0 011.1 -000.2 100 100 8.3e-021
03040 236.0 011.5 0000.1 100 100 6.6e-021
03100 234.0 012.0 0000.0 100 100 4.0e-021
03160 234.0 012.6 -000.2 100 100 8.3e-021
03220 239.0 015.1 0000.0 100 100 5.6e-021
03280 240.0 015.4 0000.0 100 100 3.8e-021
03340 235.0 011.6 0000.3 100 100 4.4e-021
03400 233.0 011.9 0000.0 100 100 4.5e-021
03460 233.0 012.2 -000.2 100 100 5.2e-021
03520 233.0 012.1 -000.2 100 100 5.6e-021
03580 233.0 012.2 -000.4 100 100 6.1e-021
03640 233.0 013.3 -000.0 100 100 8.7e-021
03700 237.0 013.2 0000.0 100 100 3.6e-021
03760 236.0 012.8 -000.3 100 100 4.5e-021
03820 246.0 012.3 -000.5 100 100 3.8e-021
03880 246.0 012.3 -000.4 100 100 4.4e-021
03940 237.0 013.5 -000.8 100 100 4.7e-021
04000 237.0 014.9 -000.4 100 100 5.4e-021
04060 230.0 012.3 -000.6 100 100 4.7e-021
04120 231.0 013.2 -000.7 100 100 5.3e-021
04180 234.0 012.5 -000.0 100 100 1.7e-021
04240 232.0 013.5 0000.0 100 100 2.7e-021
04300 226.0 012.1 0000.0 100 100 1.7e-021
04360 220.0 011.2 -000.7 100 100 6.3e-021
04420 226.0 011.6 -000.7 100 100 1.1e-020
04480 231.0 011.5 0001.2 100 100 8.8e-021
04540 234.0 011.3 0000.0 100 100 5.0e-022
04600 245.0 010.8 0000.0 100 100 3.8e-021
04660 241.0 011.3 0000.0 100 100 5.0e-021
04720 245.0 012.5 0000.0 100 100 5.4e-022
04780 ///// ///// 0000.0 000 000 1.5e-021
04840 ///// ///// 0000.0 000 000 3.5e-021
04900 ///// ///// 0000.0 000 000 3.5e-021
04960 ///// ///// 0000.0 000 000 1.4e-021
05020 ///// ///// 0000.0 000 000 3.1e-021
05080 ///// ///// 0000.0 000 000 1.2e-021
05140 ///// ///// 0000.0 000 000 3.5e-021
05200 ///// ///// 0000.0 000 000 4.7e-021
05260 ///// ///// 0000.0 000 000 2.9e-021
05320 ///// ///// 0000.0 000 000 1.6e-021
05380 ///// ///// 0000.0 000 000 5.1e-021
05440 ///// ///// 0000.0 000 000 5.5e-022
05500 ///// ///// 0000.0 000 000 2.3e-021
05560 ///// ///// -000.2 000 000 5.2e-021
05620 ///// ///// 0000.0 000 000 3.8e-021
05680 ///// ///// 0000.0 000 000 1.6e-021
05740 ///// ///// -001.2 000 000 3.4e-021
05800 ///// ///// 0000.0 000 000 4.5e-021
05860 ///// ///// 0000.0 000 000 2.1e-021
05920 ///// ///// 0000.0 000 000 1.5e-021
05980 ///// ///// 0000.0 000 000 7.5e-022
NNNN
