WNDROBS 01.20
57793 0114.3600 027.7900 00130.0 LC 20130629115500
ROBS
00100 107.0 006.8 -000.1 100 100 3.9e-021
00160 109.0 006.9 -000.1 100 100 1.1e-020
00220 113.0 006.6 -000.2 100 100 1.0e-020
00280 114.0 007.0 -000.1 100 100 8.4e-021
00340 128.0 005.5 -000.1 100 100 1.4e-020
00400 134.0 005.6 -000.1 100 100 2.2e-020
00460 147.0 007.7 -000.1 100 100 3.4e-020
00520 148.0 008.3 -000.2 100 100 9.2e-021
00580 153.0 009.1 -000.3 100 100 8.2e-021
00640 160.0 009.3 -000.2 100 100 3.5e-020
00700 157.0 009.8 -000.3 100 100 1.1e-020
00760 163.0 009.3 -000.4 100 100 5.4e-021
00820 162.0 008.0 -000.2 100 100 8.4e-021
00880 164.0 007.4 -000.6 100 100 1.2e-020
00940 165.0 007.2 -000.5 100 100 9.9e-021
01000 168.0 007.5 -000.1 100 100 3.6e-020
01060 173.0 007.8 -000.0 100 100 2.1e-020
01120 183.0 008.3 -000.1 100 100 4.2e-020
01180 186.0 007.5 0000.2 100 100 3.6e-020
01240 188.0 006.7 0000.3 100 100 3.0e-020
01300 186.0 005.9 0000.1 100 100 2.3e-020
01360 187.0 005.1 0000.2 100 100 1.9e-020
01420 195.0 005.1 0000.0 100 100 2.5e-020
01480 205.0 005.4 -000.2 100 100 2.3e-020
01540 209.0 006.4 -000.1 100 100 1.8e-020
01600 212.0 007.1 -000.2 100 100 2.8e-020
01660 221.0 008.3 -000.2 100 100 3.2e-020
01720 228.0 009.6 -000.1 100 100 1.4e-020
01780 231.0 010.2 -000.3 100 100 4.6e-021
01840 235.0 010.1 -000.0 100 100 4.0e-021
01900 235.0 009.4 -000.3 100 100 3.5e-021
01960 240.0 009.2 -000.3 100 100 3.7e-021
02020 239.0 009.8 -000.3 100 100 4.1e-021
02080 241.0 010.3 -000.3 100 100 2.8e-021
02140 236.0 009.9 -000.2 100 100 2.8e-021
02200 237.0 009.6 -000.1 100 100 2.2e-021
02260 240.0 009.5 -000.3 100 100 2.0e-021
02320 236.0 009.9 -000.2 100 100 2.8e-021
02380 243.0 009.4 -000.3 100 100 2.8e-021
02440 237.0 009.8 -000.0 100 100 2.6e-021
02500 237.0 010.6 -000.4 100 100 2.3e-021
02560 233.0 010.7 -000.3 100 100 2.5e-021
02620 238.0 010.3 0000.4 100 100 2.5e-021
02680 232.0 010.3 0000.0 100 100 2.4e-021
02740 237.0 010.2 0000.0 100 100 3.3e-021
02800 235.0 009.7 -000.3 100 100 6.2e-021
02860 237.0 009.9 -000.6 100 100 8.4e-021
02920 238.0 009.3 -000.2 100 100 1.1e-020
02980 233.0 010.1 -000.2 100 100 1.3e-020
03040 233.0 010.6 0000.1 100 100 1.9e-020
03100 233.0 010.8 0000.3 100 100 3.0e-020
03160 234.0 011.2 0000.2 100 100 5.8e-020
03220 233.0 011.2 0000.0 100 100 8.9e-020
03280 233.0 011.5 -000.2 100 100 4.1e-020
03340 235.0 011.5 0000.0 100 100 3.9e-021
03400 241.0 010.8 -000.3 100 100 8.0e-021
03460 240.0 010.4 -000.4 100 100 1.0e-020
03520 240.0 010.5 0000.0 100 100 7.3e-021
03580 240.0 010.5 0001.1 100 100 1.1e-020
03640 241.0 010.6 0000.0 100 100 6.4e-021
03700 244.0 010.1 0000.0 100 100 3.0e-021
03760 243.0 009.6 0000.0 100 100 1.2e-021
03820 243.0 009.7 0000.0 100 100 1.3e-021
03880 199.0 004.3 -000.3 100 100 4.0e-021
03940 253.0 009.3 0000.0 100 100 1.8e-021
04000 232.0 005.2 0000.0 100 100 1.5e-021
04060 ///// ///// 0000.0 000 000 2.6e-021
04120 ///// ///// -000.4 000 000 2.4e-021
04180 ///// ///// 0000.0 000 000 2.7e-021
04240 ///// ///// 0000.1 000 000 2.8e-021
04300 ///// ///// -000.1 000 000 2.3e-021
04360 ///// ///// 0000.0 000 000 1.4e-021
04420 ///// ///// 0000.4 000 000 3.9e-021
04480 ///// ///// 0000.0 000 000 3.1e-021
04540 ///// ///// -000.8 000 000 3.1e-021
04600 294.0 011.2 -000.3 100 100 3.7e-021
04660 286.0 010.1 -000.3 100 100 3.8e-021
04720 278.0 009.3 0000.0 100 100 4.1e-021
04780 ///// ///// 0000.0 000 000 2.7e-021
04840 290.0 004.9 0000.0 100 100 4.0e-021
04900 ///// ///// 0000.0 000 000 3.9e-021
04960 ///// ///// -000.3 000 000 4.1e-021
05020 238.0 011.3 0000.0 100 100 6.5e-021
05080 ///// ///// 0000.6 000 000 5.8e-021
05140 232.0 012.5 0000.7 100 100 8.1e-021
05200 242.0 010.7 0000.5 100 100 2.8e-021
05260 230.0 007.1 -000.7 100 100 7.2e-021
05320 250.0 011.2 0000.4 100 100 7.2e-021
05380 240.0 008.3 0000.9 100 100 6.2e-021
05440 251.0 008.1 0001.1 100 100 6.5e-021
05500 225.0 006.0 0000.7 100 100 6.7e-021
05560 ///// ///// 0000.9 000 000 1.9e-021
05620 ///// ///// 0001.3 000 000 4.8e-021
05680 ///// ///// 0000.0 000 000 5.4e-021
05740 264.0 006.8 0000.0 100 100 5.5e-021
05800 235.0 006.7 0000.9 100 100 7.1e-021
05860 239.0 009.9 0001.1 100 100 5.5e-021
05920 ///// ///// 0000.0 000 000 4.5e-021
05980 249.0 009.7 0001.0 100 100 7.0e-021
NNNN
