WNDROBS 01.20
57793 0114.3600 027.7900 00130.0 LC 20130629070000
ROBS
00100 106.0 006.9 0000.2 100 100 2.7e-021
00160 106.0 007.7 0000.3 100 100 5.8e-021
00220 134.0 002.6 0000.3 100 100 4.7e-021
00280 104.0 002.6 0000.2 100 100 4.2e-021
00340 125.0 003.9 0000.0 100 100 4.0e-021
00400 102.0 004.1 0000.0 100 100 4.5e-021
00460 131.0 004.7 0000.0 100 100 4.5e-021
00520 143.0 005.7 0000.1 100 100 5.8e-021
00580 155.0 005.7 0000.3 100 100 1.0e-020
00640 162.0 004.2 0000.1 100 100 1.8e-020
00700 178.0 003.6 0000.2 100 100 2.8e-020
00760 192.0 004.4 0000.2 100 100 6.4e-020
00820 198.0 003.4 0000.1 100 100 3.2e-020
00880 238.0 004.6 -000.2 100 100 1.8e-020
00940 239.0 003.4 -000.1 100 100 1.5e-020
01000 245.0 005.0 0000.2 100 100 1.2e-020
01060 221.0 002.8 0000.3 100 100 5.8e-021
01120 225.0 003.2 0000.4 100 100 2.7e-021
01180 234.0 004.7 0000.2 100 100 1.3e-020
01240 242.0 005.8 0000.2 100 100 2.0e-020
01300 239.0 006.8 0000.4 100 100 6.7e-021
01360 237.0 008.1 0000.2 100 100 4.1e-021
01420 233.0 008.3 0000.5 100 100 4.5e-021
01480 238.0 008.4 0000.2 100 100 1.1e-020
01540 237.0 009.4 0000.2 100 100 1.1e-020
01600 238.0 009.8 0000.2 100 100 1.9e-020
01660 239.0 010.6 0000.1 100 100 2.0e-020
01720 243.0 011.1 0000.0 100 100 2.2e-020
01780 241.0 011.5 -000.0 100 100 1.1e-020
01840 250.0 011.2 0000.0 100 100 3.1e-021
01900 244.0 011.0 0000.0 100 100 2.5e-021
01960 244.0 011.6 0000.0 100 100 3.3e-021
02020 243.0 011.9 0000.1 100 100 5.0e-021
02080 244.0 013.3 -000.1 100 100 4.6e-021
02140 241.0 011.8 0000.2 100 100 4.8e-021
02200 241.0 012.6 0000.5 100 100 5.9e-021
02260 241.0 013.1 0000.2 100 100 7.0e-021
02320 247.0 014.3 -000.1 100 100 8.5e-021
02380 248.0 014.5 0000.0 100 100 4.3e-021
02440 248.0 013.6 0000.2 100 100 6.6e-021
02500 247.0 014.4 -000.5 100 100 3.4e-021
02560 249.0 014.6 -000.3 100 100 3.1e-021
02620 254.0 012.4 0000.0 100 100 1.4e-021
02680 257.0 012.4 0000.0 100 100 2.2e-021
02740 248.0 013.0 0000.0 100 100 2.7e-021
02800 225.0 006.2 0000.4 100 100 3.4e-021
02860 196.0 004.3 0000.8 100 100 2.8e-021
02920 201.0 005.0 0000.2 100 100 3.2e-021
02980 194.0 004.1 0000.0 100 100 9.0e-022
03040 210.0 004.7 0000.0 100 100 2.7e-021
03100 249.0 013.4 0000.0 100 100 2.7e-021
03160 244.0 014.2 0000.0 100 100 9.5e-022
03220 240.0 015.0 0000.4 100 100 2.7e-021
03280 246.0 008.1 0000.6 100 100 9.9e-022
03340 255.0 012.8 0000.0 100 100 2.0e-021
03400 258.0 012.8 0000.1 100 100 2.4e-021
03460 272.0 012.9 0000.0 100 100 1.6e-021
03520 272.0 013.0 0000.8 100 100 3.0e-021
03580 ///// ///// 0000.0 000 000 1.3e-021
03640 ///// ///// 0000.0 000 000 9.7e-022
03700 ///// ///// -000.0 000 000 2.5e-021
03760 ///// ///// 0000.4 000 000 1.8e-021
03820 ///// ///// 0000.0 000 000 1.9e-021
03880 ///// ///// 0000.0 000 000 2.5e-021
03940 ///// ///// 0000.0 000 000 8.3e-022
04000 ///// ///// 0000.0 000 000 1.2e-021
04060 ///// ///// 0000.0 000 000 1.4e-021
04120 ///// ///// 0000.0 000 000 2.2e-021
04180 ///// ///// 0000.0 000 000 2.0e-021
04240 ///// ///// -001.1 000 000 1.0e-021
04300 ///// ///// 0000.0 000 000 2.5e-021
04360 ///// ///// 0000.0 000 000 3.3e-021
04420 ///// ///// 0000.0 000 000 1.0e-021
04480 ///// ///// 0000.0 000 000 2.5e-021
04540 ///// ///// 0000.0 000 000 4.6e-022
04600 ///// ///// 0000.0 000 000 1.9e-021
04660 ///// ///// 0000.0 000 000 2.0e-021
04720 ///// ///// 0000.0 000 000 3.5e-021
04780 ///// ///// 0000.0 000 000 2.5e-021
04840 ///// ///// 0000.0 000 000 4.1e-021
04900 ///// ///// 0001.3 000 000 3.7e-021
04960 ///// ///// 0000.0 000 000 2.9e-021
05020 ///// ///// 0000.0 000 000 3.1e-021
05080 ///// ///// 0000.0 000 000 3.5e-021
05140 ///// ///// 0000.0 000 000 2.2e-021
05200 ///// ///// 0000.0 000 000 1.3e-021
05260 ///// ///// 0000.0 000 000 4.4e-021
05320 ///// ///// 0000.0 000 000 1.7e-021
05380 ///// ///// 0000.0 000 000 3.3e-021
05440 ///// ///// 0000.0 000 000 1.5e-021
05500 ///// ///// 0000.0 000 000 1.7e-021
05560 ///// ///// 0000.0 000 000 2.7e-021
05620 ///// ///// 0000.0 000 000 1.9e-021
05680 ///// ///// 0000.0 000 000 4.1e-021
05740 ///// ///// 0001.2 000 000 4.9e-021
05800 ///// ///// -000.0 000 000 5.0e-021
05860 ///// ///// 0000.0 000 000 3.1e-021
05920 ///// ///// 0000.0 000 000 6.3e-021
05980 ///// ///// -000.6 000 000 3.5e-021
NNNN
