WNDROBS 01.20
57793 0114.3600 027.7900 00130.0 LC 20130629034000
ROBS
00100 036.0 003.3 0000.0 100 100 3.3e-021
00160 036.0 003.7 -000.1 100 100 9.7e-021
00220 051.0 003.2 0000.0 100 100 7.9e-021
00280 065.0 001.7 -000.0 100 100 7.3e-021
00340 089.0 001.1 0000.1 100 100 3.3e-021
00400 088.0 001.8 0000.0 100 100 2.4e-021
00460 113.0 002.7 -000.0 100 100 2.2e-021
00520 138.0 002.5 0000.0 100 100 7.0e-021
00580 162.0 003.6 0000.1 100 100 2.0e-020
00640 171.0 003.0 0000.2 100 100 1.8e-020
00700 224.0 004.3 -000.0 100 100 8.3e-021
00760 230.0 007.4 -000.1 100 100 7.3e-021
00820 230.0 008.5 -000.1 100 100 1.1e-020
00880 227.0 009.6 -000.3 100 100 1.0e-020
00940 226.0 010.4 0000.1 100 100 8.1e-021
01000 231.0 011.1 -000.2 100 100 1.1e-020
01060 227.0 010.9 0000.0 100 100 2.7e-021
01120 231.0 011.2 -000.1 100 100 6.1e-021
01180 232.0 012.0 -000.2 100 100 8.4e-021
01240 233.0 012.6 -000.1 100 100 6.5e-021
01300 234.0 013.2 -000.1 100 100 7.4e-021
01360 234.0 014.0 -000.1 100 100 1.2e-020
01420 234.0 014.8 -000.2 100 100 1.8e-020
01480 236.0 015.4 -000.2 100 100 2.5e-020
01540 239.0 017.1 -000.3 100 100 1.3e-020
01600 243.0 018.5 -000.5 100 100 2.1e-021
01660 250.0 018.9 -000.1 100 100 1.7e-021
01720 246.0 018.3 -000.4 100 100 2.9e-021
01780 242.0 016.4 -000.2 100 100 5.4e-021
01840 246.0 016.5 0000.0 100 100 3.3e-021
01900 251.0 016.8 -000.0 100 100 7.8e-022
01960 247.0 014.8 -000.2 100 100 5.0e-022
02020 249.0 016.6 -000.2 100 100 4.8e-022
02080 249.0 016.7 -000.6 100 100 5.9e-022
02140 249.0 016.8 -000.4 100 100 7.0e-022
02200 256.0 016.5 -000.5 100 100 6.7e-022
02260 257.0 016.3 -000.5 100 100 2.1e-021
02320 249.0 015.6 -001.7 100 100 2.5e-021
02380 249.0 015.7 0000.0 100 100 1.6e-021
02440 257.0 014.8 0000.0 100 100 2.4e-021
02500 249.0 015.2 0000.0 100 100 2.2e-021
02560 254.0 015.6 0000.0 100 100 1.9e-021
02620 242.0 013.5 -000.7 100 100 2.6e-021
02680 248.0 013.1 0000.0 100 100 1.1e-021
02740 249.0 013.2 -000.5 100 100 2.3e-021
02800 254.0 013.0 -001.2 100 100 2.6e-021
02860 250.0 012.9 0000.0 100 100 1.9e-021
02920 247.0 010.9 -000.2 100 100 3.1e-021
02980 253.0 010.7 0000.0 100 100 8.1e-022
03040 246.0 011.2 0000.0 100 100 2.1e-021
03100 246.0 011.3 -000.1 100 100 3.2e-021
03160 251.0 013.7 0000.0 100 100 1.5e-021
03220 252.0 014.9 0000.0 100 100 2.2e-021
03280 248.0 012.2 0000.0 100 100 6.6e-022
03340 244.0 010.0 -000.4 100 100 2.4e-021
03400 238.0 008.1 -000.4 100 100 4.4e-021
03460 ///// ///// -000.6 000 000 2.0e-021
03520 238.0 011.4 0000.0 100 100 2.5e-021
03580 ///// ///// -000.5 000 000 1.8e-021
03640 ///// ///// 0000.0 000 000 1.8e-021
03700 ///// ///// 0000.0 000 000 1.4e-021
03760 ///// ///// -000.3 000 000 3.0e-021
03820 ///// ///// 0000.0 000 000 1.0e-021
03880 ///// ///// 0000.0 000 000 2.5e-021
03940 ///// ///// 0000.0 000 000 1.0e-021
04000 ///// ///// 0000.0 000 000 3.1e-021
04060 ///// ///// 0001.1 000 000 2.9e-021
04120 ///// ///// -000.3 000 000 3.7e-021
04180 ///// ///// -000.3 000 000 3.7e-021
04240 ///// ///// -000.4 000 000 5.5e-021
04300 ///// ///// -000.9 000 000 6.9e-021
04360 ///// ///// 0000.5 000 000 7.6e-021
04420 ///// ///// -000.1 000 000 9.2e-021
04480 ///// ///// -000.2 000 000 9.4e-021
04540 ///// ///// -000.2 000 000 8.1e-021
04600 ///// ///// -000.1 000 000 5.7e-021
04660 ///// ///// -000.3 000 000 1.3e-020
04720 ///// ///// -000.3 000 000 1.5e-020
04780 ///// ///// -000.0 000 000 2.8e-021
04840 ///// ///// 0000.3 000 000 4.6e-021
04900 ///// ///// 0000.0 000 000 1.4e-021
04960 ///// ///// 0000.0 000 000 3.2e-021
05020 ///// ///// -001.1 000 000 4.7e-021
05080 ///// ///// 0000.0 000 000 2.9e-021
05140 ///// ///// 0000.0 000 000 1.6e-021
05200 ///// ///// 0000.0 000 000 1.1e-021
05260 ///// ///// 0000.0 000 000 3.0e-021
05320 ///// ///// 0000.0 000 000 2.8e-021
05380 ///// ///// 0000.0 000 000 4.5e-021
05440 ///// ///// 0000.2 000 000 4.4e-021
05500 ///// ///// 0000.0 000 000 3.4e-021
05560 ///// ///// 0000.0 000 000 2.9e-021
05620 ///// ///// 0000.2 000 000 5.1e-021
05680 ///// ///// 0000.0 000 000 6.2e-022
05740 ///// ///// 0000.7 000 000 5.8e-021
05800 ///// ///// 0001.3 000 000 5.3e-021
05860 ///// ///// -000.3 000 000 5.7e-021
05920 ///// ///// 0000.0 000 000 4.3e-021
05980 ///// ///// 0000.0 000 000 3.1e-021
NNNN
