WNDROBS 01.20
57793 0114.3600 027.7900 00130.0 LC 20130629161500
ROBS
00100 087.0 003.0 -000.4 100 100 6.0e-021
00160 087.0 003.5 -000.5 100 100 1.3e-020
00220 093.0 004.4 0000.2 100 100 1.7e-020
00280 106.0 005.7 -000.1 100 100 2.0e-020
00340 120.0 003.8 -000.1 100 100 1.6e-020
00400 122.0 005.0 -000.1 100 100 1.4e-020
00460 138.0 005.5 -000.2 100 100 2.9e-020
00520 156.0 007.4 -000.1 100 100 1.4e-020
00580 166.0 008.9 -000.0 100 100 2.0e-020
00640 170.0 009.0 -000.1 100 100 7.4e-020
00700 174.0 009.3 -000.1 100 100 4.2e-020
00760 174.0 010.4 0000.2 100 100 4.0e-020
00820 177.0 011.0 0000.3 100 100 5.7e-020
00880 179.0 012.7 0000.4 100 100 8.9e-020
00940 182.0 014.1 0000.5 100 100 1.3e-019
01000 182.0 014.5 0000.4 100 100 7.8e-020
01060 183.0 014.3 0000.1 100 100 3.2e-020
01120 184.0 012.9 0000.1 100 100 2.5e-020
01180 186.0 012.6 0000.1 100 100 3.8e-020
01240 189.0 009.8 0000.1 100 100 4.5e-020
01300 190.0 008.6 -000.3 100 100 4.7e-020
01360 196.0 007.9 -000.1 100 100 2.9e-020
01420 203.0 007.8 0000.1 100 100 2.9e-020
01480 212.0 006.8 -000.0 100 100 2.6e-020
01540 213.0 006.2 -000.0 100 100 3.2e-020
01600 214.0 006.0 0000.1 100 100 1.7e-020
01660 212.0 006.3 -000.1 100 100 9.3e-021
01720 212.0 007.7 -000.1 100 100 1.3e-020
01780 209.0 007.4 -000.2 100 100 8.8e-021
01840 213.0 007.7 -000.1 100 100 1.1e-020
01900 213.0 008.4 -000.1 100 100 1.0e-020
01960 216.0 009.7 -000.3 100 100 1.1e-020
02020 219.0 010.9 -000.0 100 100 8.9e-021
02080 222.0 011.8 -000.2 100 100 6.9e-021
02140 222.0 011.5 -000.1 100 100 3.9e-021
02200 227.0 011.1 -000.4 100 100 3.4e-021
02260 215.0 009.7 -000.1 100 100 2.7e-021
02320 217.0 009.0 -000.0 100 100 2.5e-021
02380 220.0 008.9 0000.0 100 100 2.0e-021
02440 220.0 008.8 -000.3 100 100 3.9e-021
02500 229.0 010.8 0000.0 100 100 2.3e-021
02560 228.0 010.3 0000.0 100 100 2.7e-021
02620 217.0 008.5 0000.0 100 100 3.0e-021
02680 215.0 008.9 -000.4 100 100 1.1e-020
02740 221.0 008.0 -000.3 100 100 1.0e-020
02800 221.0 008.1 -000.3 100 100 1.9e-020
02860 227.0 008.7 -000.3 100 100 2.0e-020
02920 229.0 009.0 -000.3 100 100 1.5e-020
02980 238.0 008.7 -000.3 100 100 9.3e-021
03040 238.0 008.9 -000.3 100 100 1.3e-020
03100 238.0 008.9 -000.2 100 100 7.8e-021
03160 240.0 009.7 0000.0 100 100 5.8e-021
03220 240.0 009.7 0000.0 100 100 4.2e-021
03280 239.0 009.5 0000.1 100 100 5.9e-021
03340 251.0 008.6 0000.0 100 100 4.0e-021
03400 240.0 009.4 0000.0 100 100 5.5e-021
03460 240.0 009.5 0000.0 100 100 4.5e-021
03520 240.0 009.6 0000.0 100 100 5.4e-021
03580 236.0 008.7 0000.1 100 100 3.9e-021
03640 228.0 007.1 0000.0 100 100 1.5e-021
03700 228.0 005.7 0000.0 100 100 2.6e-021
03760 213.0 004.8 0000.0 100 100 3.7e-021
03820 206.0 005.2 0000.0 100 100 2.9e-021
03880 186.0 006.7 0001.0 100 100 3.6e-021
03940 192.0 007.8 0000.0 100 100 2.4e-021
04000 201.0 007.5 0000.3 100 100 4.1e-021
04060 176.0 006.9 0000.1 100 100 3.8e-021
04120 195.0 007.8 0000.0 100 100 2.8e-021
04180 ///// ///// 0000.3 000 000 4.1e-021
04240 205.0 009.2 0000.0 100 100 2.0e-021
04300 214.0 007.6 0000.2 100 100 4.4e-021
04360 200.0 008.8 0000.0 100 100 2.7e-021
04420 196.0 008.7 0000.0 100 100 2.5e-021
04480 190.0 006.0 0000.7 100 100 3.2e-021
04540 ///// ///// 0000.0 000 000 3.3e-021
04600 ///// ///// 0000.0 000 000 1.6e-021
04660 ///// ///// -000.0 000 000 5.0e-021
04720 ///// ///// -000.1 000 000 6.6e-021
04780 ///// ///// 0000.0 000 000 2.3e-021
04840 ///// ///// 0000.0 000 000 1.3e-021
04900 ///// ///// 0000.0 000 000 3.7e-021
04960 ///// ///// 0000.0 000 000 2.0e-021
05020 ///// ///// 0000.0 000 000 1.6e-021
05080 ///// ///// -001.1 000 000 3.2e-021
05140 ///// ///// 0000.0 000 000 2.4e-021
05200 ///// ///// 0000.0 000 000 2.4e-021
05260 ///// ///// 0000.0 000 000 1.3e-021
05320 ///// ///// 0000.0 000 000 2.3e-021
05380 ///// ///// -000.3 000 000 4.8e-021
05440 ///// ///// 0000.0 000 000 3.5e-021
05500 ///// ///// 0001.0 000 000 3.8e-021
05560 ///// ///// 0000.0 000 000 1.8e-021
05620 ///// ///// -000.2 000 000 3.3e-021
05680 ///// ///// 0000.0 000 000 2.9e-021
05740 ///// ///// 0000.0 000 000 1.8e-021
05800 ///// ///// 0000.0 000 000 4.7e-021
05860 ///// ///// 0000.0 000 000 4.3e-021
05920 ///// ///// 0000.0 000 000 3.5e-021
05980 ///// ///// 0000.0 000 000 4.5e-021
NNNN
