WNDROBS 01.20
57793 0114.3600 027.7900 00130.0 LC 20130629090000
ROBS
00100 023.0 002.1 0002.0 100 100 4.2e-021
00160 051.0 006.2 0002.1 100 100 4.8e-020
00220 ///// ///// 0002.3 000 000 4.0e-020
00280 061.0 008.4 0002.1 100 100 3.8e-020
00340 069.0 008.5 0001.8 100 100 3.1e-020
00400 076.0 008.6 0001.0 100 100 2.7e-020
00460 092.0 008.6 0000.2 100 100 4.5e-020
00520 129.0 005.2 0000.2 100 100 8.5e-020
00580 134.0 005.7 0000.1 100 100 3.3e-020
00640 132.0 006.2 0000.2 100 100 5.9e-020
00700 139.0 006.0 0000.2 100 100 2.5e-019
00760 149.0 006.1 0000.2 100 100 3.1e-019
00820 162.0 007.2 0000.1 100 100 1.5e-019
00880 170.0 008.1 0000.0 100 100 6.0e-020
00940 177.0 006.7 -000.1 100 100 4.3e-020
01000 177.0 006.6 -000.1 100 100 2.0e-020
01060 182.0 006.2 0000.4 100 100 8.7e-021
01120 176.0 003.2 0000.3 100 100 3.6e-021
01180 197.0 002.3 0000.2 100 100 1.0e-020
01240 198.0 002.2 -000.0 100 100 2.1e-020
01300 200.0 002.0 -000.3 100 100 3.2e-020
01360 198.0 002.6 -000.4 100 100 6.4e-020
01420 199.0 003.4 -000.5 100 100 6.7e-020
01480 208.0 004.1 -000.7 100 100 3.5e-020
01540 213.0 005.5 -000.2 100 100 2.9e-020
01600 215.0 006.4 -000.1 100 100 4.1e-020
01660 215.0 007.4 -000.1 100 100 5.5e-020
01720 212.0 008.3 -000.1 100 100 5.0e-020
01780 218.0 009.3 -000.1 100 100 1.8e-020
01840 217.0 010.3 -000.2 100 100 6.9e-021
01900 216.0 010.7 -000.3 100 100 8.9e-021
01960 218.0 010.7 -000.2 100 100 1.1e-020
02020 222.0 010.6 -000.5 100 100 4.5e-021
02080 230.0 009.8 -000.5 100 100 5.4e-021
02140 236.0 010.2 -000.4 100 100 1.0e-020
02200 237.0 010.3 -000.3 100 100 7.4e-021
02260 238.0 011.2 -000.2 100 100 9.4e-021
02320 239.0 011.1 -000.2 100 100 9.6e-021
02380 236.0 011.5 0000.1 100 100 1.3e-020
02440 237.0 011.0 0000.1 100 100 1.8e-020
02500 236.0 010.8 0000.1 100 100 1.9e-020
02560 235.0 011.1 0000.4 100 100 1.5e-020
02620 234.0 011.4 0000.5 100 100 1.5e-020
02680 235.0 011.8 0000.5 100 100 1.0e-020
02740 242.0 011.1 0000.5 100 100 3.4e-021
02800 248.0 010.8 0000.0 100 100 3.9e-021
02860 252.0 010.7 -000.1 100 100 3.9e-021
02920 240.0 011.9 0000.1 100 100 5.0e-021
02980 241.0 013.0 0000.3 100 100 5.1e-021
03040 241.0 010.5 0000.0 100 100 3.5e-021
03100 235.0 011.2 0000.0 100 100 4.7e-021
03160 236.0 011.2 -000.0 100 100 4.2e-021
03220 237.0 011.3 0000.0 100 100 3.5e-021
03280 237.0 011.4 0000.0 100 100 5.4e-021
03340 222.0 008.2 0000.0 100 100 7.0e-021
03400 217.0 008.6 0000.1 100 100 5.1e-021
03460 224.0 008.6 0000.0 100 100 2.7e-021
03520 240.0 012.0 0000.0 100 100 2.9e-021
03580 235.0 012.6 0000.0 100 100 1.6e-021
03640 237.0 012.3 0000.0 100 100 9.6e-022
03700 231.0 013.3 0000.7 100 100 3.5e-021
03760 222.0 014.9 0000.0 100 100 2.4e-021
03820 228.0 013.8 0000.0 100 100 2.9e-021
03880 229.0 013.9 0000.7 100 100 5.7e-021
03940 232.0 014.3 0000.6 100 100 7.4e-021
04000 232.0 014.7 0000.2 100 100 1.3e-020
04060 236.0 014.9 0000.3 100 100 1.2e-020
04120 235.0 015.3 0000.0 100 100 4.0e-021
04180 236.0 015.0 0000.0 100 100 5.5e-021
04240 236.0 012.2 0000.0 100 100 4.8e-021
04300 212.0 008.5 0000.2 100 100 4.2e-021
04360 196.0 004.4 0000.0 100 100 3.3e-021
04420 ///// ///// 0000.0 000 000 2.4e-021
04480 171.0 005.1 0000.0 100 100 1.0e-021
04540 ///// ///// -001.3 000 000 2.9e-021
04600 ///// ///// 0000.0 000 000 5.1e-022
04660 ///// ///// 0000.3 000 000 1.3e-021
04720 ///// ///// 0000.0 000 000 7.2e-022
04780 ///// ///// 0000.2 000 000 4.3e-021
04840 ///// ///// 0000.3 000 000 3.3e-021
04900 ///// ///// 0000.6 000 000 3.7e-021
04960 265.0 011.7 0000.1 100 100 5.8e-021
05020 254.0 013.4 0000.2 100 100 6.3e-021
05080 250.0 011.6 0000.3 100 100 5.3e-021
05140 ///// ///// 0000.4 000 000 6.4e-021
05200 246.0 011.7 0000.0 100 100 2.6e-021
05260 248.0 011.6 0000.0 100 100 8.3e-021
05320 244.0 012.2 0000.0 100 100 3.5e-021
05380 ///// ///// -000.2 000 000 7.5e-021
05440 ///// ///// 0000.4 000 000 8.3e-021
05500 ///// ///// 0000.2 000 000 5.3e-021
05560 ///// ///// 0000.0 000 000 1.6e-021
05620 ///// ///// -000.7 000 000 4.8e-021
05680 ///// ///// 0000.5 000 000 1.8e-021
05740 ///// ///// 0000.0 000 000 4.4e-021
05800 ///// ///// -000.1 000 000 5.6e-021
05860 ///// ///// 0000.0 000 000 2.9e-021
05920 ///// ///// -000.1 000 000 6.0e-021
05980 ///// ///// 0000.0 000 000 2.4e-021
NNNN
