WNDROBS 01.20
57793 0114.3600 027.7900 00130.0 LC 20130629011000
ROBS
00100 058.0 002.0 0000.0 100 100 6.4e-022
00160 058.0 002.2 -000.1 100 100 3.2e-021
00220 058.0 002.5 0000.0 100 100 5.5e-021
00280 058.0 002.4 0000.0 100 100 1.1e-020
00340 068.0 001.9 0000.2 100 100 2.1e-020
00400 147.0 002.6 0000.1 100 100 6.8e-021
00460 122.0 001.6 -000.1 100 100 9.9e-021
00520 144.0 001.2 0000.0 100 100 9.1e-021
00580 210.0 000.4 0000.3 100 100 4.4e-021
00640 250.0 002.8 0000.1 100 100 6.5e-021
00700 240.0 004.2 -000.1 100 100 1.2e-020
00760 234.0 006.5 -000.1 100 100 8.9e-021
00820 225.0 007.6 -000.3 100 100 6.9e-021
00880 232.0 009.7 -000.3 100 100 9.2e-021
00940 231.0 010.7 -000.3 100 100 1.3e-020
01000 236.0 011.5 -000.2 100 100 1.6e-020
01060 231.0 011.6 -000.4 100 100 5.8e-021
01120 232.0 012.3 -000.1 100 100 4.7e-021
01180 231.0 012.9 -000.1 100 100 5.7e-021
01240 230.0 013.4 -000.2 100 100 5.8e-021
01300 230.0 014.4 -000.2 100 100 6.9e-021
01360 229.0 015.3 -000.4 100 100 5.8e-021
01420 230.0 016.6 -000.5 100 100 5.8e-021
01480 230.0 016.9 -000.5 100 100 8.6e-021
01540 233.0 018.9 -000.4 100 100 6.1e-021
01600 227.0 017.3 -000.5 100 100 6.4e-021
01660 230.0 015.8 -000.8 100 100 3.3e-021
01720 234.0 015.4 -000.5 100 100 2.6e-021
01780 238.0 014.9 -001.0 100 100 3.3e-021
01840 237.0 015.6 -000.4 100 100 6.2e-021
01900 237.0 016.4 -000.2 100 100 5.6e-021
01960 235.0 017.9 -000.1 100 100 5.6e-021
02020 239.0 017.1 -000.1 100 100 3.3e-021
02080 239.0 015.6 0000.0 100 100 2.0e-021
02140 241.0 015.4 0000.0 100 100 2.7e-021
02200 239.0 015.9 0000.0 100 100 2.9e-021
02260 220.0 009.3 0000.0 100 100 2.4e-021
02320 218.0 009.8 0000.0 100 100 3.3e-021
02380 ///// ///// 0000.0 000 000 3.7e-021
02440 186.0 006.9 0000.6 100 100 1.8e-021
02500 186.0 007.0 -000.4 100 100 1.5e-021
02560 186.0 007.1 0000.0 100 100 1.7e-021
02620 187.0 006.4 0000.0 100 100 1.3e-021
02680 187.0 006.6 0000.0 100 100 1.7e-021
02740 257.0 009.0 0000.0 100 100 1.9e-021
02800 ///// ///// 0000.0 000 000 7.2e-022
02860 ///// ///// 0000.0 000 000 1.7e-021
02920 ///// ///// 0000.0 000 000 1.6e-021
02980 ///// ///// 0001.1 000 000 1.2e-021
03040 ///// ///// 0000.3 000 000 2.6e-021
03100 ///// ///// 0000.1 000 000 1.2e-021
03160 ///// ///// -000.1 000 000 3.1e-021
03220 251.0 012.1 0000.0 100 100 1.4e-021
03280 250.0 013.1 0000.0 100 100 3.5e-021
03340 246.0 013.4 0000.7 100 100 3.4e-021
03400 248.0 012.6 0000.1 100 100 5.5e-021
03460 247.0 012.8 0000.1 100 100 5.6e-021
03520 258.0 012.3 0000.3 100 100 4.7e-021
03580 258.0 012.4 0000.2 100 100 5.9e-021
03640 250.0 013.0 0000.4 100 100 3.4e-021
03700 250.0 011.4 0000.2 100 100 8.4e-021
03760 251.0 012.0 0000.2 100 100 8.5e-021
03820 242.0 006.8 -000.1 100 100 7.3e-021
03880 261.0 013.2 0000.0 100 100 6.5e-021
03940 264.0 012.9 0000.0 100 100 1.3e-021
04000 272.0 013.7 0000.1 100 100 4.5e-021
04060 ///// ///// 0000.1 000 000 3.3e-021
04120 ///// ///// -000.1 000 000 4.2e-021
04180 ///// ///// 0000.1 000 000 4.8e-021
04240 ///// ///// 0000.4 000 000 4.1e-021
04300 ///// ///// -000.0 000 000 4.1e-021
04360 ///// ///// -000.0 000 000 5.0e-021
04420 254.0 012.5 0000.3 100 100 9.9e-021
04480 257.0 012.5 0000.1 100 100 1.6e-020
04540 249.0 011.9 0000.1 100 100 1.7e-020
04600 256.0 013.0 0000.3 100 100 3.1e-020
04660 257.0 012.2 0000.5 100 100 4.3e-020
04720 259.0 012.2 0000.3 100 100 7.0e-020
04780 258.0 012.9 0000.7 100 100 1.0e-020
04840 257.0 012.3 0000.5 100 100 4.5e-021
04900 253.0 012.3 -000.2 100 100 1.3e-020
04960 261.0 013.3 0000.8 100 100 1.7e-020
05020 255.0 012.3 -000.3 100 100 3.9e-021
05080 257.0 013.2 0000.0 100 100 4.8e-021
05140 ///// ///// 0000.0 000 000 6.5e-021
05200 252.0 012.3 -000.2 100 100 2.9e-021
05260 ///// ///// -000.2 000 000 5.4e-021
05320 ///// ///// 0000.8 000 000 4.5e-021
05380 ///// ///// 0000.0 000 000 4.4e-021
05440 ///// ///// 0000.0 000 000 3.4e-021
05500 ///// ///// 0000.0 000 000 4.7e-021
05560 ///// ///// 0000.0 000 000 2.2e-021
05620 ///// ///// 0000.0 000 000 3.4e-021
05680 ///// ///// 0000.0 000 000 5.8e-021
05740 ///// ///// 0000.0 000 000 1.8e-021
05800 ///// ///// 0000.0 000 000 4.9e-021
05860 ///// ///// 0000.0 000 000 4.2e-021
05920 ///// ///// 0000.0 000 000 6.9e-021
05980 ///// ///// 0000.0 000 000 2.7e-021
NNNN
