WNDROBS 01.20
57793 0114.3600 027.7900 00130.0 LC 20130628064000
ROBS
00100 008.0 003.9 0004.0 100 100 1.6e-017
00160 008.0 004.3 0004.4 100 100 3.6e-017
00220 029.0 005.9 0005.5 100 100 3.2e-017
00280 009.0 004.8 0006.1 100 100 4.9e-017
00340 007.0 004.9 0006.3 100 100 5.2e-017
00400 009.0 006.1 0006.2 100 100 5.0e-017
00460 007.0 007.3 0006.1 100 100 5.6e-017
00520 008.0 007.9 0006.0 100 100 4.8e-017
00580 012.0 008.3 0006.1 100 100 4.9e-017
00640 028.0 007.2 0006.3 100 100 4.0e-017
00700 031.0 005.5 0005.8 100 100 5.9e-017
00760 028.0 004.9 0005.0 100 100 6.3e-017
00820 341.0 004.4 0004.5 100 100 3.2e-017
00880 330.0 004.1 0004.4 100 100 4.8e-017
00940 336.0 003.2 0004.5 100 100 6.8e-017
01000 297.0 002.3 0004.7 100 100 7.3e-017
01060 287.0 002.7 0004.8 100 100 9.7e-018
01120 271.0 004.1 0004.8 100 100 9.3e-018
01180 264.0 002.7 0004.8 100 100 9.9e-018
01240 265.0 006.1 0005.5 100 100 1.4e-017
01300 256.0 005.9 0005.5 100 100 1.8e-017
01360 255.0 009.2 0005.3 100 100 1.9e-017
01420 258.0 011.6 0005.0 100 100 1.9e-017
01480 253.0 009.3 0004.9 100 100 1.8e-017
01540 251.0 012.0 0005.1 100 100 1.9e-017
01600 250.0 013.1 0005.1 100 100 1.9e-017
01660 251.0 012.4 0004.9 100 100 1.6e-017
01720 246.0 012.1 0005.2 100 100 1.8e-017
01780 246.0 011.3 0005.9 100 100 1.7e-017
01840 247.0 012.4 0006.0 100 100 1.9e-017
01900 245.0 013.7 0005.8 100 100 1.8e-017
01960 243.0 011.3 0005.2 100 100 1.3e-017
02020 243.0 012.5 0004.7 100 100 1.4e-017
02080 242.0 013.9 0004.1 100 100 1.5e-017
02140 238.0 012.8 0004.6 100 100 1.4e-017
02200 233.0 011.5 0005.1 100 100 1.4e-017
02260 240.0 012.7 0005.5 100 100 1.5e-017
02320 235.0 013.2 0005.5 100 100 1.6e-017
02380 234.0 012.9 0005.9 100 100 1.8e-017
02440 233.0 012.8 0006.0 100 100 1.9e-017
02500 232.0 013.0 0005.9 100 100 1.9e-017
02560 236.0 012.9 0005.5 100 100 1.6e-017
02620 234.0 012.3 0005.9 100 100 1.4e-017
02680 220.0 013.8 0005.7 100 100 1.8e-017
02740 225.0 015.1 0005.9 100 100 1.9e-017
02800 228.0 015.6 0005.9 100 100 1.8e-017
02860 227.0 015.8 0006.2 100 100 1.6e-017
02920 225.0 016.1 0005.8 100 100 1.5e-017
02980 230.0 016.0 0005.6 100 100 1.4e-017
03040 231.0 016.0 0005.6 100 100 1.3e-017
03100 234.0 016.5 0006.1 100 100 1.2e-017
03160 231.0 018.3 0005.7 100 100 1.0e-017
03220 226.0 018.0 0005.2 100 100 6.8e-018
03280 225.0 021.1 0005.3 100 100 9.1e-018
03340 222.0 020.7 0005.5 100 100 8.6e-018
03400 221.0 021.8 0005.6 100 100 7.2e-018
03460 226.0 027.1 0005.5 100 100 8.5e-018
03520 224.0 028.6 0005.9 100 100 8.7e-018
03580 222.0 028.2 0005.2 100 100 8.1e-018
03640 224.0 026.8 0005.4 100 100 7.7e-018
03700 222.0 026.4 0005.2 100 100 9.4e-018
03760 219.0 025.2 0005.8 100 100 9.5e-018
03820 220.0 023.8 0005.1 100 100 1.0e-017
03880 224.0 022.3 0005.6 100 100 9.9e-018
03940 223.0 025.0 0005.3 100 100 1.3e-017
04000 223.0 024.3 0005.7 100 100 1.4e-017
04060 222.0 023.4 0005.7 100 100 1.4e-017
04120 222.0 022.0 0005.5 100 100 1.5e-017
04180 223.0 022.3 0006.1 100 100 1.5e-017
04240 225.0 020.4 0005.9 100 100 1.6e-017
04300 223.0 020.3 0006.0 100 100 1.5e-017
04360 220.0 021.0 0005.7 100 100 1.5e-017
04420 220.0 020.8 0006.1 100 100 1.6e-017
04480 219.0 021.7 0005.5 100 100 1.7e-017
04540 219.0 021.2 0004.9 100 100 1.9e-017
04600 220.0 021.2 0003.5 100 100 2.2e-017
04660 217.0 021.3 0002.7 100 100 2.8e-017
04720 213.0 020.6 0002.6 100 100 3.7e-017
04780 211.0 020.4 0002.8 100 100 1.7e-017
04840 212.0 021.0 0002.6 100 100 1.7e-017
04900 212.0 020.7 0002.4 100 100 1.7e-017
04960 212.0 020.8 0002.2 100 100 1.6e-017
05020 213.0 020.7 0001.9 100 100 1.4e-017
05080 213.0 021.1 0001.8 100 100 1.1e-017
05140 214.0 021.4 0001.8 100 100 8.6e-018
05200 215.0 021.4 0001.7 100 100 6.6e-018
05260 216.0 021.5 0001.7 100 100 5.1e-018
05320 218.0 020.9 0001.7 100 100 4.1e-018
05380 218.0 020.4 0001.7 100 100 3.4e-018
05440 218.0 020.2 0001.7 100 100 3.2e-018
05500 219.0 020.1 0001.6 100 100 2.9e-018
05560 220.0 020.2 0001.6 100 100 2.9e-018
05620 221.0 020.5 0001.5 100 100 2.7e-018
05680 222.0 020.5 0001.4 100 100 2.8e-018
05740 223.0 020.3 0001.4 100 100 2.5e-018
05800 223.0 020.1 0001.4 100 100 2.6e-018
05860 224.0 019.7 0001.3 100 100 2.4e-018
05920 225.0 019.2 0001.2 100 100 2.4e-018
05980 225.0 018.7 0001.2 100 100 2.3e-018
NNNN
