WNDROBS 01.20
57793 0114.3600 027.7900 00130.0 LC 20130629220500
ROBS
00100 052.0 005.0 0000.2 100 100 4.0e-021
00160 078.0 004.6 0000.1 100 100 1.1e-020
00220 122.0 004.0 0000.3 100 100 1.3e-020
00280 107.0 004.3 -000.1 100 100 1.3e-020
00340 125.0 002.6 -000.1 100 100 1.9e-020
00400 140.0 002.8 0000.1 100 100 2.4e-020
00460 152.0 003.9 -000.0 100 100 4.0e-020
00520 162.0 005.7 -000.0 100 100 4.2e-020
00580 170.0 006.9 -000.0 100 100 1.8e-019
00640 178.0 006.3 -000.0 100 100 1.9e-019
00700 190.0 004.4 0000.1 100 100 6.5e-020
00760 197.0 002.9 0000.2 100 100 3.2e-020
00820 216.0 001.7 0000.4 100 100 1.6e-020
00880 260.0 004.6 -000.0 100 100 7.4e-021
00940 234.0 005.7 -000.6 100 100 5.2e-021
01000 236.0 006.9 -000.1 100 100 7.3e-021
01060 236.0 002.6 -000.0 100 100 1.9e-021
01120 225.0 003.8 -000.0 100 100 3.0e-021
01180 225.0 004.0 -000.1 100 100 3.1e-021
01240 228.0 004.9 -000.2 100 100 2.5e-021
01300 231.0 005.2 -000.1 100 100 3.7e-021
01360 239.0 005.5 -000.2 100 100 6.8e-021
01420 234.0 006.2 -000.2 100 100 4.6e-021
01480 226.0 008.5 -000.2 100 100 4.3e-021
01540 226.0 009.0 -000.3 100 100 2.8e-021
01600 227.0 009.9 -000.5 100 100 1.5e-021
01660 232.0 010.7 -000.3 100 100 1.6e-021
01720 232.0 010.5 -000.3 100 100 2.4e-021
01780 233.0 011.6 -000.4 100 100 2.4e-021
01840 230.0 010.8 -000.3 100 100 2.0e-021
01900 229.0 011.4 -000.6 100 100 7.1e-022
01960 229.0 011.2 -000.1 100 100 2.0e-021
02020 226.0 011.2 -000.0 100 100 3.2e-021
02080 230.0 010.1 -000.0 100 100 4.4e-021
02140 228.0 010.6 -000.1 100 100 6.5e-021
02200 228.0 010.2 -000.2 100 100 5.3e-021
02260 219.0 008.7 0000.0 100 100 2.8e-021
02320 207.0 008.5 -000.1 100 100 2.0e-021
02380 214.0 008.8 -000.1 100 100 3.2e-021
02440 210.0 008.8 -000.2 100 100 7.3e-021
02500 207.0 008.6 -000.2 100 100 6.4e-021
02560 203.0 008.4 0000.1 100 100 5.4e-021
02620 202.0 008.2 -000.6 100 100 3.3e-021
02680 201.0 008.3 -000.3 100 100 3.4e-021
02740 199.0 007.9 0000.0 100 100 3.1e-021
02800 200.0 008.1 0000.0 100 100 3.8e-021
02860 201.0 008.2 0000.4 100 100 4.7e-021
02920 202.0 008.3 0000.0 100 100 4.0e-021
02980 202.0 008.1 0000.0 100 100 4.3e-021
03040 199.0 008.0 0000.0 100 100 1.7e-021
03100 202.0 007.5 -000.1 100 100 3.2e-021
03160 200.0 007.4 -000.1 100 100 5.7e-021
03220 207.0 007.8 0000.1 100 100 7.0e-021
03280 207.0 007.4 0000.4 100 100 4.6e-021
03340 206.0 007.9 0000.1 100 100 6.3e-021
03400 208.0 008.1 0000.0 100 100 3.6e-021
03460 211.0 007.8 0000.5 100 100 3.6e-021
03520 217.0 008.3 0000.0 100 100 3.0e-021
03580 214.0 007.8 0000.0 100 100 3.1e-021
03640 214.0 007.9 0000.0 100 100 6.0e-021
03700 214.0 008.8 0000.3 100 100 6.0e-021
03760 214.0 008.9 0000.6 100 100 5.3e-021
03820 212.0 009.0 0000.0 100 100 3.4e-021
03880 225.0 007.7 0000.9 100 100 4.7e-021
03940 226.0 008.5 0000.2 100 100 5.1e-021
04000 222.0 008.2 0000.3 100 100 6.4e-021
04060 221.0 008.4 0000.2 100 100 7.0e-021
04120 221.0 008.5 -000.1 100 100 1.0e-020
04180 237.0 008.5 0000.4 100 100 6.0e-021
04240 242.0 008.0 0000.3 100 100 2.2e-020
04300 242.0 008.7 -000.7 100 100 3.3e-020
04360 239.0 009.1 0000.8 100 100 2.4e-020
04420 240.0 009.8 -001.2 100 100 2.1e-020
04480 237.0 009.8 -000.6 100 100 2.0e-020
04540 232.0 009.3 0001.4 100 100 2.4e-020
04600 233.0 008.8 0000.9 100 100 3.6e-020
04660 220.0 008.7 0000.9 100 100 5.1e-020
04720 228.0 007.3 0000.9 100 100 8.7e-020
04780 226.0 007.0 0000.7 100 100 2.8e-020
04840 226.0 006.6 0000.9 100 100 2.8e-020
04900 226.0 006.9 -000.1 100 100 3.0e-020
04960 225.0 006.4 -000.1 100 100 3.1e-020
05020 228.0 007.5 0000.0 100 100 1.9e-020
05080 ///// ///// 0000.0 000 000 4.7e-021
05140 ///// ///// 0000.0 000 000 3.6e-021
05200 ///// ///// 0000.0 000 000 5.4e-021
05260 ///// ///// 0000.0 000 000 1.0e-021
05320 ///// ///// 0000.0 000 000 2.9e-021
05380 ///// ///// 0000.0 000 000 2.6e-021
05440 ///// ///// 0000.0 000 000 4.5e-021
05500 ///// ///// 0000.0 000 000 2.1e-021
05560 ///// ///// 0000.0 000 000 4.0e-021
05620 ///// ///// 0000.0 000 000 2.5e-021
05680 ///// ///// 0000.0 000 000 4.2e-021
05740 ///// ///// -000.9 000 000 1.7e-021
05800 ///// ///// -000.0 000 000 6.8e-021
05860 ///// ///// 0000.0 000 000 5.5e-021
05920 ///// ///// -001.3 000 000 4.9e-021
05980 ///// ///// 0000.0 000 000 5.0e-021
NNNN
