WNDROBS 01.20
57793 0114.3600 027.7900 00130.0 LC 20130629080500
ROBS
00100 115.0 002.7 -001.5 100 100 2.8e-021
00160 095.0 002.7 -001.6 100 100 7.1e-021
00220 049.0 003.0 0000.2 100 100 4.4e-021
00280 064.0 002.9 -000.0 100 100 6.7e-021
00340 061.0 003.3 -000.1 100 100 9.7e-021
00400 067.0 003.5 -000.4 100 100 1.0e-020
00460 072.0 004.9 -000.3 100 100 3.0e-021
00520 079.0 006.1 -000.8 100 100 4.3e-021
00580 099.0 005.2 -000.8 100 100 1.1e-020
00640 114.0 004.8 -000.9 100 100 5.2e-021
00700 136.0 006.1 -001.0 100 100 6.4e-021
00760 150.0 006.2 0000.1 100 100 1.7e-020
00820 152.0 005.5 0000.1 100 100 5.2e-020
00880 164.0 004.9 0000.0 100 100 4.9e-020
00940 163.0 003.6 0000.2 100 100 2.2e-020
01000 159.0 002.8 -000.3 100 100 2.6e-020
01060 186.0 002.1 -000.1 100 100 7.3e-021
01120 232.0 001.5 -000.2 100 100 1.3e-020
01180 231.0 001.5 -000.1 100 100 1.1e-020
01240 235.0 002.3 -000.2 100 100 1.4e-020
01300 239.0 003.4 -000.2 100 100 1.4e-020
01360 239.0 004.8 -000.2 100 100 1.5e-020
01420 234.0 006.2 -000.2 100 100 8.1e-021
01480 230.0 006.4 -000.2 100 100 2.4e-021
01540 230.0 007.0 -000.1 100 100 3.1e-021
01600 229.0 006.9 -000.0 100 100 7.5e-021
01660 225.0 008.1 -000.4 100 100 1.3e-020
01720 225.0 009.3 0000.4 100 100 5.4e-021
01780 223.0 010.3 -000.1 100 100 2.3e-021
01840 232.0 010.2 -000.1 100 100 7.1e-021
01900 228.0 009.5 -000.2 100 100 1.1e-020
01960 238.0 011.5 0000.0 100 100 1.2e-020
02020 238.0 011.4 -000.2 100 100 1.0e-020
02080 242.0 013.4 0000.2 100 100 4.3e-021
02140 242.0 010.9 -000.3 100 100 3.8e-021
02200 239.0 010.7 0000.0 100 100 2.8e-021
02260 237.0 010.5 0000.0 100 100 2.7e-021
02320 236.0 009.4 -000.0 100 100 3.1e-021
02380 240.0 009.7 -000.2 100 100 2.7e-021
02440 238.0 008.6 -000.3 100 100 4.7e-021
02500 236.0 009.4 -000.6 100 100 5.0e-021
02560 237.0 009.3 -000.3 100 100 5.0e-021
02620 239.0 008.4 -000.3 100 100 3.5e-021
02680 238.0 007.0 -000.5 100 100 2.3e-021
02740 236.0 007.1 -000.0 100 100 1.5e-021
02800 237.0 007.1 0000.0 100 100 1.8e-021
02860 232.0 006.3 0000.0 100 100 1.8e-021
02920 237.0 007.4 0000.0 100 100 6.0e-022
02980 254.0 008.4 0000.0 100 100 1.0e-021
03040 247.0 011.0 -000.7 100 100 1.7e-021
03100 247.0 011.8 0000.0 100 100 1.3e-021
03160 250.0 012.2 0000.0 100 100 1.6e-021
03220 ///// ///// -000.1 000 000 1.7e-021
03280 ///// ///// 0000.0 000 000 1.7e-021
03340 ///// ///// 0000.0 000 000 1.9e-021
03400 ///// ///// 0000.0 000 000 1.9e-021
03460 ///// ///// -000.3 000 000 3.4e-021
03520 ///// ///// -000.3 000 000 3.3e-021
03580 ///// ///// -000.3 000 000 3.3e-021
03640 ///// ///// -000.8 000 000 8.6e-021
03700 ///// ///// 0000.0 000 000 4.1e-021
03760 ///// ///// -000.2 000 000 2.3e-021
03820 ///// ///// -001.1 000 000 3.1e-021
03880 ///// ///// -000.6 000 000 1.2e-021
03940 ///// ///// 0000.0 000 000 3.2e-021
04000 ///// ///// 0000.0 000 000 1.4e-021
04060 ///// ///// 0000.0 000 000 1.8e-021
04120 ///// ///// 0000.6 000 000 2.8e-021
04180 ///// ///// 0000.0 000 000 2.2e-021
04240 ///// ///// 0000.0 000 000 2.5e-021
04300 ///// ///// -001.1 000 000 2.7e-021
04360 ///// ///// 0000.0 000 000 1.8e-021
04420 ///// ///// 0000.0 000 000 6.0e-022
04480 ///// ///// 0000.0 000 000 2.7e-021
04540 ///// ///// 0000.0 000 000 3.8e-021
04600 ///// ///// 0000.0 000 000 3.3e-021
04660 ///// ///// 0000.0 000 000 8.8e-022
04720 ///// ///// 0000.0 000 000 4.2e-021
04780 ///// ///// 0000.0 000 000 2.5e-021
04840 ///// ///// 0000.5 000 000 3.2e-021
04900 ///// ///// 0000.0 000 000 1.3e-021
04960 ///// ///// 0000.0 000 000 1.5e-021
05020 ///// ///// 0000.0 000 000 6.4e-022
05080 ///// ///// -001.2 000 000 1.2e-021
05140 ///// ///// 0000.0 000 000 3.7e-021
05200 ///// ///// -000.0 000 000 1.3e-021
05260 ///// ///// 0000.0 000 000 2.5e-021
05320 ///// ///// 0000.0 000 000 9.4e-022
05380 ///// ///// 0000.0 000 000 3.9e-021
05440 ///// ///// 0000.0 000 000 1.3e-021
05500 ///// ///// 0000.0 000 000 1.0e-021
05560 ///// ///// 0000.0 000 000 2.9e-021
05620 ///// ///// 0000.0 000 000 3.6e-021
05680 ///// ///// 0000.0 000 000 3.3e-022
05740 ///// ///// 0000.0 000 000 2.7e-021
05800 ///// ///// 0000.0 000 000 2.1e-021
05860 ///// ///// 0000.0 000 000 1.8e-021
05920 ///// ///// 0000.0 000 000 4.3e-021
05980 ///// ///// -000.1 000 000 5.8e-021
NNNN
