WNDROBS 01.20
57793 0114.3600 027.7900 00130.0 LC 20130629232000
ROBS
00100 153.0 004.6 0002.2 100 100 1.8e-021
00160 150.0 004.5 0002.2 100 100 4.2e-021
00220 146.0 004.1 0002.2 100 100 8.4e-021
00280 153.0 004.3 -000.0 100 100 1.4e-020
00340 167.0 004.5 -000.1 100 100 2.4e-020
00400 167.0 005.8 -000.1 100 100 4.5e-020
00460 170.0 007.2 -000.0 100 100 1.0e-019
00520 170.0 008.0 0000.1 100 100 2.9e-019
00580 169.0 005.7 0000.0 100 100 1.8e-019
00640 159.0 001.9 -000.2 100 100 7.4e-020
00700 125.0 001.8 -000.2 100 100 7.6e-020
00760 193.0 001.8 0000.8 100 100 1.4e-020
00820 239.0 001.1 -000.0 100 100 1.1e-020
00880 252.0 002.1 -000.0 100 100 8.1e-021
00940 233.0 002.6 0000.0 100 100 7.2e-021
01000 237.0 003.6 -000.3 100 100 8.2e-021
01060 230.0 003.0 0001.0 100 100 2.4e-021
01120 232.0 004.2 -000.1 100 100 2.1e-021
01180 221.0 005.6 -000.5 100 100 2.4e-021
01240 218.0 005.1 0000.1 100 100 2.6e-021
01300 220.0 007.5 0000.1 100 100 3.0e-021
01360 219.0 007.8 0000.0 100 100 4.1e-021
01420 226.0 009.0 -000.1 100 100 4.3e-021
01480 228.0 009.9 0000.1 100 100 5.1e-021
01540 234.0 011.6 0000.4 100 100 7.6e-021
01600 231.0 012.1 0000.5 100 100 8.5e-021
01660 237.0 013.9 -000.0 100 100 7.5e-021
01720 231.0 013.6 -000.0 100 100 7.8e-021
01780 233.0 012.4 0000.2 100 100 5.2e-021
01840 232.0 012.2 0000.3 100 100 2.7e-021
01900 236.0 010.9 0000.1 100 100 1.5e-021
01960 232.0 010.0 0000.0 100 100 1.7e-021
02020 232.0 009.7 0000.2 100 100 1.8e-021
02080 234.0 009.5 0000.1 100 100 1.8e-021
02140 235.0 009.4 0000.2 100 100 2.3e-021
02200 233.0 010.2 0000.0 100 100 2.2e-021
02260 232.0 008.7 0000.0 100 100 1.5e-021
02320 232.0 008.8 0000.1 100 100 2.4e-021
02380 228.0 008.1 -000.3 100 100 2.7e-021
02440 231.0 007.8 0000.0 100 100 2.4e-021
02500 226.0 007.8 0000.0 100 100 2.3e-021
02560 215.0 009.0 0000.0 100 100 2.7e-021
02620 213.0 009.4 0000.0 100 100 4.1e-021
02680 209.0 010.5 0000.0 100 100 3.9e-021
02740 215.0 008.5 0000.0 100 100 2.0e-021
02800 215.0 008.6 0000.0 100 100 2.4e-021
02860 212.0 009.1 -000.2 100 100 3.9e-021
02920 213.0 009.4 0000.1 100 100 4.2e-021
02980 212.0 009.6 0000.0 100 100 1.5e-021
03040 206.0 009.3 0000.0 100 100 2.7e-021
03100 202.0 008.8 -000.7 100 100 3.1e-021
03160 201.0 009.1 -000.1 100 100 3.2e-021
03220 216.0 006.7 0000.0 100 100 3.9e-021
03280 219.0 007.0 -000.1 100 100 7.7e-021
03340 214.0 008.5 -000.0 100 100 8.0e-021
03400 211.0 009.0 0000.0 100 100 4.9e-021
03460 207.0 008.8 0000.2 100 100 6.9e-021
03520 208.0 008.7 0000.1 100 100 8.7e-021
03580 213.0 009.1 0000.1 100 100 1.1e-020
03640 208.0 008.4 0000.0 100 100 6.5e-021
03700 213.0 007.9 0000.0 100 100 5.7e-021
03760 210.0 007.8 0000.0 100 100 1.9e-022
03820 210.0 007.8 0000.0 100 100 1.4e-021
03880 182.0 006.6 0000.0 100 100 3.0e-021
03940 208.0 007.8 0000.0 100 100 1.1e-021
04000 217.0 006.3 0000.0 100 100 2.0e-021
04060 218.0 006.5 0000.0 100 100 2.5e-021
04120 247.0 004.4 0000.1 100 100 2.7e-021
04180 238.0 004.8 -000.0 100 100 3.2e-021
04240 237.0 006.4 0000.0 100 100 2.9e-021
04300 252.0 007.4 0000.1 100 100 4.4e-021
04360 257.0 008.4 -000.2 100 100 7.9e-021
04420 252.0 009.8 0000.2 100 100 9.0e-021
04480 254.0 011.1 0000.1 100 100 8.8e-021
04540 248.0 009.9 0000.4 100 100 7.2e-021
04600 248.0 008.2 0000.0 100 100 3.6e-021
04660 250.0 008.3 0000.0 100 100 5.5e-021
04720 243.0 007.9 0000.3 100 100 9.3e-021
04780 245.0 007.8 0000.6 100 100 3.3e-021
04840 242.0 008.6 0000.4 100 100 7.7e-021
04900 243.0 008.8 0000.3 100 100 1.3e-020
04960 239.0 009.5 0000.5 100 100 3.5e-020
05020 234.0 010.0 0000.5 100 100 2.2e-020
05080 242.0 009.3 0000.5 100 100 3.3e-020
05140 236.0 010.1 0000.0 100 100 1.8e-020
05200 241.0 009.0 0000.0 100 100 2.2e-020
05260 239.0 010.1 0000.0 100 100 2.5e-020
05320 240.0 009.8 0000.0 100 100 2.1e-020
05380 234.0 010.3 0000.2 100 100 1.1e-020
05440 ///// ///// 0000.0 000 000 9.7e-022
05500 ///// ///// 0000.0 000 000 5.9e-022
05560 ///// ///// 0000.0 000 000 5.7e-022
05620 ///// ///// 0000.1 000 000 3.9e-021
05680 ///// ///// 0000.0 000 000 2.4e-021
05740 ///// ///// 0000.0 000 000 3.9e-021
05800 ///// ///// 0000.0 000 000 5.0e-021
05860 ///// ///// 0000.0 000 000 5.9e-022
05920 ///// ///// 0000.0 000 000 4.4e-021
05980 ///// ///// 0000.0 000 000 4.1e-021
NNNN
