WNDROBS 01.20
57793 0114.3600 027.7900 00130.0 LC 20130629103000
ROBS
00100 120.0 006.9 0001.0 100 100 5.0e-021
00160 142.0 005.6 0001.1 100 100 6.1e-021
00220 135.0 006.8 0001.6 100 100 4.0e-021
00280 122.0 005.6 0000.0 100 100 2.3e-020
00340 136.0 004.7 0000.2 100 100 3.9e-020
00400 133.0 005.5 0000.3 100 100 1.0e-019
00460 140.0 006.1 0000.3 100 100 5.7e-020
00520 145.0 007.1 0000.3 100 100 3.7e-020
00580 155.0 008.5 0000.1 100 100 6.4e-020
00640 159.0 008.8 0000.2 100 100 1.1e-019
00700 160.0 007.4 0000.2 100 100 1.8e-019
00760 165.0 006.2 0000.0 100 100 5.7e-020
00820 166.0 006.4 -000.1 100 100 6.5e-021
00880 145.0 002.5 0000.0 100 100 6.4e-021
00940 145.0 002.5 -000.0 100 100 1.1e-020
01000 164.0 002.4 -000.2 100 100 2.3e-020
01060 186.0 001.0 -000.0 100 100 5.3e-021
01120 208.0 002.3 0000.1 100 100 2.2e-020
01180 219.0 003.0 -000.1 100 100 2.4e-020
01240 221.0 004.6 0000.1 100 100 1.9e-020
01300 228.0 006.2 0000.1 100 100 1.9e-020
01360 225.0 007.7 0000.2 100 100 1.6e-020
01420 222.0 008.8 0000.2 100 100 7.6e-021
01480 223.0 009.2 0000.3 100 100 1.3e-020
01540 222.0 009.9 0000.3 100 100 2.1e-020
01600 224.0 010.5 0000.2 100 100 2.2e-020
01660 226.0 011.1 0000.1 100 100 1.4e-020
01720 227.0 010.6 0000.3 100 100 1.8e-020
01780 230.0 010.2 0000.2 100 100 3.5e-020
01840 229.0 010.0 0000.3 100 100 2.5e-020
01900 231.0 009.3 0000.2 100 100 9.6e-021
01960 231.0 008.8 0000.2 100 100 8.8e-021
02020 233.0 008.1 0000.3 100 100 4.8e-021
02080 232.0 007.9 0000.1 100 100 3.6e-021
02140 235.0 008.2 0000.1 100 100 3.6e-021
02200 235.0 008.6 0000.0 100 100 8.2e-021
02260 234.0 009.7 0000.0 100 100 9.9e-021
02320 232.0 010.4 -000.0 100 100 9.7e-021
02380 232.0 010.8 -000.1 100 100 6.1e-021
02440 233.0 010.5 -000.1 100 100 6.2e-021
02500 233.0 010.1 -000.1 100 100 5.5e-021
02560 235.0 010.6 -000.3 100 100 4.2e-021
02620 231.0 010.2 -000.4 100 100 8.0e-021
02680 230.0 010.8 -000.5 100 100 1.1e-020
02740 232.0 011.2 -000.8 100 100 1.3e-020
02800 231.0 011.3 -000.5 100 100 1.0e-020
02860 232.0 011.5 0000.0 100 100 6.6e-021
02920 232.0 012.1 -000.7 100 100 7.3e-021
02980 232.0 012.2 -000.6 100 100 7.7e-021
03040 229.0 011.8 -000.6 100 100 8.1e-021
03100 232.0 012.0 -000.6 100 100 1.1e-020
03160 234.0 012.2 -000.5 100 100 1.6e-020
03220 234.0 012.4 -000.4 100 100 1.3e-020
03280 232.0 013.8 -000.5 100 100 1.2e-020
03340 230.0 013.1 -000.4 100 100 1.5e-020
03400 229.0 013.4 -000.3 100 100 1.6e-020
03460 228.0 013.5 -000.4 100 100 9.5e-021
03520 228.0 013.7 -000.4 100 100 9.3e-021
03580 229.0 013.9 -000.2 100 100 1.2e-020
03640 226.0 013.6 -000.4 100 100 1.5e-020
03700 228.0 014.9 -000.4 100 100 8.6e-021
03760 226.0 014.5 -000.9 100 100 6.8e-021
03820 222.0 014.8 -000.7 100 100 9.0e-021
03880 223.0 015.2 -000.6 100 100 4.9e-021
03940 214.0 014.6 -000.7 100 100 9.8e-021
04000 213.0 013.1 -000.6 100 100 6.7e-021
04060 213.0 014.0 0000.4 100 100 7.8e-021
04120 233.0 009.6 0000.0 100 100 3.4e-021
04180 232.0 010.3 0000.0 100 100 1.1e-021
04240 197.0 004.6 0001.0 100 100 3.3e-021
04300 ///// ///// -000.5 000 000 4.2e-021
04360 ///// ///// -000.5 000 000 6.7e-021
04420 223.0 012.4 0000.0 100 100 2.1e-021
04480 218.0 012.4 0000.0 100 100 5.1e-021
04540 227.0 011.1 0000.0 100 100 7.2e-021
04600 235.0 011.4 0000.2 100 100 4.7e-021
04660 249.0 011.3 0000.0 100 100 3.9e-021
04720 239.0 010.6 0000.0 100 100 4.9e-022
04780 ///// ///// 0000.0 000 000 1.4e-021
04840 ///// ///// 0000.0 000 000 1.0e-021
04900 ///// ///// 0000.0 000 000 4.1e-021
04960 ///// ///// 0000.0 000 000 2.9e-021
05020 ///// ///// 0000.6 000 000 3.7e-021
05080 ///// ///// 0000.0 000 000 2.6e-021
05140 ///// ///// 0000.0 000 000 2.6e-021
05200 ///// ///// 0000.0 000 000 1.1e-021
05260 ///// ///// 0000.0 000 000 3.3e-021
05320 ///// ///// 0001.1 000 000 3.7e-021
05380 ///// ///// 0000.0 000 000 3.9e-021
05440 ///// ///// 0000.0 000 000 4.6e-021
05500 ///// ///// 0001.1 000 000 3.3e-021
05560 ///// ///// 0000.0 000 000 3.1e-021
05620 ///// ///// 0000.0 000 000 3.0e-021
05680 ///// ///// 0000.0 000 000 4.9e-021
05740 ///// ///// 0000.0 000 000 2.1e-021
05800 ///// ///// 0000.0 000 000 1.7e-021
05860 ///// ///// 0000.0 000 000 2.4e-021
05920 ///// ///// 0000.0 000 000 4.1e-021
05980 ///// ///// 0000.0 000 000 4.7e-021
NNNN
