WNDROBS 01.20
57793 0114.3600 027.7900 00130.0 LC 20130629131000
ROBS
00100 086.0 005.6 -000.3 100 100 1.1e-020
00160 086.0 005.6 -000.3 100 100 3.9e-020
00220 084.0 006.2 0000.3 100 100 5.9e-020
00280 095.0 005.2 -000.5 100 100 2.2e-020
00340 112.0 007.8 -000.1 100 100 1.1e-020
00400 120.0 006.8 0000.0 100 100 3.4e-020
00460 144.0 006.4 -000.1 100 100 4.9e-020
00520 151.0 007.1 -000.2 100 100 3.2e-020
00580 154.0 006.9 0000.4 100 100 4.5e-021
00640 167.0 009.7 0000.5 100 100 3.0e-021
00700 166.0 009.0 0000.1 100 100 4.3e-021
00760 173.0 011.1 0000.2 100 100 5.2e-021
00820 173.0 011.9 -000.0 100 100 9.4e-021
00880 175.0 013.0 0000.2 100 100 1.4e-020
00940 178.0 012.8 0000.0 100 100 2.7e-020
01000 177.0 012.1 0000.1 100 100 2.6e-020
01060 173.0 011.9 0000.1 100 100 1.3e-020
01120 171.0 010.9 -000.1 100 100 7.6e-021
01180 168.0 009.6 -000.0 100 100 1.5e-020
01240 167.0 008.7 -000.2 100 100 2.6e-020
01300 184.0 008.2 -000.3 100 100 4.4e-020
01360 195.0 007.8 -000.4 100 100 3.1e-020
01420 198.0 007.4 -000.4 100 100 3.1e-020
01480 204.0 006.8 -000.3 100 100 3.0e-020
01540 209.0 006.1 -000.0 100 100 3.5e-020
01600 215.0 005.7 -000.0 100 100 7.0e-020
01660 215.0 005.4 0000.0 100 100 8.9e-020
01720 223.0 005.7 -000.4 100 100 4.6e-020
01780 220.0 005.7 -000.5 100 100 2.2e-020
01840 222.0 006.4 -000.5 100 100 2.8e-020
01900 227.0 007.8 -000.3 100 100 3.0e-020
01960 232.0 008.1 -000.4 100 100 1.4e-020
02020 229.0 009.3 -000.3 100 100 1.1e-020
02080 225.0 009.6 -000.3 100 100 1.3e-020
02140 227.0 009.8 -000.4 100 100 1.1e-020
02200 226.0 009.9 -000.2 100 100 1.1e-020
02260 217.0 009.8 -000.3 100 100 8.6e-021
02320 215.0 009.8 -000.1 100 100 6.8e-021
02380 222.0 010.2 -000.3 100 100 4.4e-021
02440 226.0 010.4 -000.4 100 100 4.6e-021
02500 229.0 011.2 0000.0 100 100 3.7e-021
02560 216.0 012.9 -000.1 100 100 4.1e-021
02620 217.0 013.0 -000.2 100 100 6.8e-021
02680 223.0 010.9 -000.2 100 100 5.5e-021
02740 227.0 010.3 -000.1 100 100 4.8e-021
02800 227.0 011.1 -000.2 100 100 4.6e-021
02860 226.0 010.3 0000.0 100 100 2.3e-021
02920 228.0 010.1 0000.0 100 100 3.8e-021
02980 231.0 011.2 0000.0 100 100 2.8e-021
03040 225.0 009.7 0000.0 100 100 4.3e-021
03100 229.0 010.7 0000.0 100 100 4.9e-021
03160 228.0 009.1 0000.0 100 100 5.2e-021
03220 235.0 008.5 0000.0 100 100 2.8e-021
03280 244.0 007.9 0000.8 100 100 3.3e-021
03340 235.0 008.4 -001.1 100 100 2.3e-021
03400 228.0 008.8 0000.0 100 100 2.3e-021
03460 236.0 010.0 0000.0 100 100 6.4e-022
03520 234.0 008.0 -004.5 100 100 2.6e-021
03580 ///// ///// 0000.0 000 000 1.0e-021
03640 290.0 003.2 0000.0 100 100 1.9e-021
03700 285.0 002.2 0000.0 100 100 1.1e-022
03760 ///// ///// 0000.5 000 000 2.0e-021
03820 ///// ///// 0000.0 000 000 1.5e-021
03880 ///// ///// 0000.0 000 000 1.7e-021
03940 ///// ///// 0000.0 000 000 4.0e-022
04000 ///// ///// 0000.0 000 000 2.2e-021
04060 ///// ///// 0000.0 000 000 9.7e-022
04120 ///// ///// 0000.0 000 000 1.6e-021
04180 ///// ///// 0000.0 000 000 3.0e-021
04240 ///// ///// 0000.0 000 000 1.5e-021
04300 ///// ///// 0000.0 000 000 1.0e-021
04360 ///// ///// 0000.0 000 000 2.9e-021
04420 ///// ///// -000.3 000 000 4.6e-021
04480 ///// ///// 0000.0 000 000 3.0e-021
04540 ///// ///// 0000.1 000 000 3.4e-021
04600 ///// ///// 0000.0 000 000 6.7e-021
04660 ///// ///// 0000.0 000 000 2.5e-021
04720 ///// ///// 0000.0 000 000 6.8e-021
04780 ///// ///// 0000.0 000 000 2.9e-021
04840 ///// ///// 0000.0 000 000 2.2e-021
04900 ///// ///// -001.0 000 000 2.8e-021
04960 ///// ///// 0000.0 000 000 5.2e-021
05020 ///// ///// 0000.0 000 000 9.8e-021
05080 ///// ///// -002.6 000 000 1.5e-020
05140 ///// ///// 0000.0 000 000 1.7e-020
05200 ///// ///// 0003.1 000 000 7.8e-021
05260 ///// ///// 0000.0 000 000 1.7e-021
05320 ///// ///// 0000.0 000 000 6.0e-021
05380 ///// ///// 0000.0 000 000 1.9e-021
05440 ///// ///// 0003.3 000 000 5.6e-021
05500 ///// ///// -000.0 000 000 4.1e-021
05560 ///// ///// 0000.0 000 000 4.9e-021
05620 ///// ///// 0000.0 000 000 1.5e-021
05680 ///// ///// -000.6 000 000 1.7e-021
05740 ///// ///// 0000.0 000 000 4.9e-021
05800 ///// ///// 0000.0 000 000 5.2e-021
05860 ///// ///// 0000.0 000 000 5.3e-021
05920 ///// ///// 0000.0 000 000 6.6e-021
05980 ///// ///// 0000.0 000 000 4.3e-021
NNNN
