WNDROBS 01.20
57793 0114.3600 027.7900 00130.0 LC 20130629093500
ROBS
00100 177.0 002.2 0003.8 100 100 3.7e-020
00160 062.0 005.0 0004.0 100 100 4.3e-019
00220 070.0 005.7 0003.9 100 100 6.3e-019
00280 070.0 007.4 0003.8 100 100 6.3e-019
00340 091.0 006.9 0003.9 100 100 1.1e-018
00400 094.0 005.6 0003.9 100 100 1.2e-018
00460 102.0 004.7 0003.9 100 100 1.3e-018
00520 128.0 005.1 0003.8 100 100 1.3e-018
00580 141.0 005.2 0003.6 100 100 9.9e-019
00640 155.0 004.9 0003.6 100 100 8.6e-019
00700 151.0 004.1 0003.6 100 100 6.3e-019
00760 207.0 001.2 0003.7 100 100 5.3e-019
00820 261.0 002.1 0003.3 100 100 5.5e-019
00880 ///// ///// 0003.6 000 000 6.8e-019
00940 226.0 004.7 0006.3 100 100 1.1e-018
01000 239.0 005.4 0006.2 100 100 1.2e-018
01060 234.0 005.2 0006.7 100 100 3.1e-019
01120 242.0 005.2 0006.6 100 100 3.8e-019
01180 241.0 005.8 0006.4 100 100 4.5e-019
01240 243.0 005.8 0006.0 100 100 5.1e-019
01300 245.0 006.1 0006.1 100 100 5.0e-019
01360 235.0 006.0 0005.8 100 100 5.6e-019
01420 231.0 006.2 0005.7 100 100 5.6e-019
01480 230.0 006.9 0005.6 100 100 5.6e-019
01540 228.0 007.0 0005.3 100 100 5.2e-019
01600 223.0 006.9 0005.2 100 100 5.1e-019
01660 230.0 007.1 0005.1 100 100 4.7e-019
01720 227.0 007.5 0005.1 100 100 4.6e-019
01780 243.0 006.8 0005.2 100 100 4.8e-019
01840 245.0 007.5 0005.1 100 100 4.8e-019
01900 249.0 007.9 0005.2 100 100 5.1e-019
01960 247.0 008.2 0005.1 100 100 5.0e-019
02020 248.0 009.0 0005.1 100 100 5.3e-019
02080 249.0 009.1 0005.3 100 100 5.6e-019
02140 248.0 009.2 0005.2 100 100 5.8e-019
02200 249.0 008.9 0005.1 100 100 6.2e-019
02260 256.0 008.2 0004.9 100 100 6.5e-019
02320 262.0 007.6 0004.6 100 100 6.6e-019
02380 266.0 007.3 0004.6 100 100 6.9e-019
02440 267.0 006.6 0004.5 100 100 6.7e-019
02500 273.0 005.7 0004.5 100 100 6.8e-019
02560 276.0 005.7 0004.4 100 100 7.0e-019
02620 274.0 005.7 0004.4 100 100 6.8e-019
02680 269.0 006.0 0004.2 100 100 6.7e-019
02740 265.0 006.0 0004.1 100 100 6.7e-019
02800 262.0 005.9 0004.1 100 100 6.6e-019
02860 255.0 006.2 0004.1 100 100 6.7e-019
02920 266.0 006.9 0004.1 100 100 3.3e-019
02980 269.0 006.3 0004.1 100 100 6.3e-019
03040 266.0 006.8 0004.1 100 100 6.1e-019
03100 261.0 007.3 0003.9 100 100 6.2e-019
03160 264.0 007.7 0003.9 100 100 6.0e-019
03220 264.0 008.0 0003.8 100 100 5.4e-019
03280 263.0 008.4 0003.6 100 100 5.4e-019
03340 266.0 009.0 0003.6 100 100 5.0e-019
03400 263.0 010.6 0003.5 100 100 2.1e-019
03460 261.0 009.7 0003.3 100 100 4.5e-019
03520 259.0 010.6 0003.2 100 100 4.1e-019
03580 257.0 010.7 0003.3 100 100 4.0e-019
03640 254.0 011.1 0003.1 100 100 3.7e-019
03700 247.0 011.3 0003.0 100 100 3.4e-019
03760 245.0 011.5 0003.0 100 100 2.8e-019
03820 240.0 011.7 0002.9 100 100 2.7e-019
03880 238.0 011.6 0002.8 100 100 2.3e-019
03940 238.0 011.5 0002.7 100 100 1.9e-019
04000 240.0 011.5 0002.4 100 100 1.7e-019
04060 240.0 011.3 0002.9 100 100 1.7e-019
04120 246.0 010.7 0002.9 100 100 1.5e-019
04180 249.0 011.3 0002.6 100 100 1.6e-019
04240 251.0 012.1 0002.1 100 100 1.7e-019
04300 248.0 009.1 0002.4 100 100 2.3e-019
04360 249.0 009.2 0002.3 100 100 1.9e-019
04420 251.0 009.6 0002.7 100 100 1.5e-019
04480 255.0 009.7 0004.7 100 100 1.5e-019
04540 255.0 010.1 0004.0 100 100 2.3e-019
04600 259.0 009.1 0003.5 100 100 2.5e-019
04660 258.0 009.4 0003.1 100 100 3.0e-019
04720 243.0 008.2 0002.7 100 100 2.8e-019
04780 ///// ///// 0002.7 000 000 8.1e-020
04840 251.0 012.1 0002.7 100 100 1.3e-019
04900 241.0 011.0 0002.5 100 100 1.3e-019
04960 244.0 011.9 0002.3 100 100 1.2e-019
05020 242.0 013.2 0002.2 100 100 1.5e-019
05080 242.0 012.7 0002.6 100 100 1.8e-019
05140 240.0 011.8 0002.7 100 100 1.7e-019
05200 241.0 011.7 0003.2 100 100 1.7e-019
05260 242.0 011.1 0003.4 100 100 1.7e-019
05320 240.0 010.4 0003.3 100 100 1.4e-019
05380 244.0 011.3 0003.4 100 100 1.3e-019
05440 244.0 010.7 0002.9 100 100 1.3e-019
05500 244.0 010.5 0002.7 100 100 1.3e-019
05560 245.0 010.1 0002.5 100 100 1.1e-019
05620 244.0 010.5 0002.0 100 100 1.1e-019
05680 247.0 011.6 0001.6 100 100 8.0e-020
05740 215.0 004.9 0001.7 100 100 6.2e-020
05800 222.0 006.9 0001.3 100 100 5.4e-020
05860 245.0 011.0 0001.2 100 100 3.9e-020
05920 235.0 008.8 0001.1 100 100 3.1e-020
05980 227.0 008.0 0000.9 100 100 1.9e-020
NNNN
