WNDROBS 01.20
57793 0114.3600 027.7900 00130.0 LC 20130629071000
ROBS
00100 060.0 001.4 0000.0 100 100 3.4e-021
00160 022.0 001.4 0000.0 100 100 1.1e-020
00220 022.0 000.6 -000.0 100 100 1.6e-021
00280 071.0 001.6 -000.2 100 100 3.2e-021
00340 129.0 002.2 -000.1 100 100 4.6e-021
00400 113.0 002.6 0000.0 100 100 5.5e-021
00460 138.0 003.5 -000.1 100 100 4.8e-021
00520 149.0 003.0 0000.0 100 100 8.8e-021
00580 151.0 003.8 -000.0 100 100 1.0e-020
00640 136.0 005.5 0000.1 100 100 1.4e-020
00700 173.0 004.1 0000.1 100 100 2.8e-020
00760 185.0 004.3 -000.1 100 100 1.8e-019
00820 188.0 004.5 -002.6 100 100 4.8e-020
00880 183.0 004.0 0000.1 100 100 7.7e-020
00940 193.0 003.3 0000.4 100 100 5.1e-020
01000 214.0 003.6 0000.4 100 100 2.0e-020
01060 212.0 003.3 0000.1 100 100 9.3e-021
01120 233.0 003.5 0000.3 100 100 1.7e-020
01180 236.0 004.8 0000.2 100 100 2.7e-020
01240 232.0 005.4 -000.0 100 100 1.0e-020
01300 236.0 007.3 -000.0 100 100 1.1e-020
01360 235.0 008.3 -000.2 100 100 9.7e-021
01420 236.0 008.8 0000.2 100 100 1.4e-020
01480 239.0 010.0 0000.2 100 100 1.0e-020
01540 240.0 010.4 0000.1 100 100 1.2e-020
01600 239.0 010.6 0000.1 100 100 1.7e-020
01660 236.0 011.6 0000.2 100 100 2.6e-020
01720 236.0 012.5 0000.1 100 100 2.5e-020
01780 234.0 012.4 0000.1 100 100 1.6e-020
01840 234.0 012.0 0000.2 100 100 1.5e-020
01900 232.0 012.0 0000.3 100 100 1.7e-020
01960 234.0 012.0 0000.3 100 100 1.6e-020
02020 234.0 011.7 0000.3 100 100 1.3e-020
02080 237.0 011.9 0000.3 100 100 1.6e-020
02140 237.0 011.3 0000.2 100 100 1.2e-020
02200 240.0 012.0 0000.3 100 100 1.4e-020
02260 241.0 012.1 0000.2 100 100 1.5e-020
02320 240.0 012.5 0000.4 100 100 1.6e-020
02380 239.0 012.3 0000.0 100 100 1.1e-020
02440 241.0 012.6 0000.1 100 100 9.0e-021
02500 242.0 013.4 0000.1 100 100 5.1e-021
02560 242.0 014.5 -000.1 100 100 4.5e-021
02620 246.0 014.3 -000.1 100 100 3.2e-021
02680 233.0 014.8 0000.5 100 100 3.2e-021
02740 238.0 015.3 0000.2 100 100 5.2e-021
02800 245.0 014.6 -000.0 100 100 4.8e-021
02860 244.0 014.9 0000.0 100 100 1.4e-021
02920 246.0 014.8 0000.0 100 100 3.6e-021
02980 244.0 013.4 0000.0 100 100 3.2e-021
03040 229.0 008.4 0000.0 100 100 2.6e-021
03100 230.0 008.8 0000.0 100 100 1.7e-021
03160 230.0 008.8 0000.0 100 100 3.1e-021
03220 ///// ///// 0000.0 000 000 1.9e-021
03280 ///// ///// 0000.2 000 000 2.1e-021
03340 ///// ///// 0000.0 000 000 1.4e-021
03400 ///// ///// 0000.0 000 000 1.9e-021
03460 ///// ///// 0000.0 000 000 6.4e-022
03520 ///// ///// 0000.0 000 000 1.6e-021
03580 ///// ///// 0000.0 000 000 8.1e-023
03640 ///// ///// 0000.0 000 000 5.4e-022
03700 ///// ///// 0000.0 000 000 1.3e-021
03760 ///// ///// 0000.1 000 000 2.8e-021
03820 ///// ///// -000.0 000 000 2.4e-021
03880 ///// ///// 0000.9 000 000 9.5e-022
03940 ///// ///// -000.1 000 000 2.0e-021
04000 ///// ///// 0000.0 000 000 1.2e-021
04060 ///// ///// 0000.0 000 000 1.5e-021
04120 ///// ///// 0000.0 000 000 1.6e-021
04180 ///// ///// -000.1 000 000 1.9e-021
04240 ///// ///// 0000.0 000 000 2.3e-021
04300 ///// ///// 0000.0 000 000 2.3e-021
04360 ///// ///// 0000.0 000 000 2.6e-021
04420 ///// ///// 0000.0 000 000 2.8e-021
04480 ///// ///// 0000.0 000 000 4.2e-022
04540 ///// ///// 0000.0 000 000 3.1e-021
04600 ///// ///// -000.0 000 000 1.1e-021
04660 ///// ///// -001.0 000 000 3.4e-021
04720 ///// ///// 0000.0 000 000 3.4e-021
04780 ///// ///// 0001.2 000 000 3.8e-021
04840 ///// ///// 0000.0 000 000 3.3e-021
04900 ///// ///// 0000.5 000 000 3.8e-021
04960 ///// ///// 0000.0 000 000 4.1e-021
05020 ///// ///// -002.1 000 000 3.6e-021
05080 ///// ///// 0000.0 000 000 3.3e-021
05140 ///// ///// 0000.0 000 000 1.8e-021
05200 ///// ///// 0000.0 000 000 3.4e-021
05260 ///// ///// 0000.0 000 000 5.1e-022
05320 ///// ///// 0000.0 000 000 3.9e-021
05380 ///// ///// 0000.0 000 000 3.1e-021
05440 ///// ///// 0000.0 000 000 1.2e-021
05500 ///// ///// -000.3 000 000 3.7e-021
05560 ///// ///// 0000.0 000 000 4.0e-021
05620 ///// ///// 0000.0 000 000 1.9e-021
05680 ///// ///// -000.9 000 000 2.6e-021
05740 ///// ///// -000.2 000 000 5.4e-021
05800 ///// ///// 0000.0 000 000 3.5e-021
05860 ///// ///// 0000.0 000 000 2.4e-021
05920 ///// ///// 0000.1 000 000 2.1e-021
05980 ///// ///// 0000.0 000 000 5.4e-021
NNNN
