WNDROBS 01.20
57793 0114.3600 027.7900 00130.0 LC 20130629105500
ROBS
00100 122.0 007.1 0000.5 100 100 4.0e-021
00160 113.0 006.5 0000.6 100 100 1.4e-020
00220 135.0 006.0 0000.2 100 100 7.7e-021
00280 125.0 005.7 0000.0 100 100 1.2e-020
00340 141.0 004.8 0000.0 100 100 3.0e-020
00400 134.0 005.9 -000.0 100 100 6.4e-020
00460 146.0 006.9 -000.0 100 100 1.8e-019
00520 151.0 007.6 0000.1 100 100 2.9e-019
00580 155.0 007.9 0000.2 100 100 2.1e-020
00640 156.0 008.5 -000.1 100 100 1.7e-020
00700 164.0 007.7 -000.1 100 100 6.9e-020
00760 167.0 007.3 0000.0 100 100 8.5e-020
00820 174.0 006.4 0000.2 100 100 1.1e-019
00880 170.0 004.7 0000.1 100 100 4.0e-020
00940 167.0 004.0 0000.1 100 100 3.2e-020
01000 163.0 003.2 -000.1 100 100 3.2e-020
01060 163.0 003.0 0000.2 100 100 9.2e-021
01120 199.0 003.3 0000.1 100 100 8.7e-021
01180 204.0 003.5 0000.2 100 100 5.4e-021
01240 207.0 004.4 0000.2 100 100 3.8e-021
01300 207.0 005.1 0000.0 100 100 1.4e-021
01360 209.0 006.0 -000.1 100 100 3.1e-021
01420 214.0 007.0 -000.0 100 100 1.1e-020
01480 219.0 007.8 -000.0 100 100 9.9e-021
01540 221.0 008.4 -000.1 100 100 7.8e-021
01600 221.0 008.8 -000.1 100 100 7.5e-021
01660 221.0 009.5 -000.1 100 100 6.5e-021
01720 221.0 010.9 -000.2 100 100 6.9e-021
01780 226.0 011.6 -000.1 100 100 6.5e-021
01840 226.0 011.5 -000.0 100 100 5.2e-021
01900 227.0 011.7 -000.1 100 100 3.3e-021
01960 228.0 011.6 0000.1 100 100 2.7e-021
02020 228.0 010.4 -000.0 100 100 3.3e-021
02080 226.0 009.5 -000.1 100 100 4.9e-021
02140 226.0 008.7 -000.2 100 100 3.7e-021
02200 230.0 008.0 -000.0 100 100 3.0e-021
02260 233.0 008.1 -000.1 100 100 3.8e-021
02320 231.0 008.2 -000.3 100 100 4.7e-021
02380 229.0 008.2 -000.2 100 100 3.7e-021
02440 232.0 008.6 -000.3 100 100 6.9e-021
02500 234.0 008.8 -000.4 100 100 8.6e-021
02560 234.0 009.4 -000.4 100 100 1.0e-020
02620 228.0 009.7 -000.6 100 100 8.7e-021
02680 231.0 009.5 -000.3 100 100 9.5e-021
02740 230.0 010.4 -000.4 100 100 1.5e-020
02800 232.0 011.1 -000.4 100 100 7.1e-021
02860 231.0 011.5 -000.3 100 100 7.3e-021
02920 226.0 011.5 0000.0 100 100 7.0e-021
02980 227.0 011.9 0000.1 100 100 1.1e-020
03040 223.0 010.4 -000.1 100 100 9.6e-021
03100 230.0 011.7 -000.3 100 100 1.5e-020
03160 231.0 011.3 -000.5 100 100 1.5e-020
03220 236.0 011.8 -000.2 100 100 1.0e-020
03280 232.0 011.9 0000.0 100 100 2.8e-021
03340 231.0 012.2 -000.5 100 100 4.0e-021
03400 239.0 012.3 0000.0 100 100 3.0e-021
03460 229.0 011.8 0000.0 100 100 3.7e-021
03520 233.0 011.4 0000.0 100 100 4.3e-021
03580 233.0 011.5 0000.0 100 100 3.1e-021
03640 233.0 011.7 0000.0 100 100 4.3e-021
03700 216.0 008.5 0000.0 100 100 2.5e-021
03760 212.0 006.4 0000.1 100 100 2.7e-021
03820 211.0 005.2 0000.0 100 100 9.5e-022
03880 236.0 007.6 0000.0 100 100 1.7e-021
03940 232.0 008.1 0000.0 100 100 2.0e-021
04000 228.0 008.0 0000.2 100 100 3.0e-021
04060 223.0 007.1 0000.1 100 100 3.3e-021
04120 232.0 010.4 0000.0 100 100 4.6e-021
04180 232.0 011.4 0000.2 100 100 4.8e-021
04240 231.0 013.5 -000.2 100 100 9.3e-021
04300 231.0 014.5 -001.0 100 100 1.1e-020
04360 232.0 012.5 0000.0 100 100 6.7e-021
04420 232.0 011.6 0000.0 100 100 6.8e-022
04480 233.0 010.7 0000.0 100 100 9.8e-022
04540 239.0 010.8 0000.0 100 100 5.5e-021
04600 236.0 011.7 -000.1 100 100 4.9e-021
04660 238.0 012.5 0000.2 100 100 6.0e-021
04720 233.0 011.3 -000.5 100 100 6.3e-021
04780 272.0 008.7 0000.0 100 100 2.7e-021
04840 ///// ///// 0000.0 000 000 2.0e-021
04900 ///// ///// 0000.0 000 000 3.3e-021
04960 ///// ///// 0001.1 000 000 2.8e-021
05020 ///// ///// 0000.0 000 000 3.1e-021
05080 ///// ///// -000.3 000 000 3.5e-021
05140 ///// ///// 0000.0 000 000 4.6e-021
05200 ///// ///// 0000.0 000 000 1.1e-021
05260 ///// ///// 0000.0 000 000 2.4e-021
05320 ///// ///// 0000.0 000 000 1.8e-021
05380 ///// ///// 0000.0 000 000 1.5e-021
05440 ///// ///// 0000.0 000 000 1.3e-021
05500 ///// ///// 0000.0 000 000 1.7e-021
05560 ///// ///// 0000.0 000 000 4.8e-021
05620 ///// ///// 0000.0 000 000 1.1e-021
05680 ///// ///// 0000.0 000 000 3.4e-021
05740 ///// ///// 0000.0 000 000 1.1e-021
05800 ///// ///// 0000.0 000 000 4.2e-021
05860 ///// ///// 0000.0 000 000 3.2e-021
05920 ///// ///// -000.5 000 000 6.2e-021
05980 ///// ///// -000.1 000 000 4.6e-021
NNNN
