WNDROBS 01.20
57793 0114.3600 027.7900 00130.0 LC 20130629193500
ROBS
00100 085.0 003.5 0000.2 100 100 4.4e-021
00160 085.0 003.8 0000.3 100 100 9.6e-021
00220 089.0 002.7 0000.3 100 100 1.4e-020
00280 103.0 003.1 0000.2 100 100 1.0e-020
00340 129.0 003.3 0000.1 100 100 1.7e-020
00400 141.0 002.9 -000.0 100 100 2.3e-020
00460 142.0 004.9 -000.1 100 100 5.1e-020
00520 160.0 005.8 -000.1 100 100 8.7e-020
00580 165.0 006.4 0000.3 100 100 6.6e-020
00640 176.0 006.9 0000.4 100 100 4.5e-020
00700 180.0 006.9 0000.4 100 100 9.0e-020
00760 183.0 006.3 0000.1 100 100 6.4e-020
00820 186.0 005.7 0000.1 100 100 1.9e-020
00880 193.0 004.4 0000.2 100 100 1.7e-020
00940 191.0 005.2 -000.0 100 100 1.6e-020
01000 196.0 003.4 0001.1 100 100 1.2e-020
01060 199.0 003.7 0000.1 100 100 4.0e-021
01120 203.0 004.1 -000.2 100 100 3.0e-021
01180 202.0 004.0 -000.3 100 100 2.2e-021
01240 214.0 004.2 -000.3 100 100 1.1e-021
01300 198.0 004.5 -000.2 100 100 1.5e-021
01360 197.0 003.3 -000.2 100 100 2.5e-021
01420 199.0 005.1 -000.1 100 100 2.8e-021
01480 214.0 006.0 -000.3 100 100 4.4e-021
01540 214.0 007.0 -000.1 100 100 4.9e-021
01600 215.0 007.8 -000.0 100 100 4.5e-021
01660 223.0 008.2 -000.2 100 100 4.9e-021
01720 222.0 009.1 -000.1 100 100 3.3e-021
01780 223.0 009.9 -000.1 100 100 5.2e-021
01840 225.0 009.5 -000.2 100 100 5.2e-021
01900 226.0 009.6 -000.3 100 100 3.8e-021
01960 228.0 009.5 0000.0 100 100 9.1e-022
02020 222.0 008.4 -000.2 100 100 3.7e-021
02080 223.0 008.2 0000.0 100 100 2.1e-021
02140 212.0 006.7 0000.0 100 100 1.7e-021
02200 208.0 005.7 0000.0 100 100 1.7e-021
02260 205.0 006.2 -000.6 100 100 2.4e-021
02320 207.0 006.0 -000.2 100 100 1.5e-021
02380 213.0 006.6 -000.3 100 100 3.0e-021
02440 212.0 006.6 -000.2 100 100 2.3e-021
02500 202.0 006.0 -000.6 100 100 7.4e-022
02560 207.0 007.4 -000.2 100 100 3.0e-021
02620 207.0 007.5 0000.1 100 100 3.7e-021
02680 ///// ///// -000.0 000 000 2.2e-021
02740 ///// ///// 0000.0 000 000 1.3e-021
02800 ///// ///// 0000.0 000 000 1.7e-021
02860 ///// ///// 0000.0 000 000 2.0e-021
02920 ///// ///// -000.0 000 000 2.2e-021
02980 ///// ///// -000.1 000 000 3.3e-021
03040 ///// ///// -000.1 000 000 3.0e-021
03100 ///// ///// 0000.5 000 000 3.1e-021
03160 ///// ///// -000.1 000 000 2.3e-021
03220 ///// ///// -000.0 000 000 2.4e-021
03280 ///// ///// 0000.0 000 000 7.1e-022
03340 ///// ///// 0000.2 000 000 2.9e-021
03400 ///// ///// 0000.2 000 000 3.8e-021
03460 237.0 009.4 -000.0 100 100 6.9e-021
03520 235.0 009.8 -000.1 100 100 7.1e-021
03580 231.0 010.7 0000.0 100 100 8.2e-021
03640 232.0 010.7 -000.4 100 100 1.0e-020
03700 226.0 011.5 -000.1 100 100 5.0e-021
03760 195.0 008.8 0000.0 100 100 3.2e-021
03820 207.0 005.6 -000.1 100 100 4.9e-021
03880 223.0 008.1 0000.3 100 100 6.1e-021
03940 215.0 007.8 0000.3 100 100 1.1e-020
04000 219.0 009.2 0000.1 100 100 1.3e-020
04060 218.0 009.5 -000.1 100 100 1.7e-020
04120 218.0 009.2 0000.2 100 100 2.0e-020
04180 219.0 009.7 0000.4 100 100 1.3e-020
04240 219.0 009.8 0000.2 100 100 5.0e-021
04300 212.0 009.7 0000.0 100 100 4.7e-021
04360 227.0 009.6 -000.0 100 100 3.2e-021
04420 214.0 011.8 0001.1 100 100 5.9e-021
04480 ///// ///// 0000.0 000 000 1.4e-021
04540 ///// ///// 0000.0 000 000 2.8e-021
04600 ///// ///// 0000.0 000 000 1.1e-021
04660 ///// ///// 0000.0 000 000 3.0e-021
04720 ///// ///// -000.3 000 000 2.9e-021
04780 ///// ///// 0000.0 000 000 1.3e-021
04840 ///// ///// 0000.0 000 000 3.6e-021
04900 ///// ///// -000.0 000 000 4.0e-021
04960 ///// ///// 0000.0 000 000 1.3e-021
05020 ///// ///// 0000.0 000 000 3.5e-021
05080 ///// ///// 0000.0 000 000 2.6e-021
05140 ///// ///// -000.7 000 000 3.9e-021
05200 ///// ///// 0001.3 000 000 4.3e-021
05260 ///// ///// 0000.0 000 000 1.4e-021
05320 ///// ///// 0000.0 000 000 3.2e-021
05380 ///// ///// 0000.0 000 000 1.8e-021
05440 ///// ///// 0000.0 000 000 3.2e-021
05500 ///// ///// 0000.0 000 000 1.6e-021
05560 ///// ///// 0000.0 000 000 4.4e-021
05620 ///// ///// 0000.0 000 000 1.5e-021
05680 ///// ///// 0000.0 000 000 2.8e-021
05740 ///// ///// 0000.0 000 000 3.4e-021
05800 ///// ///// 0000.0 000 000 4.6e-021
05860 ///// ///// 0000.0 000 000 3.3e-021
05920 ///// ///// 0000.0 000 000 1.3e-021
05980 ///// ///// 0000.0 000 000 2.7e-021
NNNN
