WNDROBS 01.20
57793 0114.3600 027.7900 00130.0 LC 20130628054500
ROBS
00100 074.0 007.3 0003.4 100 100 8.5e-020
00160 072.0 007.2 0003.7 100 100 3.9e-019
00220 072.0 006.1 0003.8 100 100 3.6e-019
00280 073.0 005.6 0003.6 100 100 3.2e-019
00340 070.0 005.0 0003.6 100 100 2.8e-019
00400 065.0 004.5 0003.8 100 100 2.7e-019
00460 063.0 003.7 0003.8 100 100 2.4e-019
00520 069.0 003.3 0003.7 100 100 2.0e-019
00580 073.0 003.3 0003.6 100 100 1.7e-019
00640 081.0 003.3 0003.7 100 100 1.4e-019
00700 101.0 003.1 0003.8 100 100 1.4e-019
00760 132.0 001.7 0003.6 100 100 1.3e-019
00820 175.0 001.0 0003.4 100 100 1.2e-019
00880 176.0 000.8 0003.1 100 100 1.2e-019
00940 218.0 002.0 0003.1 100 100 1.4e-019
01000 238.0 003.7 0002.9 100 100 1.3e-019
01060 210.0 001.9 0003.0 100 100 5.5e-020
01120 188.0 002.5 0003.0 100 100 6.0e-020
01180 204.0 003.3 0002.9 100 100 5.7e-020
01240 215.0 004.2 0002.9 100 100 5.6e-020
01300 229.0 005.9 0002.8 100 100 5.8e-020
01360 232.0 006.9 0002.7 100 100 5.2e-020
01420 235.0 007.9 0002.8 100 100 5.0e-020
01480 233.0 008.6 0002.7 100 100 4.9e-020
01540 236.0 009.2 0002.7 100 100 4.3e-020
01600 239.0 009.3 0002.7 100 100 4.1e-020
01660 241.0 009.8 0002.7 100 100 3.5e-020
01720 241.0 009.6 0002.8 100 100 3.6e-020
01780 239.0 009.5 0002.7 100 100 3.2e-020
01840 238.0 009.4 0002.7 100 100 3.3e-020
01900 241.0 009.8 0002.8 100 100 2.6e-020
01960 242.0 010.0 0002.5 100 100 2.4e-020
02020 239.0 009.9 0002.4 100 100 2.6e-020
02080 238.0 010.4 0002.6 100 100 2.1e-020
02140 236.0 010.3 0002.5 100 100 2.0e-020
02200 227.0 008.7 0002.5 100 100 2.0e-020
02260 232.0 009.4 0002.4 100 100 1.9e-020
02320 231.0 008.8 0002.5 100 100 1.8e-020
02380 229.0 009.1 0002.4 100 100 1.7e-020
02440 234.0 010.8 0002.4 100 100 1.5e-020
02500 242.0 008.4 0002.3 100 100 1.7e-020
02560 250.0 008.6 0002.4 100 100 2.0e-020
02620 231.0 009.9 0002.3 100 100 1.5e-020
02680 225.0 009.3 0001.9 100 100 1.1e-020
02740 224.0 009.6 0002.1 100 100 1.0e-020
02800 226.0 009.0 0001.2 100 100 1.4e-020
02860 227.0 009.3 0001.1 100 100 1.7e-020
02920 226.0 010.1 0002.1 100 100 1.1e-020
02980 223.0 010.1 0001.9 100 100 1.2e-020
03040 226.0 009.7 0001.5 100 100 1.0e-020
03100 222.0 009.8 0001.7 100 100 8.8e-021
03160 219.0 010.5 0001.6 100 100 8.3e-021
03220 220.0 010.3 0001.6 100 100 8.9e-021
03280 200.0 008.0 0000.0 100 100 4.9e-021
03340 224.0 014.8 0000.0 100 100 3.9e-021
03400 224.0 016.3 0000.1 100 100 4.4e-021
03460 228.0 016.9 0000.0 100 100 1.4e-021
03520 229.0 016.0 0000.0 100 100 4.1e-021
03580 234.0 015.4 0000.0 100 100 4.7e-021
03640 233.0 015.5 0000.0 100 100 1.5e-021
03700 233.0 014.6 -000.0 100 100 4.1e-021
03760 235.0 014.9 0000.0 100 100 2.1e-021
03820 234.0 014.7 0000.0 100 100 2.5e-021
03880 230.0 017.3 0000.0 100 100 3.0e-021
03940 230.0 018.8 0000.0 100 100 3.9e-021
04000 236.0 018.4 0000.0 100 100 4.0e-021
04060 228.0 017.9 0000.4 100 100 1.2e-021
04120 230.0 017.2 0000.0 100 100 3.0e-021
04180 224.0 017.1 0000.2 100 100 5.0e-021
04240 229.0 015.9 0000.3 100 100 9.6e-021
04300 208.0 015.7 0000.0 100 100 5.8e-021
04360 206.0 012.1 0001.4 100 100 5.8e-021
04420 215.0 013.5 -000.1 100 100 5.5e-021
04480 222.0 019.1 0002.3 100 100 2.4e-021
04540 224.0 019.9 0000.0 100 100 4.3e-021
04600 214.0 017.6 0000.0 100 100 6.1e-021
04660 224.0 022.0 0000.0 100 100 6.3e-021
04720 240.0 017.2 0000.0 100 100 4.5e-021
04780 238.0 017.2 0000.0 100 100 3.7e-021
04840 232.0 020.3 0000.0 100 100 3.9e-021
04900 245.0 019.6 -001.1 100 100 1.2e-021
04960 238.0 016.0 0000.0 100 100 1.5e-021
05020 225.0 016.0 0000.0 100 100 3.3e-021
05080 225.0 019.0 0000.0 100 100 1.5e-021
05140 232.0 017.2 0000.0 100 100 3.8e-021
05200 237.0 016.3 0000.0 100 100 4.2e-021
05260 231.0 014.8 0000.0 100 100 3.2e-021
05320 228.0 016.5 0000.0 100 100 3.7e-021
05380 222.0 017.3 0000.0 100 100 2.1e-021
05440 225.0 019.0 0000.0 100 100 5.6e-021
05500 225.0 018.4 0000.0 100 100 7.4e-021
05560 225.0 017.6 0000.0 100 100 4.7e-021
05620 221.0 015.7 0000.0 100 100 1.6e-021
05680 210.0 014.3 0000.0 100 100 2.3e-021
05740 215.0 016.4 -000.2 100 100 1.8e-021
05800 230.0 018.9 0001.8 100 100 3.0e-021
05860 233.0 021.3 0000.0 100 100 5.2e-021
05920 233.0 023.1 0001.2 100 100 9.8e-021
05980 227.0 022.0 0001.2 100 100 6.4e-021
NNNN
