WNDROBS 01.20
57793 0114.3600 027.7900 00130.0 LC 20130629212000
ROBS
00100 117.0 004.1 0002.1 100 100 2.4e-021
00160 117.0 004.6 0002.1 100 100 5.2e-021
00220 121.0 004.6 0002.1 100 100 4.0e-021
00280 121.0 005.1 -000.1 100 100 8.7e-021
00340 140.0 004.0 0000.1 100 100 9.8e-021
00400 158.0 003.8 0000.1 100 100 1.9e-020
00460 163.0 005.1 0000.2 100 100 3.8e-020
00520 162.0 006.7 0000.2 100 100 3.8e-020
00580 172.0 007.9 0000.2 100 100 2.2e-019
00640 180.0 006.6 0000.1 100 100 1.1e-019
00700 192.0 005.1 0000.0 100 100 4.7e-020
00760 192.0 003.1 0000.3 100 100 1.9e-020
00820 193.0 002.9 -000.1 100 100 9.7e-021
00880 230.0 005.5 -000.1 100 100 6.4e-021
00940 191.0 004.6 0000.6 100 100 6.5e-021
01000 202.0 005.8 0000.2 100 100 6.3e-021
01060 224.0 003.2 0000.8 100 100 1.6e-021
01120 217.0 003.5 0001.1 100 100 1.2e-021
01180 217.0 003.5 0000.1 100 100 1.8e-021
01240 215.0 004.7 -000.0 100 100 2.4e-021
01300 215.0 005.9 -000.1 100 100 2.2e-021
01360 216.0 006.8 -000.1 100 100 2.7e-021
01420 217.0 008.0 -000.3 100 100 2.1e-021
01480 219.0 008.9 -000.1 100 100 2.8e-021
01540 219.0 010.3 -000.3 100 100 2.3e-021
01600 222.0 010.7 -000.4 100 100 2.0e-021
01660 223.0 011.6 -000.6 100 100 3.7e-021
01720 225.0 011.7 -000.5 100 100 2.1e-021
01780 226.0 013.5 -000.6 100 100 1.8e-021
01840 223.0 013.5 -001.0 100 100 1.5e-021
01900 224.0 013.5 -000.4 100 100 1.9e-021
01960 221.0 012.6 -000.4 100 100 3.5e-021
02020 219.0 011.9 0000.0 100 100 3.7e-021
02080 221.0 011.8 0000.0 100 100 2.4e-021
02140 216.0 010.9 -000.5 100 100 4.2e-021
02200 216.0 011.0 -000.3 100 100 5.3e-021
02260 214.0 010.8 -000.4 100 100 5.6e-021
02320 204.0 009.8 -000.7 100 100 3.2e-021
02380 187.0 008.2 -000.7 100 100 3.5e-021
02440 194.0 007.3 -000.5 100 100 3.8e-021
02500 193.0 007.4 -000.6 100 100 6.7e-021
02560 192.0 008.0 -000.6 100 100 5.0e-021
02620 197.0 009.1 -000.6 100 100 5.9e-021
02680 196.0 009.1 -000.4 100 100 3.6e-021
02740 200.0 008.2 -000.3 100 100 4.8e-021
02800 211.0 008.1 -000.3 100 100 4.8e-021
02860 204.0 008.1 -000.2 100 100 3.5e-021
02920 210.0 007.8 -000.1 100 100 5.0e-021
02980 210.0 008.0 -000.2 100 100 4.9e-021
03040 212.0 008.4 -000.1 100 100 8.0e-021
03100 213.0 008.6 0000.0 100 100 7.8e-021
03160 217.0 008.8 -000.0 100 100 8.2e-021
03220 216.0 008.2 0000.3 100 100 4.2e-021
03280 218.0 008.8 0000.0 100 100 3.2e-021
03340 221.0 008.9 0000.0 100 100 3.0e-021
03400 223.0 009.0 0000.0 100 100 3.1e-021
03460 212.0 007.7 -000.0 100 100 4.2e-021
03520 208.0 007.4 0000.0 100 100 1.7e-021
03580 195.0 006.2 0000.0 100 100 3.0e-022
03640 203.0 006.5 0000.0 100 100 2.0e-021
03700 206.0 005.9 0000.3 100 100 3.5e-021
03760 185.0 004.1 0000.3 100 100 1.4e-021
03820 235.0 005.5 0000.5 100 100 7.7e-021
03880 234.0 006.2 0000.6 100 100 8.7e-021
03940 239.0 008.3 0000.8 100 100 5.8e-021
04000 236.0 008.9 0000.8 100 100 2.3e-020
04060 235.0 009.2 0000.8 100 100 3.7e-020
04120 234.0 009.7 0000.9 100 100 3.9e-020
04180 238.0 010.8 0000.7 100 100 3.9e-020
04240 238.0 011.7 0000.5 100 100 3.4e-020
04300 234.0 011.6 0000.4 100 100 2.9e-020
04360 235.0 011.5 0000.2 100 100 3.4e-020
04420 232.0 011.4 0000.4 100 100 3.5e-020
04480 231.0 011.8 0000.4 100 100 3.5e-020
04540 227.0 011.4 0000.2 100 100 3.2e-020
04600 230.0 011.2 0000.3 100 100 4.5e-020
04660 234.0 012.9 0000.2 100 100 6.3e-020
04720 226.0 012.9 0000.5 100 100 3.9e-020
04780 ///// ///// 0000.3 000 000 9.8e-021
04840 ///// ///// 0000.0 000 000 8.4e-021
04900 ///// ///// -000.1 000 000 1.0e-020
04960 ///// ///// 0000.0 000 000 2.1e-021
05020 ///// ///// 0000.0 000 000 4.4e-021
05080 ///// ///// 0000.0 000 000 4.0e-021
05140 ///// ///// 0000.0 000 000 5.3e-021
05200 ///// ///// 0000.0 000 000 4.0e-021
05260 ///// ///// 0000.0 000 000 4.0e-021
05320 ///// ///// 0000.0 000 000 1.4e-021
05380 ///// ///// 0000.0 000 000 2.5e-021
05440 ///// ///// 0000.0 000 000 2.6e-021
05500 ///// ///// 0000.0 000 000 4.3e-021
05560 ///// ///// -001.3 000 000 5.4e-021
05620 ///// ///// 0000.0 000 000 3.0e-021
05680 ///// ///// 0000.9 000 000 4.0e-021
05740 ///// ///// 0000.0 000 000 4.2e-021
05800 ///// ///// -000.3 000 000 5.1e-021
05860 ///// ///// 0000.0 000 000 6.1e-021
05920 ///// ///// 0000.0 000 000 3.1e-021
05980 ///// ///// -001.0 000 000 5.3e-021
NNNN
