WNDROBS 01.20
57793 0114.3600 027.7900 00130.0 LC 20130628035500
ROBS
00100 226.0 004.4 0007.0 100 100 2.9e-019
00160 221.0 004.8 0007.2 100 100 2.4e-017
00220 277.0 003.6 0007.2 100 100 3.6e-017
00280 282.0 004.0 0007.2 100 100 4.9e-017
00340 292.0 005.0 0007.3 100 100 5.7e-017
00400 295.0 006.3 0007.3 100 100 7.1e-017
00460 284.0 007.1 0007.4 100 100 8.9e-017
00520 275.0 006.9 0007.2 100 100 1.1e-016
00580 271.0 006.1 0007.3 100 100 1.2e-016
00640 254.0 005.1 0007.2 100 100 1.4e-016
00700 232.0 006.2 0007.2 100 100 1.4e-016
00760 234.0 007.0 0007.1 100 100 1.4e-016
00820 229.0 007.2 0007.2 100 100 1.7e-016
00880 233.0 009.1 0007.3 100 100 1.6e-016
00940 232.0 009.7 0007.4 100 100 1.5e-016
01000 226.0 010.7 0007.2 100 100 1.5e-016
01060 233.0 011.3 0007.2 100 100 3.1e-017
01120 236.0 013.6 0007.6 100 100 3.5e-017
01180 236.0 015.1 0007.3 100 100 4.0e-017
01240 236.0 013.2 0007.8 100 100 3.0e-017
01300 239.0 016.1 0007.6 100 100 2.4e-017
01360 236.0 016.2 0007.9 100 100 3.8e-017
01420 234.0 016.7 0007.5 100 100 3.9e-017
01480 237.0 016.9 0007.3 100 100 3.4e-017
01540 236.0 017.4 0007.4 100 100 3.4e-017
01600 237.0 016.9 0007.3 100 100 3.2e-017
01660 239.0 017.4 0007.5 100 100 2.9e-017
01720 240.0 016.9 0007.5 100 100 3.0e-017
01780 240.0 017.6 0007.6 100 100 3.0e-017
01840 243.0 017.2 0007.3 100 100 2.9e-017
01900 240.0 016.3 0007.4 100 100 2.8e-017
01960 241.0 016.4 0007.3 100 100 3.1e-017
02020 240.0 015.8 0007.4 100 100 2.9e-017
02080 242.0 016.2 0007.4 100 100 2.6e-017
02140 241.0 016.4 0007.4 100 100 2.9e-017
02200 238.0 015.0 0007.7 100 100 3.0e-017
02260 239.0 015.5 0007.4 100 100 3.0e-017
02320 240.0 015.1 0007.5 100 100 3.0e-017
02380 240.0 015.5 0007.7 100 100 3.0e-017
02440 240.0 015.2 0007.8 100 100 3.1e-017
02500 239.0 015.5 0008.0 100 100 3.0e-017
02560 240.0 015.5 0008.0 100 100 3.3e-017
02620 238.0 014.0 0007.5 100 100 2.7e-017
02680 ///// ///// 0007.7 000 000 3.3e-017
02740 ///// ///// 0007.7 000 000 3.3e-017
02800 ///// ///// 0008.0 000 000 3.5e-017
02860 ///// ///// 0007.8 000 000 3.4e-017
02920 ///// ///// 0007.9 000 000 3.4e-017
02980 ///// ///// 0008.3 000 000 3.4e-017
03040 ///// ///// 0007.9 000 000 3.6e-017
03100 ///// ///// 0008.0 000 000 3.4e-017
03160 ///// ///// 0008.4 000 000 3.3e-017
03220 ///// ///// 0008.5 000 000 3.2e-017
03280 ///// ///// 0008.2 000 000 3.4e-017
03340 ///// ///// 0008.1 000 000 3.4e-017
03400 ///// ///// 0008.1 000 000 3.2e-017
03460 ///// ///// 0008.2 000 000 3.2e-017
03520 ///// ///// 0008.4 000 000 3.2e-017
03580 ///// ///// 0008.1 000 000 3.3e-017
03640 ///// ///// 0008.3 000 000 3.4e-017
03700 ///// ///// 0008.5 000 000 3.2e-017
03760 ///// ///// 0008.3 000 000 3.3e-017
03820 ///// ///// 0008.5 000 000 3.3e-017
03880 ///// ///// 0008.4 000 000 3.3e-017
03940 ///// ///// 0008.6 000 000 3.4e-017
04000 ///// ///// 0008.7 000 000 3.3e-017
04060 ///// ///// 0008.7 000 000 3.2e-017
04120 ///// ///// 0008.6 000 000 3.3e-017
04180 ///// ///// 0008.7 000 000 3.2e-017
04240 ///// ///// 0008.4 000 000 3.2e-017
04300 ///// ///// 0008.6 000 000 3.2e-017
04360 ///// ///// 0008.6 000 000 3.2e-017
04420 ///// ///// 0008.6 000 000 3.1e-017
04480 ///// ///// 0008.7 000 000 2.9e-017
04540 ///// ///// 0008.3 000 000 2.8e-017
04600 ///// ///// 0007.5 000 000 2.9e-017
04660 ///// ///// 0006.2 000 000 3.0e-017
04720 ///// ///// 0005.2 000 000 3.1e-017
04780 ///// ///// 0003.1 000 000 9.4e-018
04840 ///// ///// 0003.8 000 000 1.1e-017
04900 ///// ///// 0003.7 000 000 1.3e-017
04960 ///// ///// 0003.1 000 000 1.2e-017
05020 ///// ///// 0003.0 000 000 1.3e-017
05080 ///// ///// 0002.8 000 000 1.2e-017
05140 ///// ///// 0002.6 000 000 1.1e-017
05200 ///// ///// 0002.4 000 000 9.8e-018
05260 ///// ///// 0002.3 000 000 9.1e-018
05320 ///// ///// 0002.2 000 000 6.8e-018
05380 ///// ///// 0002.1 000 000 5.3e-018
05440 ///// ///// 0002.0 000 000 3.5e-018
05500 ///// ///// 0002.0 000 000 2.4e-018
05560 ///// ///// 0002.0 000 000 1.8e-018
05620 ///// ///// 0002.1 000 000 1.5e-018
05680 ///// ///// 0002.0 000 000 1.2e-018
05740 ///// ///// 0002.0 000 000 1.0e-018
05800 ///// ///// 0002.0 000 000 8.2e-019
05860 ///// ///// 0002.0 000 000 7.4e-019
05920 ///// ///// 0001.9 000 000 6.6e-019
05980 ///// ///// 0001.8 000 000 6.1e-019
NNNN
