WNDROBS 01.20
57793 0114.3600 027.7900 00130.0 LC 20130629171000
ROBS
00100 113.0 005.8 0001.7 100 100 3.8e-021
00160 113.0 006.4 0001.9 100 100 8.2e-021
00220 111.0 006.5 0001.8 100 100 5.1e-021
00280 115.0 006.2 -000.1 100 100 7.6e-021
00340 116.0 006.9 -000.1 100 100 9.0e-021
00400 120.0 006.7 -000.0 100 100 1.5e-020
00460 135.0 007.1 -000.0 100 100 9.1e-021
00520 148.0 008.5 0000.1 100 100 5.2e-020
00580 156.0 008.8 0000.1 100 100 1.2e-019
00640 162.0 008.9 0000.3 100 100 1.7e-019
00700 165.0 009.8 0000.2 100 100 1.5e-019
00760 167.0 011.0 0000.2 100 100 1.5e-019
00820 175.0 011.1 0000.1 100 100 1.8e-019
00880 176.0 010.4 -000.1 100 100 1.4e-019
00940 188.0 009.2 -000.3 100 100 6.2e-020
01000 186.0 008.1 -000.1 100 100 6.6e-020
01060 185.0 007.1 -000.1 100 100 2.4e-020
01120 190.0 005.4 0000.1 100 100 2.1e-020
01180 199.0 004.8 -000.1 100 100 2.2e-020
01240 209.0 003.3 -000.1 100 100 2.1e-020
01300 208.0 003.2 0000.1 100 100 1.2e-020
01360 203.0 004.6 0000.1 100 100 1.2e-020
01420 208.0 005.5 0000.1 100 100 2.1e-020
01480 209.0 007.0 -000.0 100 100 1.6e-020
01540 217.0 008.2 0000.2 100 100 8.7e-021
01600 219.0 008.7 -000.2 100 100 9.4e-021
01660 220.0 009.7 0000.0 100 100 9.3e-021
01720 223.0 009.8 0000.1 100 100 6.9e-021
01780 229.0 010.5 -000.1 100 100 5.3e-021
01840 230.0 011.0 -000.1 100 100 4.6e-021
01900 232.0 011.3 -000.1 100 100 4.9e-021
01960 230.0 011.6 0000.1 100 100 3.6e-021
02020 229.0 010.5 -000.0 100 100 4.2e-021
02080 224.0 011.1 0000.2 100 100 3.8e-021
02140 229.0 009.2 0000.0 100 100 1.7e-021
02200 232.0 010.3 -000.1 100 100 2.1e-021
02260 221.0 008.8 0000.0 100 100 2.6e-021
02320 222.0 008.9 0000.2 100 100 2.6e-021
02380 218.0 008.9 0000.0 100 100 2.8e-021
02440 223.0 008.4 0000.5 100 100 2.0e-021
02500 214.0 007.5 0000.0 100 100 1.6e-021
02560 206.0 006.6 0000.0 100 100 1.9e-021
02620 207.0 005.4 0000.3 100 100 1.8e-021
02680 204.0 006.1 0000.3 100 100 2.2e-021
02740 212.0 007.0 0000.4 100 100 2.4e-021
02800 215.0 007.8 0000.3 100 100 3.1e-021
02860 198.0 006.6 0000.3 100 100 2.2e-021
02920 200.0 006.9 0000.0 100 100 2.7e-021
02980 204.0 007.3 0000.0 100 100 2.8e-021
03040 206.0 006.9 0000.3 100 100 2.4e-021
03100 212.0 006.0 0000.2 100 100 5.6e-021
03160 234.0 008.4 0000.3 100 100 8.3e-021
03220 231.0 008.5 0000.3 100 100 8.8e-021
03280 234.0 009.1 0000.3 100 100 1.5e-020
03340 235.0 009.2 0000.4 100 100 2.9e-020
03400 239.0 008.3 0000.4 100 100 3.9e-020
03460 234.0 007.4 0000.4 100 100 7.4e-020
03520 232.0 007.1 0000.6 100 100 4.2e-020
03580 229.0 008.0 0000.1 100 100 2.2e-020
03640 227.0 007.3 0000.0 100 100 3.1e-021
03700 229.0 007.3 0000.6 100 100 4.7e-021
03760 216.0 007.7 0000.3 100 100 5.6e-021
03820 216.0 007.8 0000.1 100 100 3.8e-021
03880 212.0 008.6 0001.0 100 100 3.9e-021
03940 214.0 009.3 0000.1 100 100 6.7e-021
04000 216.0 008.9 0000.0 100 100 5.8e-021
04060 220.0 009.4 0000.0 100 100 1.2e-021
04120 189.0 006.3 0000.0 100 100 1.2e-021
04180 213.0 006.8 0000.0 100 100 1.2e-021
04240 215.0 006.2 0000.0 100 100 2.3e-021
04300 287.0 003.2 -000.0 100 100 1.7e-021
04360 ///// ///// 0000.0 000 000 2.0e-021
04420 ///// ///// -000.0 000 000 3.1e-021
04480 ///// ///// -001.2 000 000 1.7e-021
04540 ///// ///// 0000.6 000 000 3.1e-021
04600 ///// ///// 0000.0 000 000 2.3e-021
04660 ///// ///// 0000.0 000 000 1.3e-021
04720 ///// ///// 0000.0 000 000 1.3e-021
04780 ///// ///// 0000.0 000 000 1.4e-021
04840 ///// ///// 0000.1 000 000 1.0e-021
04900 ///// ///// 0000.9 000 000 3.7e-021
04960 243.0 006.1 0000.0 100 100 1.8e-021
05020 226.0 006.6 0000.3 100 100 5.5e-021
05080 222.0 007.9 0000.0 100 100 2.0e-021
05140 169.0 004.6 0000.0 100 100 8.5e-022
05200 223.0 006.9 0001.1 100 100 5.0e-021
05260 231.0 006.9 0000.0 100 100 6.4e-021
05320 ///// ///// 0000.0 000 000 2.2e-021
05380 ///// ///// 0000.0 000 000 4.5e-021
05440 ///// ///// 0000.0 000 000 7.5e-022
05500 ///// ///// 0000.0 000 000 2.9e-021
05560 ///// ///// 0000.0 000 000 4.8e-021
05620 ///// ///// 0000.0 000 000 2.7e-021
05680 ///// ///// 0000.0 000 000 4.3e-021
05740 ///// ///// 0000.0 000 000 3.3e-021
05800 ///// ///// 0000.0 000 000 1.9e-021
05860 ///// ///// 0000.0 000 000 1.1e-021
05920 ///// ///// 0000.0 000 000 4.3e-021
05980 ///// ///// 0000.0 000 000 4.1e-021
NNNN
