WNDROBS 01.20
57793 0114.3600 027.7900 00130.0 LC 20130628041500
ROBS
00100 078.0 002.3 0002.9 100 100 1.4e-019
00160 063.0 001.6 0003.2 100 100 1.8e-018
00220 071.0 002.5 0004.7 100 100 2.4e-018
00280 073.0 003.1 0004.6 100 100 2.3e-018
00340 058.0 003.1 0004.7 100 100 1.9e-018
00400 031.0 003.3 0004.7 100 100 1.8e-018
00460 024.0 004.9 0004.9 100 100 1.8e-018
00520 017.0 005.0 0004.9 100 100 1.7e-018
00580 020.0 005.0 0004.8 100 100 1.8e-018
00640 032.0 004.8 0002.6 100 100 1.2e-018
00700 097.0 004.4 0004.4 100 100 1.7e-018
00760 141.0 002.9 0004.1 100 100 1.2e-018
00820 173.0 001.6 0002.4 100 100 1.1e-018
00880 196.0 000.8 0002.7 100 100 9.6e-019
00940 163.0 001.1 0002.6 100 100 7.5e-019
01000 207.0 001.2 0002.4 100 100 5.6e-019
01060 228.0 001.4 0002.6 100 100 2.8e-019
01120 241.0 004.6 0002.6 100 100 1.5e-019
01180 226.0 006.8 0002.6 100 100 1.3e-019
01240 213.0 007.2 0002.6 100 100 1.6e-019
01300 205.0 011.2 0002.6 100 100 1.5e-019
01360 205.0 011.9 0002.6 100 100 1.6e-019
01420 198.0 014.7 0002.6 100 100 1.3e-019
01480 204.0 013.3 0002.6 100 100 1.4e-019
01540 204.0 016.6 0002.7 100 100 7.9e-020
01600 209.0 014.9 0002.7 100 100 1.3e-019
01660 205.0 017.1 0002.7 100 100 8.0e-020
01720 209.0 015.7 0002.5 100 100 8.1e-020
01780 217.0 012.6 0002.5 100 100 1.5e-019
01840 213.0 013.7 0002.5 100 100 1.2e-019
01900 211.0 014.1 0002.4 100 100 1.1e-019
01960 210.0 014.5 0002.4 100 100 1.1e-019
02020 253.0 007.3 0002.5 100 100 1.2e-019
02080 276.0 005.0 0002.4 100 100 1.5e-019
02140 244.0 008.3 0002.5 100 100 1.7e-019
02200 272.0 007.1 0002.4 100 100 2.2e-019
02260 249.0 006.6 0002.3 100 100 2.3e-019
02320 242.0 006.7 0002.3 100 100 2.3e-019
02380 238.0 006.3 0002.2 100 100 2.4e-019
02440 236.0 006.0 0002.5 100 100 2.4e-019
02500 230.0 006.1 0002.1 100 100 2.4e-019
02560 236.0 005.1 0002.1 100 100 1.6e-019
02620 249.0 004.3 0001.9 100 100 1.7e-019
02680 239.0 004.4 0002.0 100 100 1.8e-019
02740 255.0 004.2 0002.1 100 100 1.8e-019
02800 233.0 005.0 0002.5 100 100 2.8e-019
02860 242.0 005.4 0002.6 100 100 2.3e-019
02920 246.0 005.7 0002.6 100 100 3.6e-019
02980 203.0 010.8 0002.6 100 100 3.8e-019
03040 198.0 009.8 0002.7 100 100 3.9e-019
03100 201.0 009.3 0002.5 100 100 4.9e-019
03160 201.0 009.7 0002.2 100 100 4.7e-019
03220 202.0 010.0 0001.7 100 100 4.3e-019
03280 205.0 010.8 0001.5 100 100 4.3e-019
03340 210.0 011.7 0001.3 100 100 4.0e-019
03400 213.0 012.2 0001.2 100 100 3.7e-019
03460 215.0 012.7 0001.1 100 100 3.8e-019
03520 216.0 013.0 0001.0 100 100 3.7e-019
03580 216.0 012.9 0001.1 100 100 3.3e-019
03640 217.0 012.9 0001.0 100 100 2.7e-019
03700 222.0 013.1 0001.0 100 100 2.2e-019
03760 223.0 012.8 0001.0 100 100 1.7e-019
03820 224.0 012.9 0000.9 100 100 1.3e-019
03880 224.0 012.8 0000.9 100 100 1.1e-019
03940 222.0 012.6 0001.1 100 100 8.4e-020
04000 223.0 012.7 0001.0 100 100 5.9e-020
04060 221.0 013.2 0001.1 100 100 3.9e-020
04120 220.0 013.9 0000.8 100 100 4.0e-020
04180 223.0 013.2 -000.4 100 100 2.4e-020
04240 221.0 009.2 0000.0 100 100 1.9e-020
04300 220.0 010.2 0000.7 100 100 1.8e-020
04360 223.0 010.9 0000.0 100 100 1.2e-020
04420 221.0 010.5 0000.0 100 100 1.4e-020
04480 268.0 009.5 0000.0 100 100 2.1e-020
04540 ///// ///// 0000.0 000 000 1.3e-020
04600 216.0 004.0 -000.1 100 100 1.7e-020
04660 213.0 005.3 0000.0 100 100 1.2e-020
04720 222.0 003.8 0000.0 100 100 1.4e-020
04780 ///// ///// 0002.7 000 000 7.7e-021
04840 235.0 017.0 0002.5 100 100 6.2e-021
04900 ///// ///// 0002.6 000 000 8.1e-021
04960 224.0 018.2 0002.3 100 100 2.8e-021
05020 239.0 015.9 0002.2 100 100 1.2e-020
05080 246.0 016.4 0002.2 100 100 1.3e-020
05140 250.0 016.5 0002.2 100 100 1.3e-020
05200 249.0 016.4 0002.2 100 100 1.4e-020
05260 238.0 017.7 0002.1 100 100 1.8e-020
05320 231.0 018.0 0002.1 100 100 1.9e-020
05380 ///// ///// 0002.1 000 000 2.1e-020
05440 ///// ///// 0001.9 000 000 4.6e-021
05500 235.0 016.6 0001.8 100 100 1.8e-020
05560 240.0 016.1 0001.8 100 100 1.5e-020
05620 239.0 016.1 0001.7 100 100 1.5e-020
05680 239.0 016.1 0001.4 100 100 1.4e-020
05740 242.0 015.5 0001.3 100 100 4.8e-021
05800 250.0 015.1 0001.0 100 100 8.6e-021
05860 242.0 016.0 0000.5 100 100 1.5e-020
05920 238.0 016.7 0001.0 100 100 9.5e-021
05980 241.0 016.5 0000.0 100 100 9.4e-021
NNNN
