WNDROBS 01.20
57793 0114.3600 027.7900 00130.0 LC 20130629071500
ROBS
00100 028.0 005.1 0000.1 100 100 8.0e-021
00160 028.0 005.7 0000.1 100 100 1.7e-020
00220 034.0 003.7 0000.2 100 100 1.3e-020
00280 056.0 002.5 0000.0 100 100 9.7e-021
00340 072.0 002.7 0000.1 100 100 6.5e-021
00400 069.0 002.6 0000.0 100 100 5.0e-021
00460 078.0 003.9 -000.1 100 100 3.8e-021
00520 086.0 003.3 0000.0 100 100 3.1e-021
00580 143.0 001.4 0000.1 100 100 3.6e-021
00640 167.0 003.1 0000.1 100 100 8.6e-021
00700 174.0 005.3 0000.1 100 100 2.4e-020
00760 184.0 004.1 0000.1 100 100 1.3e-019
00820 188.0 003.8 0000.2 100 100 1.2e-019
00880 199.0 002.7 0000.1 100 100 7.8e-020
00940 220.0 001.9 0000.1 100 100 5.8e-020
01000 222.0 004.2 0000.1 100 100 1.5e-020
01060 265.0 002.6 0000.2 100 100 1.2e-020
01120 261.0 003.5 0000.2 100 100 1.2e-020
01180 254.0 005.4 0000.0 100 100 2.6e-020
01240 248.0 005.9 0000.0 100 100 7.7e-021
01300 243.0 007.2 -000.1 100 100 7.4e-021
01360 238.0 007.6 -000.3 100 100 5.6e-021
01420 239.0 008.3 -000.2 100 100 6.5e-021
01480 241.0 008.8 -000.2 100 100 1.6e-020
01540 240.0 009.1 -000.3 100 100 2.9e-020
01600 237.0 009.9 -000.0 100 100 3.0e-020
01660 235.0 010.6 0000.1 100 100 2.8e-020
01720 233.0 011.5 -000.0 100 100 1.6e-020
01780 235.0 011.6 0000.2 100 100 2.0e-020
01840 234.0 011.5 0000.2 100 100 1.3e-020
01900 237.0 012.1 0000.1 100 100 1.2e-020
01960 238.0 010.9 0000.1 100 100 1.1e-020
02020 240.0 011.1 -000.1 100 100 9.3e-021
02080 244.0 011.5 0000.2 100 100 6.9e-021
02140 246.0 012.4 0000.1 100 100 7.0e-021
02200 244.0 011.7 0000.0 100 100 7.6e-021
02260 249.0 011.4 0000.1 100 100 1.1e-020
02320 251.0 011.2 -000.1 100 100 1.1e-020
02380 250.0 011.3 -000.1 100 100 9.5e-021
02440 249.0 011.4 -000.2 100 100 7.0e-021
02500 246.0 013.0 -000.4 100 100 7.2e-021
02560 244.0 011.6 0000.0 100 100 2.7e-021
02620 248.0 011.1 0000.0 100 100 2.2e-021
02680 251.0 013.4 0000.0 100 100 2.7e-021
02740 247.0 013.8 0000.3 100 100 3.4e-021
02800 243.0 014.4 0000.3 100 100 3.2e-021
02860 246.0 010.9 -001.4 100 100 2.5e-021
02920 246.0 008.4 0000.0 100 100 2.5e-021
02980 237.0 008.6 0000.0 100 100 2.1e-021
03040 249.0 013.7 0000.0 100 100 2.7e-021
03100 251.0 015.5 0000.0 100 100 2.2e-021
03160 250.0 014.7 0000.0 100 100 2.8e-021
03220 243.0 010.7 0000.0 100 100 2.7e-021
03280 238.0 010.4 0000.0 100 100 2.6e-021
03340 228.0 007.3 0000.0 100 100 2.4e-021
03400 236.0 007.9 0000.0 100 100 2.6e-021
03460 228.0 006.5 -000.1 100 100 2.3e-021
03520 228.0 006.6 0000.0 100 100 2.2e-021
03580 230.0 006.4 0000.7 100 100 2.8e-021
03640 230.0 006.5 0001.2 100 100 2.4e-021
03700 230.0 006.6 0000.0 100 100 2.2e-021
03760 ///// ///// 0000.0 000 000 2.3e-021
03820 ///// ///// -000.5 000 000 2.6e-021
03880 ///// ///// -000.4 000 000 1.4e-021
03940 ///// ///// 0000.0 000 000 1.4e-021
04000 ///// ///// 0000.0 000 000 7.1e-022
04060 ///// ///// 0000.0 000 000 4.7e-022
04120 ///// ///// 0000.0 000 000 2.5e-021
04180 ///// ///// 0000.0 000 000 2.5e-021
04240 ///// ///// 0000.0 000 000 9.8e-022
04300 ///// ///// 0000.0 000 000 2.5e-021
04360 ///// ///// -000.2 000 000 2.8e-021
04420 ///// ///// 0000.0 000 000 6.0e-022
04480 ///// ///// 0000.0 000 000 3.0e-021
04540 ///// ///// 0000.0 000 000 3.1e-021
04600 ///// ///// -000.3 000 000 3.5e-021
04660 ///// ///// 0000.0 000 000 1.4e-021
04720 ///// ///// 0000.0 000 000 2.7e-021
04780 ///// ///// 0000.0 000 000 1.8e-021
04840 ///// ///// 0000.0 000 000 1.7e-021
04900 ///// ///// 0000.0 000 000 3.4e-021
04960 ///// ///// 0000.0 000 000 2.4e-021
05020 ///// ///// 0000.0 000 000 3.4e-021
05080 ///// ///// 0000.0 000 000 3.1e-021
05140 ///// ///// 0000.0 000 000 1.6e-021
05200 ///// ///// 0000.0 000 000 4.1e-021
05260 ///// ///// -000.9 000 000 1.8e-021
05320 ///// ///// 0001.0 000 000 3.9e-021
05380 ///// ///// 0000.0 000 000 3.7e-021
05440 ///// ///// -000.4 000 000 4.6e-021
05500 ///// ///// 0000.0 000 000 5.1e-021
05560 ///// ///// 0000.0 000 000 1.6e-021
05620 ///// ///// 0000.0 000 000 5.0e-021
05680 ///// ///// -000.2 000 000 5.6e-021
05740 ///// ///// 0000.0 000 000 1.5e-021
05800 ///// ///// 0000.0 000 000 4.2e-021
05860 ///// ///// 0000.0 000 000 1.2e-021
05920 ///// ///// 0000.0 000 000 6.5e-021
05980 ///// ///// 0000.0 000 000 4.4e-021
NNNN
