WNDROBS 01.20
57793 0114.3600 027.7900 00130.0 LC 20130629083000
ROBS
00100 086.0 004.4 0001.0 100 100 2.7e-021
00160 086.0 004.9 0001.1 100 100 5.8e-021
00220 120.0 004.8 0000.1 100 100 4.7e-021
00280 099.0 006.0 0000.1 100 100 4.4e-021
00340 099.0 006.4 0000.0 100 100 4.5e-021
00400 102.0 006.0 0000.1 100 100 4.4e-021
00460 103.0 006.5 0000.2 100 100 6.5e-021
00520 112.0 006.4 -000.1 100 100 1.2e-020
00580 125.0 006.0 -000.2 100 100 1.7e-020
00640 134.0 006.6 -000.2 100 100 1.1e-020
00700 141.0 006.9 -000.1 100 100 1.2e-020
00760 169.0 005.8 -000.1 100 100 1.9e-020
00820 204.0 007.2 -000.1 100 100 3.4e-020
00880 210.0 006.6 -000.3 100 100 3.2e-020
00940 213.0 008.6 -000.2 100 100 6.8e-020
01000 218.0 008.0 -000.2 100 100 5.0e-020
01060 176.0 006.1 -000.3 100 100 2.5e-020
01120 189.0 005.3 -000.3 100 100 1.0e-020
01180 191.0 005.0 -000.2 100 100 3.9e-021
01240 198.0 003.4 -000.2 100 100 3.4e-021
01300 202.0 003.1 -000.0 100 100 3.9e-021
01360 201.0 003.4 -000.0 100 100 1.3e-020
01420 206.0 004.4 -000.1 100 100 2.5e-020
01480 212.0 005.7 -000.2 100 100 7.9e-021
01540 224.0 006.5 -000.3 100 100 6.5e-021
01600 225.0 007.4 -000.3 100 100 1.1e-020
01660 223.0 008.8 -000.2 100 100 9.9e-021
01720 223.0 009.3 -000.4 100 100 3.9e-021
01780 228.0 010.2 0000.1 100 100 2.5e-021
01840 232.0 010.6 0000.2 100 100 2.7e-021
01900 231.0 010.8 0000.1 100 100 3.3e-021
01960 230.0 010.9 0000.3 100 100 6.1e-021
02020 235.0 012.9 0000.3 100 100 1.1e-020
02080 237.0 012.8 0000.2 100 100 2.1e-020
02140 238.0 012.3 -000.1 100 100 4.1e-020
02200 240.0 012.1 -000.2 100 100 4.1e-020
02260 238.0 012.5 -000.2 100 100 1.7e-020
02320 239.0 012.9 0000.0 100 100 1.3e-020
02380 237.0 012.3 -000.1 100 100 1.1e-020
02440 236.0 011.5 -000.1 100 100 1.3e-020
02500 240.0 012.1 -000.2 100 100 1.7e-020
02560 239.0 012.7 -000.0 100 100 1.1e-020
02620 242.0 011.8 -000.2 100 100 9.5e-021
02680 240.0 011.6 -000.2 100 100 1.1e-020
02740 239.0 011.9 -000.1 100 100 1.1e-020
02800 240.0 012.1 -000.0 100 100 6.7e-021
02860 241.0 012.2 -000.0 100 100 6.2e-021
02920 237.0 011.7 0000.0 100 100 5.4e-021
02980 240.0 011.5 0000.3 100 100 3.5e-021
03040 243.0 011.7 0000.1 100 100 4.2e-021
03100 243.0 011.5 -000.1 100 100 3.9e-021
03160 241.0 011.8 0000.1 100 100 1.6e-021
03220 245.0 013.0 -000.2 100 100 6.9e-021
03280 244.0 012.8 -000.2 100 100 1.3e-020
03340 244.0 012.4 -000.2 100 100 1.6e-020
03400 243.0 012.2 -000.4 100 100 1.1e-020
03460 243.0 012.0 0000.0 100 100 9.2e-021
03520 241.0 011.7 0000.0 100 100 7.6e-021
03580 238.0 012.3 -000.2 100 100 7.1e-021
03640 243.0 012.8 0000.0 100 100 2.8e-021
03700 241.0 012.2 0000.0 100 100 4.1e-021
03760 235.0 011.7 0000.0 100 100 4.5e-021
03820 233.0 012.1 -000.1 100 100 6.2e-021
03880 243.0 011.1 -000.0 100 100 8.8e-021
03940 237.0 011.6 -000.1 100 100 1.4e-020
04000 240.0 011.7 -000.1 100 100 2.0e-020
04060 238.0 011.2 -000.0 100 100 3.0e-020
04120 244.0 010.6 -000.1 100 100 2.4e-020
04180 237.0 010.2 0000.1 100 100 3.5e-020
04240 236.0 010.7 0000.1 100 100 3.3e-020
04300 242.0 011.5 0000.2 100 100 3.2e-020
04360 244.0 011.1 0000.2 100 100 3.0e-020
04420 245.0 011.6 0000.1 100 100 4.5e-020
04480 245.0 011.8 -000.1 100 100 4.9e-020
04540 245.0 011.8 -000.2 100 100 5.1e-020
04600 245.0 011.6 -000.1 100 100 4.7e-020
04660 244.0 012.1 -000.1 100 100 4.0e-020
04720 244.0 012.0 0000.2 100 100 3.3e-020
04780 240.0 011.0 0000.4 100 100 1.1e-020
04840 244.0 012.2 -000.0 100 100 9.0e-021
04900 240.0 012.5 0000.4 100 100 7.9e-021
04960 243.0 012.0 0000.0 100 100 4.9e-021
05020 243.0 010.9 0000.0 100 100 2.3e-021
05080 248.0 012.0 -001.1 100 100 5.4e-021
05140 253.0 012.3 0000.0 100 100 4.1e-021
05200 253.0 011.3 0000.0 100 100 3.5e-021
05260 ///// ///// 0000.0 000 000 2.6e-021
05320 ///// ///// 0000.0 000 000 2.8e-021
05380 ///// ///// 0000.0 000 000 1.7e-021
05440 ///// ///// -000.4 000 000 3.6e-021
05500 ///// ///// 0000.0 000 000 1.4e-021
05560 ///// ///// 0000.0 000 000 3.0e-021
05620 ///// ///// 0000.0 000 000 1.8e-021
05680 ///// ///// 0000.2 000 000 4.3e-021
05740 ///// ///// 0000.1 000 000 3.5e-021
05800 ///// ///// 0000.0 000 000 1.8e-021
05860 ///// ///// 0000.0 000 000 5.4e-021
05920 ///// ///// 0000.0 000 000 1.8e-021
05980 ///// ///// 0000.0 000 000 2.0e-021
NNNN
