WNDROBS 01.20
57793 0114.3600 027.7900 00130.0 LC 20130629190000
ROBS
00100 099.0 004.8 -000.1 100 100 5.9e-021
00160 099.0 005.4 -000.1 100 100 1.3e-020
00220 099.0 003.9 -000.2 100 100 1.1e-020
00280 116.0 003.6 -000.1 100 100 9.0e-021
00340 126.0 003.0 -000.1 100 100 1.3e-020
00400 137.0 003.4 0000.2 100 100 2.3e-020
00460 153.0 004.8 0000.6 100 100 3.8e-020
00520 162.0 005.9 0000.9 100 100 1.1e-019
00580 169.0 006.6 0000.8 100 100 1.7e-019
00640 175.0 006.7 0000.5 100 100 1.0e-019
00700 175.0 006.1 0000.1 100 100 7.4e-020
00760 207.0 006.4 0000.1 100 100 1.9e-020
00820 159.0 003.4 0000.3 100 100 2.7e-020
00880 189.0 002.6 0000.2 100 100 2.6e-020
00940 190.0 002.7 -000.0 100 100 1.4e-020
01000 216.0 003.0 0000.2 100 100 5.8e-021
01060 220.0 003.2 0000.1 100 100 2.7e-021
01120 222.0 003.8 -000.1 100 100 2.0e-021
01180 223.0 003.3 0000.2 100 100 1.7e-021
01240 231.0 005.4 -000.4 100 100 1.5e-021
01300 204.0 004.2 0000.2 100 100 1.7e-021
01360 206.0 004.7 -000.1 100 100 1.9e-021
01420 210.0 005.3 0000.0 100 100 2.8e-021
01480 220.0 006.1 0000.1 100 100 3.0e-021
01540 218.0 006.8 0000.0 100 100 3.9e-021
01600 217.0 007.9 -000.2 100 100 3.0e-021
01660 222.0 009.3 -000.2 100 100 2.3e-021
01720 224.0 008.6 -000.1 100 100 2.2e-021
01780 225.0 009.2 -000.2 100 100 2.2e-021
01840 222.0 008.2 -000.3 100 100 3.5e-021
01900 224.0 009.7 -000.1 100 100 3.8e-021
01960 223.0 010.0 -000.1 100 100 2.6e-021
02020 227.0 008.5 0000.1 100 100 2.8e-021
02080 226.0 008.2 0000.2 100 100 2.4e-021
02140 229.0 009.5 -000.3 100 100 2.9e-021
02200 221.0 007.8 -000.1 100 100 1.7e-021
02260 216.0 008.1 0000.5 100 100 3.4e-021
02320 218.0 008.4 0000.2 100 100 2.8e-021
02380 220.0 008.4 0000.0 100 100 2.8e-021
02440 214.0 009.9 0000.5 100 100 2.5e-021
02500 214.0 009.5 0000.0 100 100 3.4e-021
02560 216.0 009.2 -000.6 100 100 3.6e-021
02620 207.0 007.6 -000.0 100 100 2.6e-021
02680 204.0 007.5 0000.2 100 100 4.3e-021
02740 235.0 007.4 0000.2 100 100 3.5e-021
02800 237.0 007.7 0000.0 100 100 2.7e-021
02860 234.0 008.2 0000.2 100 100 5.8e-021
02920 238.0 007.9 0000.2 100 100 5.3e-021
02980 247.0 006.9 0000.2 100 100 2.8e-021
03040 232.0 007.6 0000.0 100 100 2.8e-021
03100 224.0 007.0 0000.2 100 100 3.5e-021
03160 224.0 008.0 0000.0 100 100 1.1e-021
03220 224.0 008.1 0000.0 100 100 2.9e-021
03280 218.0 009.1 0000.0 100 100 3.9e-021
03340 227.0 007.9 0000.0 100 100 3.3e-021
03400 219.0 009.2 -000.2 100 100 5.0e-021
03460 206.0 007.9 0000.2 100 100 6.3e-021
03520 206.0 008.0 0000.1 100 100 7.5e-021
03580 207.0 008.0 0000.3 100 100 1.1e-020
03640 204.0 007.6 0000.0 100 100 5.5e-021
03700 194.0 006.7 0000.1 100 100 1.0e-020
03760 194.0 006.7 0000.0 100 100 7.2e-021
03820 194.0 006.9 0000.2 100 100 7.5e-021
03880 199.0 007.1 0000.3 100 100 1.0e-020
03940 204.0 007.7 0000.4 100 100 9.9e-021
04000 202.0 008.5 0000.6 100 100 1.3e-020
04060 202.0 009.4 0000.5 100 100 2.8e-020
04120 202.0 010.9 0000.0 100 100 1.0e-020
04180 201.0 011.7 0000.0 100 100 3.4e-021
04240 ///// ///// 0000.0 000 000 1.8e-021
04300 ///// ///// 0000.0 000 000 1.2e-021
04360 ///// ///// 0000.0 000 000 2.2e-021
04420 ///// ///// 0000.0 000 000 2.7e-021
04480 ///// ///// 0000.0 000 000 8.1e-022
04540 ///// ///// 0000.0 000 000 1.3e-021
04600 ///// ///// 0000.0 000 000 9.6e-022
04660 ///// ///// 0000.0 000 000 2.8e-021
04720 ///// ///// 0000.0 000 000 3.5e-021
04780 ///// ///// 0000.3 000 000 3.3e-021
04840 ///// ///// 0000.0 000 000 3.4e-021
04900 ///// ///// 0000.0 000 000 1.1e-021
04960 ///// ///// 0000.0 000 000 5.5e-022
05020 ///// ///// 0000.0 000 000 4.8e-022
05080 ///// ///// 0000.0 000 000 5.2e-022
05140 232.0 005.3 -000.0 100 100 1.8e-021
05200 220.0 006.2 0000.0 100 100 1.7e-021
05260 238.0 004.2 0000.0 100 100 3.0e-021
05320 233.0 005.1 0000.0 100 100 4.8e-021
05380 231.0 005.6 0000.0 100 100 1.7e-021
05440 233.0 004.6 0000.5 100 100 5.8e-021
05500 242.0 004.6 0000.6 100 100 4.3e-021
05560 243.0 004.5 0000.0 100 100 4.9e-021
05620 ///// ///// 0000.0 000 000 1.3e-021
05680 ///// ///// 0000.0 000 000 1.7e-021
05740 ///// ///// 0000.0 000 000 1.3e-021
05800 ///// ///// 0000.0 000 000 4.3e-021
05860 ///// ///// 0000.0 000 000 3.7e-021
05920 ///// ///// 0000.0 000 000 4.8e-021
05980 ///// ///// 0000.0 000 000 1.9e-021
NNNN
