WNDROBS 01.20
57793 0114.3600 027.7900 00130.0 LC 20130629220000
ROBS
00100 054.0 005.2 -000.1 100 100 4.0e-021
00160 079.0 004.9 -000.1 100 100 1.1e-020
00220 104.0 004.4 -000.2 100 100 1.1e-020
00280 106.0 004.5 -000.2 100 100 1.6e-020
00340 119.0 003.0 -000.1 100 100 1.8e-020
00400 143.0 003.1 0000.0 100 100 2.6e-020
00460 159.0 003.8 -000.1 100 100 3.2e-020
00520 162.0 006.3 -000.2 100 100 6.0e-020
00580 167.0 007.3 -000.5 100 100 9.3e-020
00640 179.0 007.9 -000.3 100 100 2.1e-019
00700 180.0 005.7 -000.2 100 100 1.6e-019
00760 196.0 004.3 -000.2 100 100 4.7e-020
00820 208.0 003.0 -000.1 100 100 2.5e-020
00880 208.0 003.0 -000.2 100 100 2.3e-020
00940 215.0 002.6 -000.4 100 100 1.1e-020
01000 233.0 003.4 -000.0 100 100 8.1e-021
01060 246.0 002.5 0000.1 100 100 1.5e-021
01120 239.0 003.3 -000.1 100 100 2.3e-021
01180 221.0 003.7 -000.0 100 100 4.5e-021
01240 226.0 005.7 -000.1 100 100 3.1e-021
01300 220.0 006.6 0000.0 100 100 4.9e-021
01360 221.0 007.3 -000.0 100 100 4.3e-021
01420 220.0 007.9 0000.0 100 100 2.5e-021
01480 223.0 008.0 -000.1 100 100 3.5e-021
01540 223.0 009.1 0000.1 100 100 4.1e-021
01600 227.0 010.4 -000.3 100 100 1.4e-021
01660 228.0 011.7 0000.0 100 100 2.1e-021
01720 229.0 012.3 0000.0 100 100 2.8e-021
01780 230.0 012.7 -000.1 100 100 3.6e-021
01840 227.0 012.1 0000.1 100 100 3.7e-021
01900 230.0 012.1 0000.1 100 100 2.6e-021
01960 233.0 012.4 0000.0 100 100 2.8e-021
02020 217.0 009.5 -000.3 100 100 2.1e-021
02080 229.0 012.3 -000.2 100 100 4.3e-021
02140 231.0 011.5 -000.1 100 100 4.2e-021
02200 230.0 011.3 -000.1 100 100 1.0e-020
02260 226.0 011.2 -000.1 100 100 4.6e-021
02320 221.0 010.6 0000.0 100 100 3.5e-021
02380 209.0 009.8 0000.1 100 100 6.1e-021
02440 210.0 009.8 0000.1 100 100 8.3e-021
02500 208.0 009.4 0000.1 100 100 5.8e-021
02560 202.0 008.9 0000.2 100 100 4.1e-021
02620 202.0 008.9 0000.3 100 100 2.8e-021
02680 200.0 008.8 0000.2 100 100 3.3e-021
02740 201.0 008.9 0000.5 100 100 2.9e-021
02800 203.0 008.8 0000.0 100 100 4.1e-021
02860 205.0 008.4 0000.0 100 100 4.6e-021
02920 207.0 007.6 0000.0 100 100 2.4e-021
02980 201.0 008.2 0000.1 100 100 3.2e-021
03040 203.0 008.3 0000.0 100 100 3.2e-021
03100 205.0 008.2 0000.0 100 100 3.1e-021
03160 206.0 007.9 -000.9 100 100 2.5e-021
03220 206.0 008.3 0000.1 100 100 4.8e-021
03280 206.0 008.6 -000.2 100 100 9.2e-021
03340 209.0 009.1 0000.0 100 100 1.0e-020
03400 214.0 009.8 0000.0 100 100 5.7e-021
03460 217.0 009.4 -000.1 100 100 5.3e-021
03520 213.0 009.1 0000.0 100 100 4.4e-021
03580 223.0 009.5 0000.0 100 100 5.2e-021
03640 216.0 008.2 0000.0 100 100 4.0e-021
03700 216.0 008.3 0000.0 100 100 5.6e-021
03760 217.0 008.2 -000.0 100 100 2.1e-021
03820 218.0 008.0 0000.1 100 100 6.0e-021
03880 219.0 008.0 0000.1 100 100 7.3e-021
03940 253.0 006.6 0000.0 100 100 7.6e-021
04000 235.0 007.5 -000.2 100 100 1.5e-020
04060 234.0 008.2 -000.5 100 100 2.2e-020
04120 234.0 008.8 -000.3 100 100 2.8e-020
04180 231.0 009.0 -000.2 100 100 2.2e-020
04240 236.0 009.1 0000.5 100 100 1.7e-020
04300 237.0 009.2 0000.7 100 100 1.8e-020
04360 245.0 009.6 0001.1 100 100 2.2e-020
04420 238.0 008.8 0000.9 100 100 1.5e-020
04480 236.0 009.0 0000.9 100 100 1.5e-020
04540 237.0 009.3 0000.6 100 100 2.1e-020
04600 238.0 009.1 0000.4 100 100 2.9e-020
04660 239.0 010.5 0000.3 100 100 5.0e-020
04720 240.0 010.3 0000.1 100 100 8.6e-020
04780 238.0 009.2 0000.3 100 100 2.5e-020
04840 241.0 010.3 0000.4 100 100 2.6e-020
04900 239.0 010.2 0000.1 100 100 2.0e-020
04960 244.0 009.3 0000.2 100 100 2.5e-020
05020 241.0 010.3 0000.0 100 100 1.3e-020
05080 247.0 009.9 0000.0 100 100 1.5e-020
05140 231.0 007.5 0000.0 100 100 5.4e-021
05200 248.0 008.8 0000.0 100 100 1.5e-021
05260 ///// ///// 0000.0 000 000 2.5e-021
05320 ///// ///// 0000.0 000 000 1.6e-021
05380 ///// ///// 0000.0 000 000 3.2e-021
05440 ///// ///// 0000.1 000 000 4.4e-021
05500 ///// ///// -000.1 000 000 5.9e-021
05560 ///// ///// 0000.0 000 000 2.9e-021
05620 ///// ///// 0000.0 000 000 5.2e-021
05680 ///// ///// 0000.0 000 000 7.6e-022
05740 ///// ///// 0000.0 000 000 1.9e-021
05800 ///// ///// -000.2 000 000 6.1e-021
05860 ///// ///// 0000.0 000 000 7.1e-021
05920 ///// ///// 0000.0 000 000 1.9e-021
05980 ///// ///// 0000.0 000 000 4.2e-021
NNNN
