WNDROBS 01.20
57793 0114.3600 027.7900 00130.0 LC 20130629135000
ROBS
00100 116.0 001.1 -000.3 100 100 3.6e-020
00160 201.0 001.2 -000.3 100 100 7.6e-020
00220 124.0 001.1 -000.3 100 100 6.6e-020
00280 162.0 000.9 -000.1 100 100 2.8e-020
00340 100.0 003.6 -000.1 100 100 1.6e-020
00400 116.0 004.5 -000.2 100 100 2.1e-020
00460 127.0 005.5 -000.2 100 100 3.0e-020
00520 151.0 006.9 -000.2 100 100 4.3e-020
00580 158.0 007.8 -000.3 100 100 1.5e-020
00640 164.0 009.2 0000.0 100 100 4.3e-021
00700 171.0 010.5 -000.9 100 100 4.0e-021
00760 175.0 011.2 -000.3 100 100 7.4e-021
00820 176.0 012.5 -000.3 100 100 1.4e-020
00880 180.0 012.8 -000.4 100 100 1.3e-020
00940 177.0 012.2 -000.3 100 100 3.9e-020
01000 179.0 011.8 -000.4 100 100 8.5e-020
01060 179.0 011.9 -000.2 100 100 4.7e-020
01120 180.0 010.9 -000.2 100 100 4.1e-020
01180 182.0 009.8 0000.1 100 100 3.7e-020
01240 191.0 009.3 0000.3 100 100 4.2e-020
01300 197.0 009.3 0000.2 100 100 3.2e-020
01360 199.0 008.8 0000.1 100 100 2.5e-020
01420 197.0 007.8 -000.1 100 100 2.4e-020
01480 202.0 006.2 -000.1 100 100 2.0e-020
01540 210.0 005.8 -000.0 100 100 2.2e-020
01600 213.0 006.0 -000.2 100 100 1.7e-020
01660 213.0 006.8 -000.1 100 100 1.7e-020
01720 206.0 006.6 -000.1 100 100 1.8e-020
01780 213.0 007.2 -000.2 100 100 1.7e-020
01840 217.0 008.3 -000.3 100 100 2.1e-020
01900 222.0 009.0 -000.4 100 100 1.8e-020
01960 229.0 008.9 -000.2 100 100 1.1e-020
02020 226.0 009.2 -000.1 100 100 1.0e-020
02080 226.0 009.5 -000.2 100 100 1.1e-020
02140 226.0 010.0 -000.2 100 100 8.6e-021
02200 228.0 009.7 -000.2 100 100 7.2e-021
02260 231.0 010.0 0000.0 100 100 5.6e-021
02320 231.0 010.3 -000.1 100 100 6.1e-021
02380 220.0 011.7 -000.3 100 100 8.6e-021
02440 234.0 011.5 -000.1 100 100 1.3e-020
02500 230.0 010.7 -000.0 100 100 6.5e-021
02560 225.0 009.2 -000.2 100 100 3.0e-021
02620 224.0 009.5 -000.3 100 100 3.0e-021
02680 227.0 010.4 -000.1 100 100 3.5e-021
02740 230.0 011.6 -000.1 100 100 3.2e-021
02800 231.0 011.6 0000.1 100 100 4.0e-021
02860 238.0 010.9 0000.1 100 100 6.0e-021
02920 236.0 009.9 0000.2 100 100 5.7e-021
02980 236.0 009.8 -000.1 100 100 4.6e-021
03040 241.0 010.0 0000.2 100 100 3.6e-021
03100 243.0 009.8 0000.1 100 100 4.5e-021
03160 240.0 009.6 0000.3 100 100 3.2e-021
03220 241.0 009.9 0000.6 100 100 6.6e-021
03280 240.0 009.9 0000.3 100 100 9.5e-021
03340 240.0 009.5 0000.3 100 100 1.5e-020
03400 240.0 009.9 0000.2 100 100 1.8e-020
03460 240.0 009.4 0000.1 100 100 2.9e-020
03520 235.0 010.0 0000.9 100 100 2.7e-020
03580 232.0 010.8 0000.0 100 100 2.3e-020
03640 214.0 008.7 0000.0 100 100 3.5e-021
03700 218.0 008.0 0000.0 100 100 5.3e-021
03760 215.0 007.5 0000.1 100 100 5.7e-021
03820 201.0 006.5 0000.0 100 100 1.9e-021
03880 211.0 007.3 0000.1 100 100 5.8e-021
03940 211.0 007.3 0000.0 100 100 2.2e-021
04000 209.0 007.8 0000.0 100 100 1.7e-021
04060 ///// ///// 0000.0 000 000 4.0e-022
04120 ///// ///// 0000.1 000 000 1.1e-021
04180 ///// ///// 0000.0 000 000 1.9e-021
04240 ///// ///// 0000.0 000 000 1.2e-021
04300 ///// ///// 0000.0 000 000 9.3e-022
04360 ///// ///// 0000.0 000 000 7.9e-022
04420 ///// ///// -000.0 000 000 3.2e-021
04480 ///// ///// 0000.0 000 000 2.8e-021
04540 ///// ///// -000.2 000 000 3.4e-021
04600 ///// ///// -000.3 000 000 3.7e-021
04660 ///// ///// -000.2 000 000 6.3e-021
04720 ///// ///// -000.1 000 000 6.9e-021
04780 ///// ///// 0000.0 000 000 3.2e-021
04840 ///// ///// 0001.7 000 000 1.3e-021
04900 ///// ///// 0000.0 000 000 3.5e-021
04960 ///// ///// 0000.0 000 000 2.6e-021
05020 ///// ///// 0000.0 000 000 1.3e-021
05080 ///// ///// 0000.0 000 000 2.9e-021
05140 ///// ///// 0000.0 000 000 1.4e-021
05200 ///// ///// 0000.0 000 000 3.7e-021
05260 ///// ///// 0000.0 000 000 4.6e-021
05320 ///// ///// 0000.0 000 000 3.7e-021
05380 ///// ///// 0000.0 000 000 1.6e-021
05440 ///// ///// 0000.0 000 000 2.9e-021
05500 ///// ///// 0000.0 000 000 2.3e-021
05560 ///// ///// 0000.0 000 000 4.5e-021
05620 ///// ///// 0001.2 000 000 3.8e-021
05680 ///// ///// 0000.0 000 000 1.8e-021
05740 ///// ///// 0000.0 000 000 8.4e-022
05800 ///// ///// 0000.0 000 000 2.8e-021
05860 ///// ///// 0000.0 000 000 2.3e-021
05920 ///// ///// 0000.0 000 000 3.3e-021
05980 ///// ///// 0000.0 000 000 4.2e-021
NNNN
