WNDROBS 01.20
57793 0114.3600 027.7900 00130.0 LC 20130629143000
ROBS
00100 082.0 003.3 0000.6 100 100 1.5e-020
00160 092.0 003.1 0000.7 100 100 1.5e-019
00220 086.0 004.5 0000.3 100 100 1.0e-019
00280 084.0 004.0 0000.2 100 100 5.2e-020
00340 072.0 004.3 -000.1 100 100 1.1e-020
00400 102.0 004.6 -000.1 100 100 8.6e-021
00460 132.0 005.3 -000.1 100 100 3.0e-020
00520 149.0 007.3 -000.2 100 100 8.5e-020
00580 159.0 009.1 -000.3 100 100 2.0e-020
00640 170.0 010.7 -000.2 100 100 1.0e-020
00700 170.0 011.7 -000.2 100 100 9.7e-021
00760 176.0 012.3 -000.3 100 100 9.0e-021
00820 180.0 012.9 0001.6 100 100 1.2e-020
00880 182.0 012.7 0001.8 100 100 1.7e-020
00940 178.0 014.2 -000.6 100 100 4.1e-020
01000 176.0 013.8 -000.6 100 100 1.3e-019
01060 175.0 014.5 -000.1 100 100 6.5e-020
01120 176.0 013.5 -000.4 100 100 1.1e-019
01180 177.0 012.7 -000.6 100 100 9.6e-020
01240 180.0 011.4 -000.5 100 100 6.1e-020
01300 190.0 010.0 -000.4 100 100 7.7e-020
01360 196.0 009.7 -000.4 100 100 4.8e-020
01420 197.0 008.8 -000.2 100 100 2.5e-020
01480 198.0 008.0 0000.3 100 100 3.6e-020
01540 202.0 007.5 0000.3 100 100 4.6e-020
01600 205.0 007.3 -000.1 100 100 3.1e-020
01660 209.0 008.3 -000.4 100 100 2.2e-020
01720 213.0 008.9 -000.4 100 100 2.0e-020
01780 214.0 009.0 -000.4 100 100 2.2e-020
01840 221.0 010.2 -000.4 100 100 1.7e-020
01900 226.0 011.1 -000.4 100 100 1.3e-020
01960 225.0 010.5 -000.4 100 100 1.6e-020
02020 225.0 011.1 -000.4 100 100 1.3e-020
02080 225.0 011.3 -000.5 100 100 8.1e-021
02140 218.0 010.6 -000.4 100 100 6.4e-021
02200 222.0 011.3 -000.3 100 100 4.6e-021
02260 216.0 010.2 -000.3 100 100 6.7e-021
02320 223.0 010.9 -000.3 100 100 7.4e-021
02380 228.0 010.1 -000.4 100 100 6.1e-021
02440 222.0 009.0 -000.4 100 100 4.2e-021
02500 223.0 008.7 -000.4 100 100 5.9e-021
02560 218.0 008.2 -000.4 100 100 5.6e-021
02620 237.0 007.8 -000.4 100 100 3.2e-021
02680 244.0 008.3 -000.4 100 100 5.6e-021
02740 245.0 008.5 -000.5 100 100 9.9e-021
02800 248.0 008.3 -000.5 100 100 6.1e-021
02860 237.0 009.5 0000.0 100 100 1.2e-021
02920 245.0 009.5 0000.0 100 100 2.7e-021
02980 247.0 009.1 -000.5 100 100 1.1e-021
03040 246.0 009.2 -000.5 100 100 4.7e-021
03100 246.0 009.3 -000.2 100 100 3.8e-021
03160 246.0 009.4 -000.4 100 100 5.2e-021
03220 244.0 009.7 -000.5 100 100 4.5e-021
03280 240.0 009.9 0000.0 100 100 1.8e-021
03340 228.0 006.8 0000.0 100 100 2.0e-021
03400 229.0 006.9 0000.0 100 100 1.7e-021
03460 232.0 006.8 0000.0 100 100 2.4e-021
03520 229.0 007.0 -000.6 100 100 3.0e-021
03580 241.0 010.0 -000.8 100 100 4.7e-021
03640 234.0 010.4 -000.3 100 100 4.7e-021
03700 229.0 010.4 0000.0 100 100 4.5e-021
03760 240.0 010.0 0000.0 100 100 5.5e-021
03820 255.0 008.6 0000.0 100 100 2.2e-021
03880 242.0 009.3 0000.0 100 100 3.1e-021
03940 238.0 009.7 -000.2 100 100 4.3e-021
04000 222.0 012.0 -000.3 100 100 5.1e-021
04060 225.0 010.3 -000.4 100 100 1.4e-021
04120 213.0 010.2 0000.0 100 100 3.2e-021
04180 ///// ///// 0000.2 000 000 4.5e-021
04240 208.0 011.2 0000.0 100 100 2.1e-021
04300 ///// ///// 0000.0 000 000 2.3e-021
04360 ///// ///// 0000.0 000 000 8.1e-022
04420 ///// ///// 0000.0 000 000 2.6e-021
04480 ///// ///// -000.2 000 000 2.0e-021
04540 ///// ///// 0000.0 000 000 1.9e-021
04600 ///// ///// 0000.0 000 000 2.9e-021
04660 ///// ///// -000.1 000 000 1.3e-021
04720 ///// ///// -001.1 000 000 3.7e-021
04780 ///// ///// 0000.0 000 000 1.3e-021
04840 ///// ///// 0000.0 000 000 2.3e-021
04900 ///// ///// 0000.0 000 000 2.1e-021
04960 ///// ///// 0000.0 000 000 3.3e-021
05020 ///// ///// 0000.0 000 000 3.6e-021
05080 ///// ///// 0000.1 000 000 2.5e-021
05140 ///// ///// 0000.0 000 000 3.2e-021
05200 ///// ///// 0000.0 000 000 3.5e-021
05260 ///// ///// 0000.0 000 000 1.7e-021
05320 ///// ///// 0000.0 000 000 2.3e-021
05380 ///// ///// 0000.0 000 000 5.5e-022
05440 ///// ///// 0000.0 000 000 1.4e-021
05500 ///// ///// 0000.0 000 000 4.1e-021
05560 ///// ///// 0000.0 000 000 1.3e-021
05620 ///// ///// 0000.0 000 000 3.4e-021
05680 ///// ///// 0000.0 000 000 2.7e-021
05740 ///// ///// -000.7 000 000 3.8e-021
05800 ///// ///// 0000.0 000 000 1.3e-021
05860 ///// ///// -001.3 000 000 5.4e-021
05920 ///// ///// 0000.0 000 000 3.6e-021
05980 ///// ///// 0000.0 000 000 3.1e-021
NNNN
