WNDROBS 01.20
57793 0114.3600 027.7900 00130.0 LC 20130629050500
ROBS
00100 109.0 002.6 -000.0 100 100 2.8e-021
00160 111.0 003.0 0000.0 100 100 8.9e-021
00220 085.0 004.5 0000.0 100 100 5.2e-021
00280 152.0 002.6 -000.0 100 100 3.5e-021
00340 146.0 001.8 0000.0 100 100 2.5e-021
00400 116.0 004.5 -000.1 100 100 1.6e-021
00460 135.0 005.0 -000.2 100 100 4.4e-021
00520 150.0 005.1 -000.5 100 100 4.3e-021
00580 166.0 005.2 -000.3 100 100 1.1e-020
00640 179.0 004.4 -000.4 100 100 6.2e-020
00700 182.0 003.0 -000.4 100 100 7.7e-020
00760 206.0 002.6 -000.4 100 100 4.1e-020
00820 216.0 003.3 -000.5 100 100 3.3e-020
00880 229.0 005.2 -000.1 100 100 2.3e-020
00940 234.0 006.8 -000.1 100 100 4.0e-020
01000 235.0 008.0 -000.0 100 100 3.6e-020
01060 233.0 008.3 -000.1 100 100 1.7e-020
01120 230.0 009.4 -000.1 100 100 5.7e-021
01180 231.0 010.3 0000.1 100 100 4.1e-021
01240 230.0 010.8 0000.1 100 100 4.7e-021
01300 231.0 010.9 0000.1 100 100 1.2e-020
01360 231.0 011.8 0000.0 100 100 1.3e-020
01420 232.0 012.3 0000.1 100 100 1.5e-020
01480 231.0 012.8 0000.1 100 100 2.5e-020
01540 233.0 013.6 0000.1 100 100 2.8e-020
01600 234.0 014.5 0000.0 100 100 3.9e-020
01660 235.0 015.2 -000.0 100 100 2.9e-020
01720 237.0 016.4 -000.2 100 100 9.5e-021
01780 240.0 015.7 -000.1 100 100 2.4e-021
01840 243.0 015.0 -000.0 100 100 1.7e-021
01900 242.0 013.3 -000.2 100 100 2.0e-021
01960 241.0 013.3 -000.0 100 100 6.5e-021
02020 243.0 014.7 -000.0 100 100 1.2e-020
02080 247.0 015.8 0000.1 100 100 3.8e-021
02140 245.0 016.5 0000.1 100 100 2.4e-021
02200 246.0 015.3 -000.2 100 100 3.1e-021
02260 245.0 015.5 -000.2 100 100 3.0e-021
02320 243.0 015.1 -000.3 100 100 2.5e-021
02380 243.0 016.2 0000.8 100 100 7.5e-022
02440 239.0 014.9 0000.0 100 100 3.4e-021
02500 252.0 013.9 0000.0 100 100 2.2e-021
02560 252.0 014.0 0000.0 100 100 1.6e-021
02620 252.0 014.2 -000.0 100 100 2.7e-021
02680 249.0 012.6 -000.1 100 100 3.3e-021
02740 241.0 014.7 -000.2 100 100 4.7e-021
02800 242.0 014.6 0000.0 100 100 3.6e-021
02860 241.0 015.1 0000.0 100 100 4.6e-021
02920 240.0 014.9 0000.0 100 100 4.6e-021
02980 240.0 015.9 0000.0 100 100 4.6e-021
03040 237.0 014.3 0000.0 100 100 4.4e-021
03100 237.0 014.5 0000.0 100 100 1.9e-021
03160 240.0 014.1 0000.0 100 100 1.6e-021
03220 238.0 014.5 0000.0 100 100 1.7e-021
03280 238.0 014.8 0000.0 100 100 2.9e-021
03340 ///// ///// 0000.0 000 000 2.2e-021
03400 ///// ///// -000.1 000 000 2.8e-021
03460 246.0 012.3 0000.0 100 100 3.6e-021
03520 ///// ///// 0000.0 000 000 2.2e-021
03580 248.0 013.6 0000.0 100 100 5.6e-021
03640 247.0 013.5 0000.0 100 100 6.7e-021
03700 ///// ///// 0000.0 000 000 3.6e-021
03760 248.0 004.5 0000.0 100 100 4.4e-021
03820 247.0 004.5 0000.0 100 100 6.2e-022
03880 ///// ///// 0000.0 000 000 1.9e-021
03940 248.0 001.9 0000.0 100 100 3.8e-021
04000 247.0 001.9 0000.0 100 100 4.6e-022
04060 ///// ///// 0000.0 000 000 4.2e-021
04120 ///// ///// 0000.0 000 000 1.8e-021
04180 ///// ///// 0000.0 000 000 2.4e-021
04240 ///// ///// 0000.0 000 000 3.8e-021
04300 ///// ///// 0000.0 000 000 1.2e-021
04360 ///// ///// 0000.0 000 000 1.3e-021
04420 ///// ///// 0000.0 000 000 3.5e-021
04480 ///// ///// 0000.0 000 000 2.7e-021
04540 ///// ///// 0000.0 000 000 1.7e-021
04600 ///// ///// 0000.0 000 000 1.6e-021
04660 ///// ///// 0000.0 000 000 3.4e-021
04720 ///// ///// 0000.0 000 000 1.4e-021
04780 ///// ///// 0000.0 000 000 3.0e-021
04840 ///// ///// -001.0 000 000 2.1e-021
04900 ///// ///// 0000.0 000 000 1.0e-021
04960 ///// ///// 0000.0 000 000 3.3e-021
05020 ///// ///// 0000.0 000 000 4.3e-022
05080 ///// ///// 0000.0 000 000 3.1e-021
05140 ///// ///// 0000.0 000 000 1.6e-021
05200 ///// ///// 0000.0 000 000 5.7e-021
05260 ///// ///// 0000.5 000 000 2.6e-021
05320 ///// ///// 0000.0 000 000 4.9e-021
05380 ///// ///// 0000.0 000 000 5.4e-021
05440 ///// ///// 0000.0 000 000 5.2e-021
05500 ///// ///// -000.3 000 000 6.0e-021
05560 ///// ///// 0000.0 000 000 5.6e-021
05620 ///// ///// 0000.0 000 000 4.3e-021
05680 ///// ///// 0000.0 000 000 4.1e-021
05740 ///// ///// 0001.2 000 000 5.1e-021
05800 ///// ///// 0000.4 000 000 5.9e-021
05860 ///// ///// 0000.0 000 000 5.7e-021
05920 ///// ///// 0000.2 000 000 7.4e-021
05980 ///// ///// -000.2 000 000 5.2e-021
NNNN
