WNDROBS 01.20
57793 0114.3600 027.7900 00130.0 LC 20130629163000
ROBS
00100 083.0 005.2 0001.6 100 100 3.8e-021
00160 083.0 005.3 0001.0 100 100 1.6e-020
00220 093.0 005.8 -000.0 100 100 1.4e-020
00280 098.0 006.1 -000.2 100 100 1.2e-020
00340 116.0 007.5 -000.0 100 100 1.0e-020
00400 125.0 006.6 -000.0 100 100 9.8e-021
00460 131.0 005.1 0000.0 100 100 3.6e-020
00520 151.0 007.3 0000.0 100 100 4.4e-020
00580 162.0 008.5 -000.1 100 100 5.5e-020
00640 169.0 009.4 -000.1 100 100 1.6e-019
00700 177.0 010.9 -000.2 100 100 6.9e-020
00760 184.0 012.3 0000.0 100 100 5.7e-020
00820 185.0 011.8 -000.0 100 100 5.3e-020
00880 188.0 013.0 0000.1 100 100 1.4e-019
00940 190.0 012.3 0000.0 100 100 1.4e-019
01000 197.0 011.1 0000.2 100 100 1.1e-019
01060 195.0 011.4 -000.1 100 100 5.2e-020
01120 195.0 009.4 0000.3 100 100 4.0e-020
01180 197.0 008.4 0000.2 100 100 5.0e-020
01240 203.0 006.5 0000.0 100 100 3.8e-020
01300 206.0 006.0 -000.3 100 100 5.5e-020
01360 206.0 005.9 -000.2 100 100 3.7e-020
01420 213.0 006.9 0001.4 100 100 1.4e-020
01480 217.0 007.4 -000.2 100 100 1.2e-020
01540 215.0 007.5 0000.0 100 100 9.0e-021
01600 215.0 007.9 0000.1 100 100 1.1e-020
01660 216.0 008.3 0000.1 100 100 1.5e-020
01720 219.0 009.1 -000.1 100 100 1.2e-020
01780 212.0 009.1 0000.0 100 100 1.0e-020
01840 221.0 010.7 -000.0 100 100 1.3e-020
01900 221.0 011.8 -000.1 100 100 8.3e-021
01960 226.0 011.5 0000.1 100 100 6.8e-021
02020 230.0 011.6 0000.0 100 100 5.3e-021
02080 228.0 011.1 -000.1 100 100 4.7e-021
02140 231.0 011.9 0000.1 100 100 2.7e-021
02200 233.0 011.8 0000.3 100 100 2.9e-021
02260 241.0 010.7 0000.1 100 100 2.8e-021
02320 220.0 014.0 -000.2 100 100 1.9e-021
02380 233.0 013.4 0000.1 100 100 2.2e-021
02440 246.0 010.3 0000.0 100 100 1.5e-021
02500 242.0 010.7 0000.0 100 100 2.2e-021
02560 241.0 008.8 0000.0 100 100 3.3e-021
02620 241.0 008.9 0000.0 100 100 3.1e-021
02680 235.0 009.5 -000.1 100 100 7.8e-021
02740 230.0 008.3 -000.2 100 100 1.6e-020
02800 228.0 008.6 -000.1 100 100 1.7e-020
02860 227.0 008.6 -000.1 100 100 1.4e-020
02920 231.0 008.8 0000.1 100 100 6.2e-021
02980 237.0 008.6 0000.0 100 100 1.4e-020
03040 237.0 009.1 0000.1 100 100 3.0e-020
03100 240.0 009.2 0000.1 100 100 2.1e-020
03160 245.0 009.6 0000.1 100 100 3.9e-020
03220 242.0 009.5 0000.1 100 100 3.1e-020
03280 241.0 009.3 0000.3 100 100 3.6e-020
03340 242.0 009.5 0000.3 100 100 5.0e-020
03400 243.0 009.2 0000.3 100 100 3.6e-020
03460 241.0 009.1 0000.3 100 100 2.7e-020
03520 242.0 009.1 0000.0 100 100 7.6e-021
03580 242.0 009.0 0000.0 100 100 1.3e-020
03640 235.0 007.8 0000.0 100 100 9.7e-021
03700 232.0 008.0 0000.3 100 100 1.0e-020
03760 227.0 008.7 0000.1 100 100 1.1e-020
03820 223.0 009.2 -000.8 100 100 1.2e-020
03880 221.0 009.8 0001.2 100 100 1.2e-020
03940 221.0 010.4 0000.0 100 100 8.1e-021
04000 209.0 008.1 -000.3 100 100 1.1e-020
04060 208.0 008.1 -000.2 100 100 8.0e-021
04120 209.0 008.2 -000.0 100 100 7.1e-021
04180 207.0 008.6 0000.0 100 100 1.0e-020
04240 205.0 009.6 0000.0 100 100 9.6e-021
04300 195.0 010.9 0000.0 100 100 1.7e-021
04360 ///// ///// 0000.0 000 000 1.4e-021
04420 ///// ///// 0000.0 000 000 1.1e-021
04480 ///// ///// 0000.0 000 000 1.3e-021
04540 ///// ///// 0000.0 000 000 1.0e-021
04600 ///// ///// -000.8 000 000 2.7e-021
04660 ///// ///// 0000.0 000 000 1.7e-021
04720 ///// ///// -000.6 000 000 2.7e-021
04780 ///// ///// 0000.0 000 000 2.9e-021
04840 ///// ///// -000.2 000 000 5.7e-021
04900 ///// ///// -000.2 000 000 4.9e-021
04960 ///// ///// -000.4 000 000 5.2e-021
05020 ///// ///// -000.1 000 000 5.5e-021
05080 ///// ///// 0001.9 000 000 5.1e-021
05140 ///// ///// 0000.0 000 000 6.3e-021
05200 ///// ///// 0000.0 000 000 2.2e-021
05260 ///// ///// 0000.0 000 000 2.9e-021
05320 ///// ///// 0000.0 000 000 2.9e-021
05380 ///// ///// 0000.0 000 000 2.5e-021
05440 ///// ///// 0000.2 000 000 5.3e-021
05500 ///// ///// 0000.0 000 000 4.4e-021
05560 ///// ///// 0000.0 000 000 1.7e-021
05620 ///// ///// 0000.0 000 000 2.0e-021
05680 ///// ///// 0000.0 000 000 1.8e-021
05740 ///// ///// 0000.0 000 000 1.9e-021
05800 ///// ///// 0000.0 000 000 5.3e-021
05860 ///// ///// 0001.0 000 000 4.8e-021
05920 ///// ///// -001.4 000 000 2.2e-021
05980 ///// ///// 0000.0 000 000 5.2e-021
NNNN
