WNDROBS 01.20
57793 0114.3600 027.7900 00130.0 LC 20130629211000
ROBS
00100 124.0 004.4 0001.9 100 100 3.3e-021
00160 123.0 004.9 0002.1 100 100 7.1e-021
00220 105.0 003.5 0002.1 100 100 4.0e-021
00280 120.0 003.3 0000.7 100 100 9.9e-021
00340 128.0 003.0 0000.8 100 100 1.1e-020
00400 143.0 004.1 0000.9 100 100 2.1e-020
00460 161.0 005.2 0001.0 100 100 7.8e-020
00520 162.0 006.8 0001.0 100 100 1.0e-019
00580 170.0 007.6 0001.0 100 100 9.4e-020
00640 177.0 006.3 0000.4 100 100 1.0e-019
00700 178.0 004.6 0000.5 100 100 6.3e-020
00760 179.0 003.1 0000.2 100 100 1.7e-020
00820 175.0 001.5 0000.3 100 100 9.8e-021
00880 183.0 001.4 -002.0 100 100 6.7e-021
00940 206.0 002.3 0000.4 100 100 6.5e-021
01000 254.0 008.8 0001.0 100 100 7.7e-021
01060 228.0 001.2 0000.1 100 100 2.7e-021
01120 266.0 002.3 -000.2 100 100 3.3e-021
01180 271.0 003.6 0000.2 100 100 1.5e-021
01240 281.0 002.3 -000.0 100 100 1.5e-021
01300 219.0 005.2 0000.0 100 100 2.1e-021
01360 217.0 006.4 -000.3 100 100 3.3e-021
01420 217.0 007.4 -000.2 100 100 3.0e-021
01480 221.0 008.6 -000.5 100 100 2.3e-021
01540 221.0 009.6 -000.5 100 100 2.1e-021
01600 223.0 010.1 -000.2 100 100 1.5e-021
01660 225.0 010.8 -000.7 100 100 1.7e-021
01720 224.0 012.0 -000.5 100 100 2.3e-021
01780 222.0 012.5 -000.5 100 100 1.8e-021
01840 226.0 012.6 -000.5 100 100 1.8e-021
01900 231.0 011.8 0000.0 100 100 1.7e-021
01960 233.0 010.6 -000.3 100 100 1.2e-021
02020 230.0 011.2 0000.0 100 100 1.9e-021
02080 237.0 010.4 -000.7 100 100 1.7e-021
02140 237.0 010.4 0000.0 100 100 1.1e-021
02200 230.0 008.6 -000.8 100 100 5.6e-022
02260 220.0 007.1 -000.1 100 100 1.5e-021
02320 196.0 006.1 -000.1 100 100 1.7e-021
02380 206.0 008.1 -000.4 100 100 2.7e-021
02440 202.0 009.4 -000.2 100 100 2.2e-021
02500 208.0 008.2 -000.2 100 100 3.1e-021
02560 205.0 009.0 -000.1 100 100 4.3e-021
02620 207.0 008.6 -000.2 100 100 3.4e-021
02680 201.0 008.0 -000.2 100 100 6.5e-021
02740 201.0 008.1 0000.0 100 100 3.4e-021
02800 199.0 008.9 0000.0 100 100 2.8e-021
02860 206.0 009.1 0000.0 100 100 2.3e-021
02920 200.0 008.8 0000.1 100 100 3.8e-021
02980 201.0 008.8 0000.1 100 100 4.3e-021
03040 199.0 008.3 0000.3 100 100 4.7e-021
03100 198.0 008.4 0000.3 100 100 6.9e-021
03160 199.0 009.0 0000.2 100 100 5.7e-021
03220 201.0 008.8 0000.3 100 100 2.3e-021
03280 201.0 008.4 0000.0 100 100 5.7e-022
03340 208.0 009.2 0000.0 100 100 7.7e-021
03400 201.0 009.2 0000.0 100 100 4.3e-022
03460 204.0 008.4 0000.0 100 100 1.5e-021
03520 204.0 008.5 0000.8 100 100 1.8e-021
03580 199.0 008.2 0000.0 100 100 1.0e-021
03640 204.0 008.7 0000.0 100 100 7.0e-022
03700 185.0 007.8 0000.3 100 100 6.3e-021
03760 165.0 004.4 0000.3 100 100 3.8e-021
03820 226.0 007.7 0000.9 100 100 1.2e-021
03880 243.0 006.5 0000.0 100 100 3.1e-021
03940 227.0 008.3 -000.0 100 100 4.8e-021
04000 ///// ///// 0000.4 000 000 6.5e-021
04060 229.0 010.0 0000.4 100 100 9.5e-021
04120 233.0 011.0 0000.5 100 100 1.0e-020
04180 232.0 010.9 0000.5 100 100 1.1e-020
04240 230.0 010.9 0000.5 100 100 1.4e-020
04300 231.0 012.1 0000.6 100 100 1.3e-020
04360 230.0 012.6 0000.5 100 100 1.8e-020
04420 228.0 011.8 0001.7 100 100 1.4e-020
04480 229.0 012.9 0000.7 100 100 1.3e-020
04540 228.0 012.0 0000.4 100 100 1.3e-020
04600 230.0 010.7 0000.2 100 100 2.0e-020
04660 234.0 010.7 0000.0 100 100 1.3e-020
04720 237.0 010.8 0000.0 100 100 1.2e-020
04780 225.0 009.4 0000.3 100 100 5.0e-021
04840 ///// ///// 0000.0 000 000 1.8e-021
04900 ///// ///// 0000.3 000 000 3.9e-021
04960 ///// ///// 0000.0 000 000 4.0e-021
05020 ///// ///// -000.1 000 000 3.8e-021
05080 ///// ///// 0000.0 000 000 3.6e-021
05140 ///// ///// 0000.0 000 000 1.5e-021
05200 ///// ///// 0000.0 000 000 3.7e-021
05260 ///// ///// 0000.0 000 000 1.9e-021
05320 ///// ///// 0000.0 000 000 1.6e-021
05380 ///// ///// -000.0 000 000 5.3e-021
05440 ///// ///// 0000.0 000 000 2.3e-021
05500 ///// ///// 0000.0 000 000 4.1e-021
05560 ///// ///// 0000.0 000 000 2.3e-021
05620 ///// ///// 0000.0 000 000 4.4e-021
05680 ///// ///// 0000.0 000 000 1.5e-021
05740 ///// ///// -000.8 000 000 4.6e-021
05800 ///// ///// 0000.0 000 000 4.1e-021
05860 ///// ///// 0000.0 000 000 4.2e-021
05920 ///// ///// 0000.0 000 000 1.9e-021
05980 ///// ///// 0000.0 000 000 6.0e-021
NNNN
