WNDROBS 01.20
57793 0114.3600 027.7900 00130.0 LC 20130629165000
ROBS
00100 111.0 005.2 0001.8 100 100 4.1e-021
00160 111.0 005.8 0000.9 100 100 1.0e-020
00220 101.0 005.1 -000.0 100 100 2.0e-020
00280 125.0 006.5 0000.0 100 100 1.5e-020
00340 113.0 006.7 0000.1 100 100 9.3e-021
00400 118.0 006.1 0000.1 100 100 1.5e-020
00460 135.0 006.2 0000.2 100 100 2.1e-020
00520 155.0 008.3 0000.2 100 100 2.6e-020
00580 164.0 008.9 0000.2 100 100 1.0e-019
00640 171.0 009.3 -000.0 100 100 1.0e-019
00700 172.0 009.9 0000.0 100 100 7.2e-020
00760 178.0 010.7 -000.2 100 100 8.7e-020
00820 185.0 011.0 -000.2 100 100 1.2e-019
00880 188.0 010.4 -000.2 100 100 2.5e-019
00940 189.0 008.7 -000.2 100 100 1.7e-019
01000 193.0 007.0 -000.1 100 100 1.2e-019
01060 193.0 007.8 0000.5 100 100 5.9e-020
01120 195.0 007.2 0000.4 100 100 5.1e-020
01180 192.0 006.4 0000.3 100 100 4.0e-020
01240 193.0 005.5 0000.3 100 100 1.6e-020
01300 191.0 005.0 0000.2 100 100 7.5e-021
01360 200.0 005.3 0000.1 100 100 7.1e-021
01420 211.0 006.0 -000.1 100 100 6.5e-021
01480 212.0 006.4 0000.1 100 100 1.2e-020
01540 214.0 007.7 0000.1 100 100 9.4e-021
01600 217.0 007.5 0000.1 100 100 1.2e-020
01660 219.0 008.6 0000.2 100 100 1.5e-020
01720 222.0 009.7 -000.2 100 100 1.8e-020
01780 223.0 010.5 -000.2 100 100 1.1e-020
01840 228.0 010.9 -000.2 100 100 6.4e-021
01900 229.0 010.8 -000.2 100 100 4.9e-021
01960 231.0 011.1 -000.4 100 100 5.4e-021
02020 233.0 011.4 -000.4 100 100 4.8e-021
02080 230.0 011.5 -000.5 100 100 5.8e-021
02140 228.0 011.5 -000.5 100 100 6.8e-021
02200 229.0 011.5 -000.6 100 100 9.3e-021
02260 227.0 011.3 -000.3 100 100 6.5e-021
02320 228.0 010.5 -000.4 100 100 4.4e-021
02380 223.0 010.0 0000.0 100 100 2.1e-021
02440 226.0 010.1 0000.0 100 100 2.0e-021
02500 220.0 011.4 -000.1 100 100 3.1e-021
02560 217.0 011.4 0000.2 100 100 3.4e-021
02620 226.0 009.2 0000.2 100 100 3.2e-021
02680 219.0 008.2 0000.0 100 100 1.7e-021
02740 222.0 008.3 0000.0 100 100 2.7e-021
02800 222.0 008.4 0000.0 100 100 2.4e-021
02860 222.0 008.5 0000.0 100 100 2.6e-021
02920 222.0 008.6 -000.1 100 100 3.2e-021
02980 227.0 008.7 0000.0 100 100 5.4e-021
03040 228.0 007.6 -000.1 100 100 3.5e-021
03100 236.0 008.8 -000.3 100 100 3.9e-021
03160 233.0 009.3 0000.0 100 100 3.7e-021
03220 236.0 009.5 0000.0 100 100 5.2e-021
03280 242.0 009.4 0000.2 100 100 4.5e-021
03340 245.0 009.1 0000.1 100 100 3.9e-021
03400 247.0 009.1 0000.2 100 100 3.3e-021
03460 246.0 009.0 -000.0 100 100 3.2e-021
03520 246.0 009.6 0000.1 100 100 4.5e-021
03580 237.0 008.1 0000.2 100 100 3.3e-021
03640 238.0 008.6 0000.0 100 100 2.9e-021
03700 238.0 008.7 0001.1 100 100 4.6e-021
03760 235.0 008.3 -000.0 100 100 3.5e-021
03820 228.0 008.4 0000.0 100 100 3.0e-021
03880 228.0 008.5 0000.0 100 100 3.8e-021
03940 228.0 008.6 0000.0 100 100 4.2e-021
04000 220.0 010.1 0000.2 100 100 6.2e-021
04060 219.0 009.7 0000.2 100 100 3.0e-021
04120 210.0 009.1 0000.0 100 100 2.5e-021
04180 204.0 010.0 0000.0 100 100 1.3e-020
04240 203.0 010.8 0000.0 100 100 1.1e-020
04300 241.0 005.4 0000.0 100 100 1.6e-021
04360 ///// ///// 0001.0 000 000 3.4e-021
04420 ///// ///// 0000.1 000 000 2.6e-021
04480 ///// ///// 0000.0 000 000 2.1e-021
04540 ///// ///// 0001.2 000 000 2.2e-021
04600 ///// ///// 0000.0 000 000 7.9e-022
04660 ///// ///// 0000.0 000 000 2.4e-021
04720 ///// ///// 0000.0 000 000 1.4e-021
04780 ///// ///// 0000.9 000 000 5.1e-021
04840 ///// ///// 0000.2 000 000 5.1e-021
04900 216.0 007.1 0000.0 100 100 3.1e-021
04960 216.0 006.8 0000.2 100 100 5.5e-021
05020 219.0 007.5 0000.2 100 100 6.9e-021
05080 219.0 007.7 0000.0 100 100 4.5e-021
05140 224.0 007.8 0000.0 100 100 2.4e-021
05200 ///// ///// -000.7 000 000 3.5e-021
05260 ///// ///// 0000.0 000 000 1.3e-021
05320 ///// ///// 0000.0 000 000 3.4e-021
05380 ///// ///// -000.1 000 000 3.3e-021
05440 ///// ///// 0001.2 000 000 3.1e-021
05500 ///// ///// 0000.0 000 000 3.9e-021
05560 ///// ///// 0000.0 000 000 2.8e-021
05620 ///// ///// 0000.0 000 000 1.2e-021
05680 ///// ///// 0000.0 000 000 3.1e-022
05740 ///// ///// 0000.0 000 000 3.3e-021
05800 ///// ///// 0000.9 000 000 1.8e-021
05860 ///// ///// 0000.0 000 000 1.9e-021
05920 ///// ///// 0000.0 000 000 4.5e-021
05980 ///// ///// 0000.0 000 000 6.0e-021
NNNN
