WNDROBS 01.20
57793 0114.3600 027.7900 00130.0 LC 20130629214500
ROBS
00100 139.0 005.7 0002.2 100 100 2.8e-021
00160 139.0 006.3 0002.2 100 100 6.4e-021
00220 144.0 006.2 0002.2 100 100 3.3e-021
00280 123.0 005.5 -000.1 100 100 8.9e-021
00340 151.0 004.1 -000.1 100 100 1.4e-020
00400 153.0 004.4 -000.1 100 100 2.1e-020
00460 156.0 004.8 -000.0 100 100 3.5e-020
00520 159.0 006.3 -000.0 100 100 8.6e-020
00580 162.0 007.1 -000.2 100 100 6.4e-020
00640 169.0 007.2 -000.2 100 100 1.5e-019
00700 166.0 006.0 -000.1 100 100 9.2e-020
00760 186.0 004.8 0000.0 100 100 2.6e-020
00820 234.0 005.8 0000.2 100 100 1.9e-020
00880 240.0 004.7 0000.4 100 100 1.2e-020
00940 243.0 006.0 0000.1 100 100 4.5e-021
01000 196.0 003.7 0000.5 100 100 1.0e-020
01060 236.0 001.7 0000.2 100 100 2.0e-021
01120 231.0 002.0 -000.0 100 100 1.5e-021
01180 228.0 002.3 -000.2 100 100 1.2e-021
01240 206.0 003.4 0000.0 100 100 1.6e-021
01300 212.0 004.6 -000.0 100 100 2.6e-021
01360 210.0 005.2 -000.2 100 100 3.0e-021
01420 217.0 006.4 -000.2 100 100 4.3e-021
01480 217.0 007.5 -000.3 100 100 2.8e-021
01540 220.0 008.3 -000.3 100 100 3.0e-021
01600 219.0 009.3 -000.2 100 100 6.2e-021
01660 223.0 010.3 -000.1 100 100 8.8e-021
01720 227.0 011.1 -000.3 100 100 9.9e-021
01780 229.0 011.6 -000.2 100 100 5.2e-021
01840 231.0 012.4 -000.1 100 100 3.1e-021
01900 232.0 012.4 -000.2 100 100 4.7e-021
01960 231.0 012.2 -000.1 100 100 7.9e-021
02020 230.0 011.6 -000.0 100 100 7.2e-021
02080 227.0 011.3 0000.1 100 100 5.6e-021
02140 226.0 010.9 0000.0 100 100 2.8e-021
02200 219.0 010.7 0000.3 100 100 4.7e-021
02260 218.0 011.0 0000.4 100 100 4.1e-021
02320 213.0 010.4 0000.4 100 100 4.7e-021
02380 209.0 009.8 0000.1 100 100 2.5e-021
02440 209.0 009.7 0000.3 100 100 3.1e-021
02500 204.0 008.9 0000.2 100 100 2.8e-021
02560 212.0 008.8 0000.3 100 100 2.8e-021
02620 210.0 008.6 0000.3 100 100 3.6e-021
02680 212.0 008.2 0000.3 100 100 3.5e-021
02740 216.0 007.9 0000.3 100 100 5.3e-021
02800 215.0 008.0 0000.2 100 100 6.4e-021
02860 211.0 007.5 0000.4 100 100 7.9e-021
02920 212.0 007.7 0000.4 100 100 1.0e-020
02980 212.0 007.8 0000.2 100 100 1.1e-020
03040 214.0 007.7 0000.1 100 100 1.2e-020
03100 215.0 008.4 0000.1 100 100 1.2e-020
03160 212.0 008.1 0000.2 100 100 1.7e-020
03220 210.0 008.0 0000.6 100 100 1.8e-020
03280 215.0 008.4 -000.9 100 100 1.1e-020
03340 221.0 009.5 0000.0 100 100 3.5e-021
03400 224.0 010.3 0000.2 100 100 4.9e-021
03460 227.0 010.5 0000.6 100 100 1.3e-021
03520 232.0 010.2 0000.0 100 100 1.9e-021
03580 238.0 010.9 0000.0 100 100 3.2e-021
03640 225.0 008.3 -000.6 100 100 3.6e-021
03700 215.0 007.1 0000.3 100 100 3.1e-021
03760 219.0 007.6 0000.0 100 100 3.4e-021
03820 223.0 008.3 0000.0 100 100 3.7e-021
03880 225.0 008.7 0000.3 100 100 1.4e-021
03940 232.0 009.0 0000.1 100 100 9.1e-021
04000 233.0 009.3 0000.3 100 100 1.2e-020
04060 234.0 009.4 0000.1 100 100 2.1e-020
04120 234.0 009.5 0000.9 100 100 1.7e-020
04180 233.0 009.4 -000.1 100 100 2.5e-020
04240 233.0 009.9 0000.5 100 100 2.7e-020
04300 236.0 010.2 0000.5 100 100 2.2e-020
04360 237.0 010.9 0000.4 100 100 2.9e-020
04420 236.0 010.4 0000.1 100 100 3.3e-020
04480 234.0 011.0 -000.2 100 100 4.0e-020
04540 232.0 011.1 -000.1 100 100 3.9e-020
04600 231.0 011.5 -000.1 100 100 6.6e-020
04660 233.0 012.1 0000.1 100 100 6.3e-020
04720 236.0 012.4 -000.0 100 100 8.7e-020
04780 235.0 011.2 0000.2 100 100 2.3e-020
04840 237.0 011.3 0000.0 100 100 6.1e-021
04900 235.0 010.8 0000.3 100 100 4.5e-021
04960 237.0 012.0 -000.2 100 100 1.1e-020
05020 230.0 011.4 0000.0 100 100 6.4e-021
05080 237.0 011.6 0000.2 100 100 1.1e-020
05140 ///// ///// 0000.0 000 000 3.8e-021
05200 ///// ///// -000.7 000 000 4.1e-021
05260 ///// ///// -000.1 000 000 2.4e-021
05320 ///// ///// 0000.0 000 000 3.8e-021
05380 ///// ///// 0000.0 000 000 1.3e-021
05440 ///// ///// 0000.0 000 000 4.1e-021
05500 ///// ///// 0000.0 000 000 1.5e-021
05560 ///// ///// 0000.0 000 000 4.2e-021
05620 ///// ///// 0000.0 000 000 3.8e-022
05680 ///// ///// 0000.0 000 000 2.1e-021
05740 ///// ///// 0000.0 000 000 3.5e-021
05800 ///// ///// 0000.0 000 000 3.9e-021
05860 ///// ///// 0000.0 000 000 1.9e-021
05920 ///// ///// 0000.0 000 000 2.6e-021
05980 ///// ///// 0000.0 000 000 5.9e-021
NNNN
