WNDROBS 01.20
57793 0114.3600 027.7900 00130.0 LC 20130628045000
ROBS
00100 245.0 001.1 0005.3 100 100 1.0e-017
00160 107.0 002.1 0006.0 100 100 7.6e-017
00220 221.0 001.1 0005.3 100 100 1.1e-016
00280 173.0 002.0 0005.1 100 100 1.2e-016
00340 181.0 002.1 0005.1 100 100 1.2e-016
00400 182.0 002.6 0006.4 100 100 1.4e-016
00460 184.0 002.5 0006.3 100 100 1.3e-016
00520 200.0 001.8 0006.5 100 100 1.2e-016
00580 224.0 002.0 0006.8 100 100 1.2e-016
00640 291.0 002.2 0007.1 100 100 1.1e-016
00700 245.0 003.5 0006.9 100 100 1.4e-016
00760 246.0 004.5 0006.7 100 100 1.6e-016
00820 248.0 006.0 0006.9 100 100 1.4e-016
00880 239.0 004.8 0006.8 100 100 9.0e-017
00940 247.0 008.0 0006.7 100 100 1.3e-016
01000 246.0 007.7 0006.8 100 100 1.1e-016
01060 245.0 011.4 0006.8 100 100 3.4e-017
01120 245.0 012.5 0006.8 100 100 4.0e-017
01180 244.0 013.6 0007.1 100 100 4.2e-017
01240 239.0 014.7 0007.0 100 100 4.3e-017
01300 240.0 015.5 0006.9 100 100 3.7e-017
01360 241.0 016.8 0006.9 100 100 3.5e-017
01420 236.0 016.7 0007.0 100 100 3.0e-017
01480 229.0 017.8 0005.5 100 100 2.0e-017
01540 236.0 017.6 0006.8 100 100 2.3e-017
01600 229.0 018.8 0006.5 100 100 2.6e-017
01660 236.0 016.9 0006.6 100 100 2.4e-017
01720 239.0 016.6 0006.6 100 100 2.5e-017
01780 236.0 015.4 0006.6 100 100 2.3e-017
01840 238.0 015.6 0006.7 100 100 2.5e-017
01900 241.0 015.0 0006.8 100 100 2.5e-017
01960 239.0 014.0 0006.7 100 100 2.3e-017
02020 239.0 015.1 0006.9 100 100 2.5e-017
02080 245.0 014.7 0006.8 100 100 2.0e-017
02140 246.0 014.6 0007.0 100 100 2.0e-017
02200 244.0 015.4 0007.0 100 100 2.1e-017
02260 245.0 015.1 0005.0 100 100 1.5e-017
02320 245.0 015.6 0006.6 100 100 1.8e-017
02380 248.0 016.8 0006.5 100 100 1.9e-017
02440 242.0 016.1 0006.3 100 100 1.5e-017
02500 245.0 017.6 0006.1 100 100 1.7e-017
02560 245.0 015.3 0006.1 100 100 1.3e-017
02620 245.0 017.0 0006.0 100 100 1.5e-017
02680 239.0 017.9 0005.9 100 100 1.6e-017
02740 237.0 017.7 0006.1 100 100 1.6e-017
02800 237.0 018.4 0006.3 100 100 1.5e-017
02860 236.0 017.3 0006.6 100 100 1.6e-017
02920 232.0 017.1 0006.8 100 100 1.5e-017
02980 242.0 015.5 0006.8 100 100 1.2e-017
03040 237.0 016.0 0006.9 100 100 1.3e-017
03100 237.0 016.0 0006.8 100 100 1.3e-017
03160 236.0 016.1 0006.9 100 100 1.2e-017
03220 234.0 014.3 0006.8 100 100 8.6e-018
03280 236.0 016.0 0007.0 100 100 1.1e-017
03340 243.0 015.4 0006.9 100 100 9.6e-018
03400 236.0 015.1 0006.6 100 100 1.0e-017
03460 240.0 015.8 0006.5 100 100 1.1e-017
03520 239.0 015.5 0006.0 100 100 1.0e-017
03580 245.0 015.8 0006.0 100 100 1.0e-017
03640 248.0 015.7 0006.2 100 100 9.9e-018
03700 251.0 016.1 0005.9 100 100 1.0e-017
03760 252.0 017.0 0006.2 100 100 9.0e-018
03820 255.0 016.6 0005.9 100 100 9.0e-018
03880 255.0 016.5 0006.0 100 100 9.2e-018
03940 255.0 016.8 0006.3 100 100 8.6e-018
04000 254.0 016.1 0006.7 100 100 8.1e-018
04060 255.0 016.2 0006.6 100 100 7.7e-018
04120 254.0 015.5 0007.2 100 100 7.4e-018
04180 251.0 015.6 0007.3 100 100 7.7e-018
04240 249.0 014.5 0007.2 100 100 7.0e-018
04300 250.0 015.2 0006.8 100 100 6.6e-018
04360 248.0 015.1 0007.5 100 100 6.0e-018
04420 251.0 015.4 0007.5 100 100 5.7e-018
04480 249.0 015.9 0007.6 100 100 5.6e-018
04540 249.0 015.3 0007.4 100 100 5.4e-018
04600 257.0 014.9 0007.0 100 100 5.2e-018
04660 265.0 014.3 0007.2 100 100 4.7e-018
04720 268.0 014.6 0007.1 100 100 4.2e-018
04780 262.0 015.4 0005.9 100 100 1.4e-018
04840 258.0 015.3 0004.2 100 100 1.4e-018
04900 256.0 015.1 0003.7 100 100 1.5e-018
04960 254.0 017.2 0002.9 100 100 1.5e-018
05020 248.0 015.3 0002.6 100 100 1.5e-018
05080 246.0 013.7 0003.7 100 100 1.7e-018
05140 248.0 013.8 0003.2 100 100 1.7e-018
05200 251.0 013.3 0002.8 100 100 1.4e-018
05260 253.0 014.0 0002.3 100 100 1.2e-018
05320 252.0 014.2 0002.0 100 100 1.3e-018
05380 244.0 015.3 0001.5 100 100 1.1e-018
05440 243.0 015.5 0001.3 100 100 1.0e-018
05500 243.0 015.4 0001.4 100 100 8.1e-019
05560 241.0 015.4 0001.4 100 100 6.1e-019
05620 233.0 016.9 0001.6 100 100 6.9e-019
05680 235.0 016.8 0001.4 100 100 6.1e-019
05740 234.0 017.0 0001.5 100 100 5.9e-019
05800 229.0 018.4 0001.6 100 100 6.8e-019
05860 229.0 018.1 0001.5 100 100 7.6e-019
05920 230.0 017.9 0001.4 100 100 7.1e-019
05980 228.0 018.6 0001.4 100 100 7.3e-019
NNNN
