WNDROBS 01.20
57793 0114.3600 027.7900 00130.0 LC 20130629151000
ROBS
00100 109.0 003.9 -000.5 100 100 9.2e-021
00160 109.0 004.3 -000.6 100 100 2.0e-020
00220 109.0 004.8 -000.6 100 100 2.8e-020
00280 112.0 003.9 -000.5 100 100 1.7e-020
00340 107.0 004.9 0000.2 100 100 1.2e-020
00400 117.0 005.9 -000.1 100 100 1.9e-020
00460 136.0 006.4 -000.4 100 100 6.3e-020
00520 147.0 008.6 -000.4 100 100 3.0e-020
00580 156.0 010.3 -000.4 100 100 5.2e-021
00640 167.0 010.6 -000.2 100 100 1.5e-020
00700 168.0 011.6 -000.3 100 100 2.4e-020
00760 175.0 012.0 -000.1 100 100 3.3e-020
00820 179.0 012.8 0000.1 100 100 3.2e-020
00880 177.0 014.1 0000.0 100 100 7.8e-020
00940 179.0 014.7 -000.0 100 100 8.7e-020
01000 177.0 013.4 -000.2 100 100 8.5e-020
01060 177.0 013.5 0000.1 100 100 5.3e-020
01120 174.0 012.0 -000.1 100 100 6.0e-020
01180 185.0 011.0 -000.2 100 100 4.6e-020
01240 191.0 009.8 0000.1 100 100 4.8e-020
01300 190.0 008.3 0000.2 100 100 4.6e-020
01360 190.0 007.7 0000.2 100 100 3.5e-020
01420 192.0 007.1 0000.1 100 100 2.3e-020
01480 197.0 006.4 -000.2 100 100 2.4e-020
01540 204.0 006.9 0000.0 100 100 2.4e-020
01600 206.0 007.1 -000.1 100 100 1.7e-020
01660 210.0 007.3 -000.2 100 100 9.2e-021
01720 213.0 007.6 0000.1 100 100 9.1e-021
01780 216.0 008.8 -000.2 100 100 1.0e-020
01840 222.0 009.5 -000.2 100 100 8.4e-021
01900 223.0 010.2 -000.2 100 100 6.9e-021
01960 224.0 010.6 -000.4 100 100 6.8e-021
02020 223.0 011.2 -000.3 100 100 8.6e-021
02080 227.0 011.5 -000.2 100 100 9.3e-021
02140 231.0 011.4 -000.4 100 100 7.2e-021
02200 228.0 009.7 -000.3 100 100 6.9e-021
02260 224.0 010.8 -000.2 100 100 6.0e-021
02320 228.0 010.3 -000.1 100 100 7.3e-021
02380 225.0 011.4 -000.3 100 100 4.4e-021
02440 210.0 011.7 0000.0 100 100 2.8e-021
02500 219.0 010.7 0000.0 100 100 1.0e-021
02560 219.0 010.2 0000.0 100 100 4.3e-021
02620 217.0 010.7 -000.4 100 100 5.0e-021
02680 216.0 009.4 -000.2 100 100 6.3e-021
02740 219.0 009.5 -000.1 100 100 7.0e-021
02800 219.0 009.4 -000.1 100 100 7.1e-021
02860 235.0 009.0 0000.0 100 100 4.9e-021
02920 235.0 009.0 0000.0 100 100 3.4e-021
02980 236.0 009.1 -000.1 100 100 6.4e-021
03040 240.0 009.0 -000.1 100 100 5.2e-021
03100 234.0 009.9 -000.1 100 100 8.8e-021
03160 234.0 009.9 0000.0 100 100 8.9e-021
03220 219.0 007.2 -000.2 100 100 1.1e-020
03280 234.0 009.9 0000.5 100 100 9.5e-021
03340 236.0 009.6 0000.0 100 100 8.0e-021
03400 235.0 009.6 0000.0 100 100 7.8e-021
03460 236.0 009.6 0000.0 100 100 1.1e-020
03520 241.0 009.3 0000.0 100 100 8.0e-021
03580 221.0 006.6 0000.0 100 100 5.1e-021
03640 243.0 009.0 0000.0 100 100 4.7e-021
03700 234.0 008.6 0000.0 100 100 5.5e-021
03760 233.0 007.3 0000.0 100 100 1.2e-021
03820 235.0 006.4 0000.0 100 100 3.1e-021
03880 246.0 008.0 0000.0 100 100 3.2e-021
03940 256.0 009.6 0000.0 100 100 9.2e-022
04000 ///// ///// -000.2 000 000 2.7e-021
04060 188.0 005.0 -000.7 100 100 1.9e-021
04120 197.0 006.1 -000.3 100 100 2.9e-021
04180 208.0 009.3 0000.0 100 100 1.4e-021
04240 187.0 007.5 0000.0 100 100 4.0e-021
04300 ///// ///// 0000.0 000 000 2.8e-021
04360 ///// ///// -000.1 000 000 5.2e-021
04420 ///// ///// -000.3 000 000 3.7e-021
04480 ///// ///// -000.1 000 000 3.4e-021
04540 ///// ///// 0000.0 000 000 5.2e-021
04600 ///// ///// -001.2 000 000 3.7e-021
04660 ///// ///// 0000.0 000 000 9.1e-021
04720 ///// ///// 0000.0 000 000 3.9e-021
04780 ///// ///// 0000.0 000 000 3.0e-021
04840 ///// ///// 0000.0 000 000 5.1e-021
04900 ///// ///// 0000.0 000 000 1.2e-021
04960 ///// ///// 0000.0 000 000 1.8e-021
05020 ///// ///// 0000.0 000 000 2.0e-021
05080 ///// ///// 0000.0 000 000 3.0e-021
05140 ///// ///// 0000.0 000 000 4.1e-021
05200 ///// ///// 0000.0 000 000 2.9e-021
05260 ///// ///// 0000.0 000 000 3.7e-021
05320 ///// ///// 0000.0 000 000 1.2e-021
05380 ///// ///// 0000.0 000 000 3.6e-021
05440 ///// ///// 0000.0 000 000 3.3e-021
05500 ///// ///// 0000.0 000 000 8.9e-022
05560 ///// ///// 0000.6 000 000 4.7e-021
05620 ///// ///// 0000.0 000 000 2.5e-021
05680 ///// ///// 0000.0 000 000 4.5e-021
05740 ///// ///// 0000.0 000 000 5.5e-021
05800 ///// ///// 0000.0 000 000 4.7e-021
05860 ///// ///// 0000.0 000 000 4.4e-021
05920 ///// ///// 0000.0 000 000 5.4e-021
05980 ///// ///// 0000.0 000 000 3.6e-021
NNNN
