WNDROBS 01.20
57793 0114.3600 027.7900 00130.0 LC 20130629132000
ROBS
00100 097.0 005.7 -000.4 100 100 4.5e-021
00160 098.0 005.8 -000.5 100 100 1.5e-020
00220 097.0 006.7 -000.5 100 100 1.4e-020
00280 102.0 005.3 -000.1 100 100 1.2e-020
00340 110.0 005.2 -000.1 100 100 2.7e-020
00400 120.0 005.4 -000.1 100 100 2.6e-020
00460 140.0 007.2 -000.1 100 100 1.0e-019
00520 149.0 008.2 -000.2 100 100 4.1e-020
00580 153.0 009.1 0000.1 100 100 5.2e-021
00640 170.0 011.4 -000.1 100 100 2.7e-021
00700 173.0 015.3 0000.1 100 100 3.1e-021
00760 169.0 011.3 -001.5 100 100 3.4e-021
00820 183.0 016.9 -000.5 100 100 4.9e-021
00880 182.0 013.3 -000.4 100 100 2.3e-020
00940 182.0 012.9 -000.4 100 100 4.5e-020
01000 184.0 012.3 -000.3 100 100 1.0e-019
01060 178.0 012.1 -000.6 100 100 1.9e-020
01120 182.0 011.0 -000.5 100 100 3.4e-020
01180 188.0 010.2 -000.1 100 100 4.4e-020
01240 189.0 009.5 0000.1 100 100 3.9e-020
01300 194.0 008.9 0000.1 100 100 2.4e-020
01360 196.0 008.4 -000.0 100 100 2.5e-020
01420 196.0 008.1 -000.1 100 100 2.0e-020
01480 207.0 005.7 -000.0 100 100 2.0e-020
01540 213.0 005.2 0000.0 100 100 2.2e-020
01600 224.0 005.3 -000.1 100 100 1.4e-020
01660 216.0 005.9 -000.3 100 100 8.0e-021
01720 218.0 007.4 -000.3 100 100 9.9e-021
01780 221.0 007.8 -000.2 100 100 9.7e-021
01840 222.0 008.6 -000.1 100 100 1.0e-020
01900 221.0 009.3 -000.2 100 100 8.3e-021
01960 225.0 009.2 -000.2 100 100 6.3e-021
02020 234.0 010.3 -000.3 100 100 5.5e-021
02080 228.0 009.5 -000.3 100 100 3.8e-021
02140 231.0 010.3 0000.0 100 100 3.4e-021
02200 229.0 010.1 -000.2 100 100 5.6e-021
02260 230.0 009.9 -000.1 100 100 5.3e-021
02320 230.0 009.5 0000.0 100 100 4.1e-021
02380 226.0 011.1 -000.1 100 100 4.3e-021
02440 205.0 011.8 0000.0 100 100 2.1e-021
02500 219.0 011.3 0000.0 100 100 2.9e-021
02560 220.0 010.1 0000.0 100 100 4.5e-021
02620 220.0 011.3 0000.4 100 100 3.8e-021
02680 221.0 011.6 0000.2 100 100 3.0e-021
02740 219.0 011.4 0000.0 100 100 1.4e-021
02800 222.0 011.0 0000.0 100 100 1.8e-021
02860 222.0 011.1 0000.0 100 100 1.2e-021
02920 233.0 009.2 -000.0 100 100 3.2e-021
02980 234.0 009.4 0000.1 100 100 3.4e-021
03040 236.0 008.9 0000.0 100 100 1.1e-021
03100 236.0 009.2 0000.5 100 100 2.4e-021
03160 237.0 009.5 0000.2 100 100 2.6e-021
03220 233.0 009.4 0000.0 100 100 1.7e-021
03280 236.0 009.1 0000.0 100 100 2.8e-021
03340 234.0 008.7 0000.4 100 100 3.1e-021
03400 228.0 007.6 0000.0 100 100 8.7e-022
03460 231.0 007.4 0000.0 100 100 7.5e-022
03520 227.0 007.4 0000.0 100 100 2.5e-021
03580 230.0 008.6 0000.0 100 100 7.3e-022
03640 ///// ///// 0000.0 000 000 1.7e-021
03700 ///// ///// 0000.0 000 000 7.2e-022
03760 ///// ///// 0000.5 000 000 1.5e-021
03820 ///// ///// 0000.0 000 000 2.0e-021
03880 ///// ///// 0000.0 000 000 8.0e-022
03940 ///// ///// -001.1 000 000 1.7e-021
04000 ///// ///// 0000.0 000 000 2.3e-021
04060 ///// ///// 0000.0 000 000 8.7e-022
04120 ///// ///// 0000.0 000 000 1.9e-021
04180 ///// ///// -000.3 000 000 3.2e-021
04240 ///// ///// 0000.0 000 000 1.4e-021
04300 ///// ///// 0000.3 000 000 3.2e-021
04360 ///// ///// 0000.3 000 000 2.5e-021
04420 ///// ///// 0000.4 000 000 3.4e-021
04480 ///// ///// 0000.4 000 000 4.2e-021
04540 ///// ///// 0000.0 000 000 1.8e-021
04600 ///// ///// 0000.0 000 000 1.8e-021
04660 ///// ///// 0000.0 000 000 2.3e-021
04720 ///// ///// -001.2 000 000 3.7e-021
04780 ///// ///// 0000.0 000 000 3.2e-021
04840 ///// ///// 0000.0 000 000 2.6e-021
04900 ///// ///// 0000.0 000 000 2.0e-021
04960 ///// ///// 0000.0 000 000 1.1e-021
05020 ///// ///// 0000.0 000 000 1.1e-021
05080 ///// ///// 0000.0 000 000 1.7e-021
05140 ///// ///// 0001.0 000 000 4.1e-021
05200 ///// ///// 0000.0 000 000 3.2e-021
05260 ///// ///// 0000.0 000 000 3.8e-021
05320 ///// ///// 0000.0 000 000 1.5e-021
05380 ///// ///// 0000.0 000 000 1.2e-021
05440 ///// ///// 0000.0 000 000 3.3e-021
05500 ///// ///// 0000.0 000 000 4.3e-021
05560 ///// ///// 0000.0 000 000 5.4e-021
05620 ///// ///// 0000.0 000 000 1.9e-021
05680 ///// ///// 0000.0 000 000 2.8e-021
05740 ///// ///// -000.5 000 000 1.5e-021
05800 ///// ///// 0000.0 000 000 4.3e-021
05860 ///// ///// 0000.1 000 000 5.3e-021
05920 ///// ///// 0000.0 000 000 4.2e-021
05980 ///// ///// 0000.0 000 000 5.1e-021
NNNN
