WNDROBS 01.20
57793 0114.3600 027.7900 00130.0 LC 20130629233000
ROBS
00100 134.0 003.6 0001.9 100 100 2.9e-021
00160 134.0 004.0 0002.1 100 100 6.3e-021
00220 143.0 004.0 0002.1 100 100 7.6e-021
00280 164.0 003.8 0000.1 100 100 1.4e-020
00340 163.0 004.7 0000.1 100 100 4.4e-020
00400 168.0 007.1 0000.1 100 100 9.0e-020
00460 163.0 009.0 -000.1 100 100 1.1e-019
00520 168.0 008.6 0000.1 100 100 4.2e-019
00580 175.0 005.8 0000.3 100 100 3.6e-019
00640 196.0 003.1 0000.1 100 100 1.5e-019
00700 238.0 002.0 0000.0 100 100 4.3e-020
00760 258.0 004.8 0000.0 100 100 7.7e-021
00820 251.0 002.7 0000.0 100 100 6.1e-021
00880 299.0 002.9 -000.2 100 100 3.5e-021
00940 253.0 002.2 -000.0 100 100 9.9e-021
01000 213.0 003.2 -000.1 100 100 1.6e-020
01060 242.0 002.3 -000.0 100 100 3.2e-021
01120 241.0 003.0 0000.1 100 100 2.7e-021
01180 228.0 004.0 0000.2 100 100 4.3e-021
01240 221.0 005.2 0000.2 100 100 3.6e-021
01300 220.0 006.3 0000.1 100 100 3.8e-021
01360 222.0 007.2 0000.2 100 100 5.2e-021
01420 217.0 007.7 -000.1 100 100 7.3e-021
01480 218.0 009.2 0000.0 100 100 8.2e-021
01540 229.0 010.3 -000.1 100 100 5.1e-021
01600 225.0 012.3 0000.2 100 100 9.3e-021
01660 228.0 012.1 -000.1 100 100 1.0e-020
01720 233.0 013.9 -000.2 100 100 1.4e-020
01780 231.0 012.7 -000.0 100 100 6.6e-021
01840 228.0 012.4 -000.1 100 100 3.5e-021
01900 228.0 012.3 0000.0 100 100 3.5e-021
01960 227.0 010.6 0000.3 100 100 1.9e-021
02020 231.0 011.3 0000.2 100 100 2.4e-021
02080 238.0 010.0 -000.5 100 100 2.1e-021
02140 243.0 011.0 0000.2 100 100 3.0e-021
02200 235.0 008.6 0000.6 100 100 2.0e-021
02260 235.0 008.7 -000.6 100 100 2.4e-021
02320 251.0 007.8 0000.4 100 100 1.5e-021
02380 233.0 009.0 -000.1 100 100 2.4e-021
02440 229.0 007.7 -000.1 100 100 2.2e-021
02500 222.0 008.0 0000.0 100 100 2.5e-021
02560 219.0 009.0 -000.6 100 100 4.3e-021
02620 221.0 008.5 -000.4 100 100 3.4e-021
02680 215.0 007.5 0000.0 100 100 2.2e-021
02740 216.0 007.4 -000.1 100 100 3.9e-021
02800 216.0 007.4 -000.4 100 100 5.1e-021
02860 216.0 007.5 -000.2 100 100 5.6e-021
02920 204.0 008.2 0000.0 100 100 1.2e-021
02980 209.0 008.4 0000.4 100 100 3.9e-021
03040 208.0 008.6 0000.0 100 100 4.7e-021
03100 213.0 008.8 0000.0 100 100 5.2e-021
03160 207.0 008.5 -000.2 100 100 5.3e-021
03220 207.0 008.4 0000.0 100 100 2.7e-021
03280 209.0 009.2 0000.0 100 100 4.5e-021
03340 210.0 009.7 0000.0 100 100 5.9e-021
03400 206.0 008.7 -000.4 100 100 3.9e-021
03460 210.0 009.2 -000.0 100 100 3.9e-021
03520 207.0 008.7 0001.2 100 100 3.9e-021
03580 208.0 008.8 0001.2 100 100 3.7e-021
03640 211.0 009.2 -000.1 100 100 3.4e-021
03700 205.0 008.4 -000.1 100 100 2.3e-021
03760 211.0 007.1 -000.9 100 100 2.3e-021
03820 232.0 003.9 0000.0 100 100 1.3e-021
03880 182.0 005.0 -000.0 100 100 9.0e-022
03940 289.0 004.3 -001.3 100 100 3.3e-022
04000 310.0 001.6 0000.0 100 100 1.1e-021
04060 ///// ///// 0000.2 000 000 2.6e-021
04120 ///// ///// 0000.4 000 000 2.6e-021
04180 238.0 005.2 0000.0 100 100 2.9e-021
04240 292.0 005.1 0000.2 100 100 4.9e-021
04300 266.0 005.4 0000.3 100 100 1.4e-021
04360 250.0 007.4 0000.4 100 100 5.2e-021
04420 246.0 008.8 0000.6 100 100 7.9e-021
04480 241.0 009.6 0000.6 100 100 1.0e-020
04540 245.0 010.0 0000.3 100 100 8.7e-021
04600 247.0 010.2 0000.8 100 100 9.8e-021
04660 249.0 010.3 0000.0 100 100 9.7e-021
04720 244.0 010.3 0000.4 100 100 1.4e-020
04780 242.0 008.8 0000.5 100 100 6.7e-021
04840 240.0 008.7 0000.9 100 100 3.7e-021
04900 240.0 008.8 0000.4 100 100 6.3e-021
04960 241.0 008.2 0000.4 100 100 1.3e-020
05020 239.0 008.9 0000.3 100 100 1.4e-020
05080 233.0 009.0 0000.3 100 100 1.6e-020
05140 236.0 009.5 0000.4 100 100 1.5e-020
05200 235.0 008.5 0000.0 100 100 1.2e-020
05260 238.0 009.2 0000.0 100 100 1.4e-020
05320 235.0 008.5 0000.0 100 100 1.2e-020
05380 243.0 007.1 0000.0 100 100 7.2e-021
05440 ///// ///// 0000.6 000 000 6.7e-021
05500 ///// ///// 0000.0 000 000 2.5e-021
05560 ///// ///// -000.4 000 000 5.4e-021
05620 ///// ///// 0000.0 000 000 4.5e-021
05680 ///// ///// 0000.0 000 000 4.0e-021
05740 ///// ///// 0000.0 000 000 1.4e-021
05800 ///// ///// 0000.0 000 000 4.1e-021
05860 ///// ///// 0000.0 000 000 2.4e-021
05920 ///// ///// 0000.0 000 000 5.1e-021
05980 ///// ///// 0000.0 000 000 5.0e-021
NNNN
