WNDROBS 01.20
57793 0114.3600 027.7900 00130.0 LC 20130628030000
ROBS
00100 287.0 003.7 0005.7 100 100 2.1e-017
00160 269.0 003.1 0006.3 100 100 4.2e-016
00220 272.0 003.4 0006.3 100 100 5.3e-016
00280 271.0 002.8 0005.9 100 100 5.7e-016
00340 284.0 003.7 0006.2 100 100 6.5e-016
00400 287.0 004.6 0006.6 100 100 7.4e-016
00460 283.0 005.0 0007.1 100 100 9.1e-016
00520 267.0 004.7 0007.1 100 100 1.0e-015
00580 250.0 004.2 0006.9 100 100 1.2e-015
00640 321.0 003.0 0006.7 100 100 1.3e-015
00700 300.0 002.2 0006.4 100 100 1.2e-015
00760 234.0 001.5 0005.8 100 100 8.8e-016
00820 234.0 001.3 0005.5 100 100 8.1e-016
00880 172.0 000.4 0005.2 100 100 8.5e-016
00940 174.0 002.1 0005.8 100 100 9.1e-016
01000 205.0 003.4 0006.1 100 100 9.3e-016
01060 203.0 002.9 0005.5 100 100 1.1e-016
01120 221.0 004.0 0005.7 100 100 1.2e-016
01180 223.0 005.4 0005.7 100 100 1.5e-016
01240 221.0 006.3 0005.7 100 100 1.6e-016
01300 212.0 006.5 0005.1 100 100 1.2e-016
01360 223.0 008.6 0005.5 100 100 1.8e-016
01420 226.0 009.4 0005.5 100 100 1.7e-016
01480 225.0 010.0 0005.3 100 100 1.5e-016
01540 227.0 010.7 0005.2 100 100 1.3e-016
01600 229.0 011.4 0005.1 100 100 1.3e-016
01660 257.0 011.3 0006.9 100 100 6.2e-017
01720 253.0 012.3 0004.9 100 100 1.0e-016
01780 257.0 011.0 0005.2 100 100 1.0e-016
01840 263.0 012.2 0007.2 100 100 1.3e-016
01900 258.0 010.9 0006.6 100 100 1.2e-016
01960 264.0 011.7 0006.0 100 100 1.4e-016
02020 265.0 010.1 0006.1 100 100 1.3e-016
02080 268.0 012.5 0005.9 100 100 1.1e-016
02140 267.0 009.9 0006.0 100 100 1.0e-016
02200 271.0 008.9 0006.1 100 100 5.8e-017
02260 265.0 012.1 0006.2 100 100 8.1e-017
02320 266.0 009.7 0006.6 100 100 6.5e-017
02380 258.0 011.4 0007.0 100 100 6.7e-017
02440 271.0 010.9 0006.9 100 100 5.9e-017
02500 265.0 011.0 0006.7 100 100 4.2e-017
02560 261.0 010.8 0006.8 100 100 6.6e-017
02620 250.0 009.7 0006.5 100 100 6.2e-017
02680 256.0 012.3 0006.7 100 100 6.8e-017
02740 260.0 008.9 0006.7 100 100 5.1e-017
02800 239.0 014.0 0007.8 100 100 7.9e-017
02860 241.0 013.8 0008.2 100 100 7.9e-017
02920 231.0 015.9 0008.1 100 100 8.1e-017
02980 228.0 016.8 0008.3 100 100 8.0e-017
03040 221.0 018.6 0008.2 100 100 8.4e-017
03100 220.0 015.7 0008.2 100 100 5.3e-017
03160 223.0 018.0 0008.2 100 100 6.3e-017
03220 231.0 015.7 0008.1 100 100 5.6e-017
03280 230.0 015.7 0007.9 100 100 5.4e-017
03340 231.0 016.6 0007.7 100 100 6.0e-017
03400 231.0 016.5 0007.4 100 100 5.8e-017
03460 232.0 015.8 0007.2 100 100 5.5e-017
03520 235.0 015.7 0006.8 100 100 5.9e-017
03580 234.0 015.3 0007.1 100 100 6.3e-017
03640 235.0 015.4 0007.3 100 100 6.2e-017
03700 236.0 015.7 0007.4 100 100 6.0e-017
03760 241.0 015.5 0007.6 100 100 5.8e-017
03820 244.0 015.3 0007.3 100 100 5.2e-017
03880 252.0 014.0 0007.5 100 100 4.9e-017
03940 253.0 014.9 0007.8 100 100 4.9e-017
04000 271.0 010.6 0007.7 100 100 4.8e-017
04060 265.0 011.3 0007.5 100 100 5.2e-017
04120 273.0 011.0 0007.3 100 100 5.1e-017
04180 275.0 011.3 0007.1 100 100 4.9e-017
04240 273.0 009.7 0007.1 100 100 4.7e-017
04300 258.0 009.2 0006.6 100 100 4.4e-017
04360 249.0 009.5 0005.6 100 100 3.6e-017
04420 254.0 010.5 0006.5 100 100 4.9e-017
04480 252.0 010.6 0005.9 100 100 5.2e-017
04540 245.0 011.2 0005.7 100 100 5.8e-017
04600 242.0 008.7 0005.5 100 100 6.0e-017
04660 240.0 009.1 0005.3 100 100 6.8e-017
04720 241.0 008.0 0005.5 100 100 7.2e-017
04780 242.0 009.6 0005.6 100 100 2.1e-017
04840 246.0 012.0 0005.2 100 100 2.4e-017
04900 251.0 012.1 0005.3 100 100 2.3e-017
04960 249.0 013.8 0005.3 100 100 2.3e-017
05020 250.0 016.2 0005.3 100 100 2.2e-017
05080 247.0 013.3 0004.9 100 100 2.0e-017
05140 253.0 015.6 0005.4 100 100 2.1e-017
05200 249.0 015.6 0005.1 100 100 1.9e-017
05260 247.0 016.3 0004.7 100 100 1.8e-017
05320 234.0 017.3 0004.6 100 100 1.5e-017
05380 240.0 015.5 0005.4 100 100 1.3e-017
05440 238.0 017.1 0005.4 100 100 1.1e-017
05500 242.0 014.5 0005.4 100 100 1.1e-017
05560 246.0 015.1 0005.3 100 100 8.6e-018
05620 241.0 015.9 0005.2 100 100 7.3e-018
05680 233.0 015.4 0005.2 100 100 7.1e-018
05740 226.0 017.7 0005.2 100 100 6.3e-018
05800 230.0 015.5 0005.4 100 100 5.4e-018
05860 230.0 016.3 0005.4 100 100 4.9e-018
05920 230.0 016.7 0004.7 100 100 4.5e-018
05980 223.0 017.1 0005.1 100 100 4.2e-018
NNNN
