WNDROBS 01.20
57793 0114.3600 027.7900 00130.0 LC 20130629012000
ROBS
00100 129.0 002.2 0000.2 100 100 3.3e-021
00160 129.0 002.5 0000.2 100 100 7.0e-021
00220 149.0 003.0 0000.3 100 100 4.5e-021
00280 038.0 002.8 0000.4 100 100 1.0e-020
00340 068.0 002.5 0000.4 100 100 1.0e-020
00400 074.0 002.4 0000.4 100 100 7.5e-021
00460 098.0 000.9 0000.1 100 100 7.4e-021
00520 244.0 002.4 0000.0 100 100 9.0e-021
00580 219.0 004.0 0000.1 100 100 5.6e-021
00640 224.0 001.7 0000.3 100 100 2.9e-021
00700 235.0 001.6 0000.2 100 100 4.4e-021
00760 248.0 005.8 0000.2 100 100 4.2e-021
00820 235.0 008.9 0000.2 100 100 5.6e-021
00880 239.0 010.0 0000.4 100 100 4.6e-021
00940 236.0 011.9 0000.5 100 100 5.8e-021
01000 235.0 012.1 -000.4 100 100 5.4e-021
01060 234.0 011.6 0000.3 100 100 1.4e-021
01120 235.0 011.6 0000.2 100 100 1.4e-021
01180 233.0 012.4 0000.2 100 100 1.9e-021
01240 230.0 013.1 0000.1 100 100 1.9e-021
01300 228.0 013.5 0000.2 100 100 2.2e-021
01360 230.0 014.4 0000.1 100 100 4.0e-021
01420 229.0 014.9 0000.4 100 100 3.8e-021
01480 231.0 015.4 0000.2 100 100 6.1e-021
01540 231.0 015.7 0000.1 100 100 5.0e-021
01600 232.0 016.2 0000.1 100 100 4.8e-021
01660 232.0 016.8 0000.1 100 100 6.5e-021
01720 235.0 017.2 0000.1 100 100 6.2e-021
01780 234.0 015.7 0000.3 100 100 4.5e-021
01840 236.0 015.4 0000.4 100 100 5.4e-021
01900 233.0 014.9 0000.4 100 100 1.3e-020
01960 235.0 016.7 0000.3 100 100 1.3e-020
02020 237.0 017.1 0000.3 100 100 9.4e-021
02080 238.0 017.3 0000.3 100 100 1.3e-020
02140 238.0 017.8 0000.5 100 100 2.1e-021
02200 234.0 017.1 0000.0 100 100 8.2e-021
02260 230.0 014.8 0001.1 100 100 2.7e-021
02320 248.0 014.3 0000.7 100 100 3.1e-021
02380 243.0 014.8 0000.4 100 100 3.4e-021
02440 257.0 013.1 0000.0 100 100 6.9e-022
02500 257.0 013.5 -000.3 100 100 8.2e-022
02560 256.0 012.9 0000.0 100 100 7.0e-022
02620 264.0 011.2 -000.2 100 100 1.6e-021
02680 265.0 011.3 0000.0 100 100 1.2e-021
02740 265.0 011.4 0000.0 100 100 1.2e-021
02800 265.0 011.6 0000.0 100 100 1.1e-021
02860 ///// ///// 0000.0 000 000 5.0e-022
02920 264.0 011.0 0000.5 100 100 1.8e-021
02980 ///// ///// 0000.0 000 000 7.5e-022
03040 235.0 014.0 0000.0 100 100 1.7e-021
03100 ///// ///// 0000.0 000 000 2.7e-021
03160 230.0 012.7 -000.0 100 100 2.9e-021
03220 239.0 013.1 -000.7 100 100 3.4e-021
03280 238.0 013.3 0000.0 100 100 3.0e-021
03340 252.0 012.2 -000.2 100 100 2.8e-021
03400 264.0 011.9 0000.0 100 100 1.9e-021
03460 260.0 004.5 -000.0 100 100 9.0e-022
03520 263.0 008.2 0000.0 100 100 5.0e-021
03580 233.0 009.9 -000.2 100 100 5.5e-021
03640 233.0 010.2 0000.0 100 100 2.0e-021
03700 239.0 010.7 -000.2 100 100 1.2e-020
03760 239.0 011.0 -000.2 100 100 6.9e-021
03820 246.0 009.3 -000.1 100 100 1.3e-021
03880 240.0 009.4 0000.0 100 100 1.4e-021
03940 241.0 009.8 0000.0 100 100 4.5e-022
04000 241.0 009.9 -000.2 100 100 4.2e-021
04060 246.0 009.7 -000.4 100 100 4.3e-021
04120 263.0 004.7 -000.5 100 100 2.5e-021
04180 ///// ///// -000.4 000 000 3.7e-021
04240 ///// ///// -000.5 000 000 3.3e-021
04300 ///// ///// -000.1 000 000 5.0e-021
04360 249.0 009.0 -000.2 100 100 2.5e-021
04420 249.0 009.8 -000.1 100 100 1.3e-020
04480 251.0 011.2 -000.2 100 100 2.0e-020
04540 253.0 011.3 -000.1 100 100 2.7e-020
04600 252.0 011.0 -000.2 100 100 2.7e-020
04660 253.0 010.7 -000.3 100 100 2.1e-020
04720 252.0 010.5 -000.0 100 100 2.2e-020
04780 255.0 011.1 -000.2 100 100 2.4e-021
04840 ///// ///// 0000.0 000 000 2.2e-021
04900 257.0 011.3 -000.0 100 100 2.8e-021
04960 ///// ///// -000.4 000 000 4.3e-021
05020 ///// ///// -000.4 000 000 3.8e-021
05080 262.0 011.1 0000.0 100 100 4.7e-021
05140 ///// ///// -001.0 000 000 5.6e-021
05200 ///// ///// 0000.0 000 000 4.6e-021
05260 ///// ///// 0000.0 000 000 1.7e-021
05320 ///// ///// 0000.0 000 000 7.1e-021
05380 ///// ///// 0000.0 000 000 6.9e-022
05440 ///// ///// -000.0 000 000 5.6e-021
05500 ///// ///// -000.2 000 000 5.2e-021
05560 ///// ///// 0000.0 000 000 4.3e-021
05620 ///// ///// 0000.0 000 000 2.1e-021
05680 ///// ///// -001.3 000 000 7.8e-021
05740 ///// ///// -000.2 000 000 7.0e-021
05800 ///// ///// -000.2 000 000 5.0e-021
05860 ///// ///// 0000.0 000 000 2.4e-021
05920 ///// ///// 0000.0 000 000 4.7e-021
05980 ///// ///// 0000.0 000 000 3.7e-021
NNNN
