WNDROBS 01.20
57793 0114.3600 027.7900 00130.0 LC 20130629093000
ROBS
00100 177.0 004.1 0000.5 100 100 1.5e-021
00160 180.0 004.0 0000.6 100 100 4.9e-021
00220 153.0 007.1 0000.6 100 100 6.7e-021
00280 166.0 007.5 0000.3 100 100 1.5e-020
00340 167.0 010.7 0000.6 100 100 1.8e-020
00400 163.0 011.2 0000.0 100 100 2.6e-020
00460 162.0 011.8 0000.0 100 100 7.5e-020
00520 162.0 012.0 0000.0 100 100 1.3e-019
00580 165.0 012.4 -000.0 100 100 3.9e-019
00640 169.0 012.5 0000.1 100 100 4.8e-019
00700 172.0 013.0 -000.1 100 100 2.7e-019
00760 177.0 012.4 -000.2 100 100 2.2e-019
00820 183.0 012.2 -000.2 100 100 1.9e-019
00880 188.0 011.6 0000.0 100 100 6.7e-020
00940 190.0 011.1 0004.0 100 100 1.9e-019
01000 190.0 009.9 0003.8 100 100 2.4e-019
01060 187.0 009.9 0003.9 100 100 8.1e-020
01120 191.0 009.9 0003.5 100 100 1.7e-019
01180 197.0 010.8 0003.4 100 100 1.3e-019
01240 198.0 011.1 0003.6 100 100 8.2e-020
01300 204.0 012.8 0003.4 100 100 7.2e-020
01360 206.0 012.5 0003.2 100 100 8.0e-020
01420 205.0 013.2 0003.0 100 100 1.2e-019
01480 204.0 013.3 0002.9 100 100 2.2e-019
01540 203.0 014.0 0003.0 100 100 3.5e-019
01600 204.0 014.5 0003.2 100 100 3.4e-019
01660 219.0 010.3 0003.2 100 100 3.0e-019
01720 219.0 010.2 0003.3 100 100 3.6e-019
01780 216.0 011.6 0003.3 100 100 4.4e-019
01840 227.0 011.2 0003.1 100 100 3.7e-019
01900 228.0 011.8 0003.2 100 100 4.0e-019
01960 230.0 012.5 0003.4 100 100 3.3e-019
02020 231.0 012.3 0003.4 100 100 2.6e-019
02080 229.0 011.7 0003.5 100 100 3.3e-019
02140 225.0 011.2 0003.7 100 100 3.3e-019
02200 219.0 010.8 0003.6 100 100 3.3e-019
02260 213.0 010.4 0003.5 100 100 3.9e-019
02320 211.0 009.6 0003.4 100 100 3.7e-019
02380 208.0 009.6 0003.4 100 100 3.6e-019
02440 208.0 009.9 0003.5 100 100 3.4e-019
02500 201.0 012.6 0003.5 100 100 3.6e-019
02560 201.0 013.3 0003.6 100 100 4.3e-019
02620 211.0 011.8 0003.8 100 100 5.5e-019
02680 211.0 013.0 0003.7 100 100 5.3e-019
02740 211.0 013.0 0003.6 100 100 3.8e-019
02800 202.0 012.5 0003.5 100 100 2.9e-019
02860 203.0 012.9 0003.3 100 100 3.3e-019
02920 202.0 013.0 0003.1 100 100 3.2e-019
02980 205.0 012.9 0002.9 100 100 3.9e-019
03040 205.0 012.4 0002.8 100 100 3.9e-019
03100 205.0 011.9 0002.7 100 100 4.2e-019
03160 206.0 013.7 0002.6 100 100 4.4e-019
03220 208.0 014.5 0002.6 100 100 4.5e-019
03280 215.0 013.7 0002.6 100 100 3.6e-019
03340 218.0 014.2 0002.7 100 100 2.3e-019
03400 221.0 014.2 0002.6 100 100 1.6e-019
03460 220.0 014.2 0002.5 100 100 2.2e-019
03520 221.0 014.8 0002.4 100 100 2.3e-019
03580 219.0 015.3 0002.1 100 100 2.1e-019
03640 216.0 016.4 0001.6 100 100 2.8e-019
03700 215.0 016.5 0002.0 100 100 1.9e-019
03760 217.0 016.5 0001.8 100 100 1.4e-019
03820 218.0 017.1 0001.0 100 100 1.3e-019
03880 219.0 017.5 0001.1 100 100 1.1e-019
03940 220.0 017.4 0000.5 100 100 1.7e-019
04000 221.0 017.7 0000.3 100 100 2.5e-019
04060 220.0 016.5 0000.1 100 100 2.6e-019
04120 221.0 016.6 0000.1 100 100 2.7e-019
04180 222.0 017.2 0000.1 100 100 2.2e-019
04240 216.0 019.9 0000.0 100 100 1.3e-019
04300 219.0 020.7 -000.2 100 100 8.7e-020
04360 227.0 017.0 0000.6 100 100 8.1e-020
04420 221.0 016.7 0000.2 100 100 7.2e-020
04480 225.0 016.9 -000.4 100 100 6.6e-020
04540 223.0 016.0 -000.7 100 100 5.9e-020
04600 227.0 017.8 0000.0 100 100 3.9e-020
04660 226.0 015.7 -000.3 100 100 5.0e-020
04720 ///// ///// 0000.2 000 000 5.7e-020
04780 ///// ///// 0000.0 000 000 2.2e-020
04840 ///// ///// 0000.0 000 000 2.8e-020
04900 ///// ///// 0000.0 000 000 1.0e-020
04960 ///// ///// 0000.0 000 000 3.2e-020
05020 ///// ///// 0000.0 000 000 2.2e-020
05080 ///// ///// 0001.0 000 000 2.8e-020
05140 ///// ///// 0000.0 000 000 2.5e-020
05200 ///// ///// 0001.0 000 000 2.7e-020
05260 ///// ///// 0000.3 000 000 3.4e-020
05320 ///// ///// 0001.4 000 000 3.0e-020
05380 ///// ///// 0001.2 000 000 3.3e-020
05440 ///// ///// 0000.2 000 000 3.4e-020
05500 ///// ///// 0000.0 000 000 3.0e-020
05560 ///// ///// 0000.0 000 000 1.5e-020
05620 ///// ///// 0000.0 000 000 1.6e-020
05680 ///// ///// 0000.0 000 000 2.7e-020
05740 ///// ///// 0003.2 000 000 3.7e-020
05800 ///// ///// 0000.0 000 000 5.2e-020
05860 ///// ///// -000.1 000 000 4.6e-020
05920 ///// ///// 0000.0 000 000 3.8e-020
05980 ///// ///// 0000.3 000 000 3.0e-020
NNNN
