WNDROBS 01.20
57793 0114.3600 027.7900 00130.0 LC 20130629125500
ROBS
00100 089.0 005.3 -000.2 100 100 1.1e-020
00160 089.0 005.9 -000.2 100 100 2.4e-020
00220 091.0 006.2 0000.1 100 100 1.9e-020
00280 098.0 006.6 -000.0 100 100 9.6e-021
00340 102.0 005.3 -000.2 100 100 1.1e-020
00400 110.0 006.3 -000.1 100 100 2.8e-020
00460 123.0 006.0 -000.1 100 100 1.7e-020
00520 143.0 007.6 -000.1 100 100 9.3e-020
00580 155.0 008.0 -000.2 100 100 1.3e-020
00640 166.0 009.4 -000.8 100 100 7.8e-021
00700 164.0 010.6 -000.5 100 100 6.0e-021
00760 170.0 010.7 -000.2 100 100 9.1e-021
00820 172.0 013.0 -000.2 100 100 1.4e-020
00880 176.0 013.1 -000.2 100 100 2.5e-020
00940 178.0 013.4 -000.3 100 100 3.7e-020
01000 178.0 012.0 -000.2 100 100 3.5e-020
01060 177.0 014.2 -000.7 100 100 6.4e-021
01120 181.0 010.3 -000.3 100 100 1.2e-020
01180 184.0 008.9 -000.3 100 100 2.2e-020
01240 189.0 007.6 -000.2 100 100 3.4e-020
01300 193.0 007.1 -000.0 100 100 3.4e-020
01360 196.0 007.1 -000.2 100 100 2.8e-020
01420 196.0 006.5 -000.3 100 100 2.6e-020
01480 196.0 005.3 -000.6 100 100 1.8e-020
01540 201.0 005.1 -000.4 100 100 1.3e-020
01600 203.0 004.6 0000.1 100 100 1.0e-020
01660 205.0 005.8 -000.2 100 100 8.2e-021
01720 205.0 006.9 -000.2 100 100 8.6e-021
01780 209.0 007.5 -000.2 100 100 6.9e-021
01840 212.0 008.8 -000.3 100 100 7.6e-021
01900 216.0 009.0 -000.2 100 100 8.4e-021
01960 222.0 009.1 -000.2 100 100 8.6e-021
02020 224.0 008.7 -000.3 100 100 6.4e-021
02080 224.0 009.4 -000.3 100 100 9.5e-021
02140 223.0 009.7 -000.2 100 100 1.0e-020
02200 225.0 010.8 -000.3 100 100 1.6e-020
02260 224.0 012.0 -000.5 100 100 6.1e-021
02320 224.0 013.3 -000.2 100 100 4.0e-021
02380 224.0 012.0 -000.2 100 100 4.3e-021
02440 227.0 011.4 -000.2 100 100 9.2e-021
02500 228.0 011.3 -000.3 100 100 9.4e-021
02560 230.0 011.8 -000.3 100 100 5.6e-021
02620 233.0 012.3 0000.0 100 100 3.0e-021
02680 233.0 011.5 0000.0 100 100 3.6e-021
02740 237.0 011.2 0000.0 100 100 2.4e-021
02800 231.0 011.4 -001.1 100 100 3.7e-021
02860 235.0 011.1 -001.1 100 100 4.2e-021
02920 236.0 011.4 -000.3 100 100 6.4e-021
02980 235.0 010.9 -000.2 100 100 5.5e-021
03040 235.0 011.0 0000.0 100 100 3.3e-021
03100 236.0 010.6 0000.0 100 100 1.0e-021
03160 236.0 010.5 0000.0 100 100 3.7e-021
03220 237.0 010.5 0000.0 100 100 3.0e-021
03280 230.0 008.4 0000.0 100 100 3.0e-021
03340 233.0 009.3 0000.0 100 100 2.8e-021
03400 236.0 010.2 -001.0 100 100 2.9e-021
03460 233.0 009.4 0000.0 100 100 3.3e-021
03520 ///// ///// -000.3 000 000 1.0e-021
03580 ///// ///// 0000.0 000 000 8.8e-022
03640 ///// ///// 0000.0 000 000 2.3e-021
03700 ///// ///// 0000.4 000 000 2.1e-021
03760 ///// ///// 0000.0 000 000 8.7e-022
03820 ///// ///// 0000.6 000 000 2.7e-021
03880 ///// ///// 0000.0 000 000 9.0e-022
03940 ///// ///// -000.4 000 000 2.6e-021
04000 ///// ///// 0000.0 000 000 1.5e-021
04060 ///// ///// 0000.0 000 000 1.7e-021
04120 ///// ///// 0000.0 000 000 2.3e-021
04180 ///// ///// 0000.0 000 000 1.8e-021
04240 ///// ///// 0000.9 000 000 2.5e-021
04300 ///// ///// 0000.1 000 000 2.4e-021
04360 ///// ///// 0000.4 000 000 4.2e-021
04420 ///// ///// 0000.3 000 000 9.6e-021
04480 ///// ///// 0000.0 000 000 5.6e-021
04540 ///// ///// 0000.0 000 000 2.6e-021
04600 ///// ///// 0000.0 000 000 2.1e-021
04660 ///// ///// -002.1 000 000 4.6e-021
04720 ///// ///// 0000.1 000 000 3.9e-021
04780 ///// ///// 0000.0 000 000 1.6e-021
04840 ///// ///// 0000.0 000 000 1.3e-021
04900 ///// ///// 0000.0 000 000 1.3e-021
04960 ///// ///// 0000.0 000 000 2.9e-021
05020 ///// ///// 0000.0 000 000 7.8e-022
05080 ///// ///// 0000.0 000 000 1.3e-021
05140 ///// ///// 0000.0 000 000 2.6e-021
05200 ///// ///// 0001.3 000 000 4.7e-021
05260 ///// ///// -000.6 000 000 4.1e-022
05320 ///// ///// 0000.0 000 000 3.4e-021
05380 ///// ///// 0000.0 000 000 4.2e-021
05440 ///// ///// 0000.0 000 000 1.4e-021
05500 ///// ///// 0000.0 000 000 5.7e-021
05560 ///// ///// 0000.0 000 000 4.2e-021
05620 ///// ///// 0000.0 000 000 3.3e-021
05680 ///// ///// 0000.0 000 000 2.4e-021
05740 ///// ///// -001.0 000 000 5.1e-021
05800 ///// ///// 0000.0 000 000 4.4e-021
05860 ///// ///// 0000.0 000 000 1.1e-021
05920 ///// ///// 0000.0 000 000 2.2e-021
05980 ///// ///// 0000.0 000 000 2.1e-021
NNNN
