WNDROBS 01.20
57793 0114.3600 027.7900 00130.0 LC 20130628050500
ROBS
00100 055.0 004.0 0000.2 100 100 1.7e-020
00160 060.0 004.5 0000.3 100 100 9.8e-020
00220 064.0 003.7 0000.2 100 100 9.6e-020
00280 072.0 003.2 0000.2 100 100 8.0e-020
00340 061.0 002.9 0000.1 100 100 2.3e-020
00400 051.0 003.1 0000.1 100 100 1.3e-020
00460 117.0 002.7 0000.2 100 100 3.6e-021
00520 073.0 004.1 0000.0 100 100 3.0e-021
00580 220.0 003.3 0000.2 100 100 2.4e-021
00640 252.0 007.5 0000.0 100 100 1.7e-021
00700 246.0 007.2 -001.4 100 100 4.9e-021
00760 245.0 008.3 -001.5 100 100 3.8e-021
00820 227.0 011.3 0000.1 100 100 1.2e-020
00880 225.0 012.3 0000.3 100 100 1.1e-020
00940 234.0 010.6 0000.3 100 100 1.6e-020
01000 236.0 010.9 0000.1 100 100 2.1e-020
01060 216.0 007.3 -000.2 100 100 9.7e-021
01120 218.0 008.5 -000.2 100 100 8.3e-021
01180 217.0 010.1 0002.1 100 100 7.6e-021
01240 222.0 012.3 -000.1 100 100 1.2e-020
01300 223.0 014.0 0000.0 100 100 1.7e-020
01360 225.0 014.4 0000.0 100 100 1.2e-020
01420 224.0 014.9 -000.0 100 100 1.0e-020
01480 224.0 015.8 -000.0 100 100 7.6e-021
01540 226.0 016.8 0000.1 100 100 6.3e-021
01600 228.0 017.2 0000.0 100 100 7.0e-021
01660 228.0 017.4 -000.0 100 100 6.5e-021
01720 230.0 018.0 0000.0 100 100 4.5e-021
01780 233.0 018.1 -000.2 100 100 4.6e-021
01840 231.0 018.8 0000.1 100 100 2.6e-021
01900 234.0 017.2 0000.0 100 100 3.8e-021
01960 236.0 017.7 0000.1 100 100 4.3e-021
02020 232.0 015.6 0000.1 100 100 3.9e-021
02080 224.0 016.4 0000.1 100 100 3.6e-021
02140 230.0 014.7 0000.2 100 100 5.1e-021
02200 227.0 015.8 0000.3 100 100 6.4e-021
02260 233.0 015.4 0000.1 100 100 8.2e-021
02320 233.0 015.2 -000.1 100 100 9.5e-021
02380 232.0 015.7 -000.1 100 100 8.9e-021
02440 230.0 015.8 -000.4 100 100 7.1e-021
02500 231.0 016.1 -000.1 100 100 6.0e-021
02560 231.0 016.6 0000.1 100 100 4.0e-021
02620 235.0 016.3 0000.1 100 100 3.1e-021
02680 235.0 016.2 0000.2 100 100 3.1e-021
02740 234.0 015.1 -000.1 100 100 3.7e-021
02800 234.0 015.2 -000.0 100 100 4.6e-021
02860 234.0 015.0 0000.2 100 100 8.6e-021
02920 235.0 014.6 -000.2 100 100 9.8e-021
02980 232.0 015.7 0000.1 100 100 5.6e-021
03040 229.0 013.8 -000.0 100 100 4.7e-021
03100 233.0 013.4 0000.1 100 100 4.5e-021
03160 233.0 013.5 -000.8 100 100 4.6e-021
03220 235.0 014.1 -001.1 100 100 5.4e-021
03280 238.0 013.4 0000.4 100 100 6.4e-021
03340 245.0 013.3 0000.4 100 100 8.3e-021
03400 245.0 013.6 0000.4 100 100 1.1e-020
03460 245.0 013.5 0000.2 100 100 9.9e-021
03520 247.0 013.5 0000.3 100 100 8.9e-021
03580 249.0 014.3 0000.3 100 100 1.2e-020
03640 245.0 012.6 0000.1 100 100 9.2e-021
03700 243.0 011.8 0000.3 100 100 1.4e-020
03760 244.0 012.1 0000.3 100 100 1.6e-020
03820 245.0 012.5 0000.3 100 100 8.7e-021
03880 245.0 013.0 0000.3 100 100 8.6e-021
03940 246.0 012.0 0000.0 100 100 4.9e-021
04000 255.0 014.6 0000.0 100 100 1.4e-021
04060 269.0 014.5 0000.0 100 100 1.1e-021
04120 ///// ///// 0000.0 000 000 2.7e-021
04180 243.0 016.1 0000.0 100 100 2.8e-021
04240 ///// ///// 0000.0 000 000 2.7e-021
04300 ///// ///// 0000.0 000 000 3.6e-021
04360 ///// ///// 0000.0 000 000 1.4e-021
04420 ///// ///// 0000.0 000 000 1.6e-021
04480 ///// ///// -000.1 000 000 1.6e-021
04540 ///// ///// 0000.0 000 000 2.5e-021
04600 ///// ///// 0000.0 000 000 1.1e-021
04660 ///// ///// 0000.0 000 000 2.2e-021
04720 ///// ///// 0000.0 000 000 1.5e-021
04780 ///// ///// 0000.0 000 000 1.8e-021
04840 ///// ///// 0000.0 000 000 4.6e-021
04900 ///// ///// 0000.0 000 000 1.1e-021
04960 ///// ///// 0000.0 000 000 2.5e-022
05020 ///// ///// 0000.0 000 000 4.6e-021
05080 ///// ///// 0000.0 000 000 1.4e-021
05140 ///// ///// 0000.0 000 000 4.0e-021
05200 ///// ///// 0000.0 000 000 3.1e-021
05260 ///// ///// 0000.0 000 000 3.2e-021
05320 ///// ///// 0000.0 000 000 3.4e-021
05380 ///// ///// 0000.0 000 000 1.7e-021
05440 ///// ///// 0000.0 000 000 5.1e-021
05500 ///// ///// 0000.0 000 000 3.1e-021
05560 ///// ///// 0000.0 000 000 4.3e-021
05620 ///// ///// 0000.0 000 000 4.2e-021
05680 ///// ///// 0000.0 000 000 1.6e-021
05740 ///// ///// 0000.0 000 000 4.2e-021
05800 ///// ///// -001.4 000 000 4.9e-021
05860 ///// ///// 0001.1 000 000 4.9e-021
05920 ///// ///// 0000.0 000 000 3.0e-021
05980 ///// ///// 0000.0 000 000 1.7e-021
NNNN
