WNDROBS 01.20
57793 0114.3600 027.7900 00130.0 LC 20130628050000
ROBS
00100 051.0 005.5 0001.3 100 100 1.8e-020
00160 057.0 004.3 0001.5 100 100 2.1e-019
00220 070.0 009.3 0001.3 100 100 8.8e-020
00280 068.0 008.7 0001.0 100 100 5.5e-020
00340 071.0 008.8 0001.1 100 100 4.7e-020
00400 071.0 008.4 0001.3 100 100 3.2e-020
00460 084.0 007.7 0001.1 100 100 1.6e-020
00520 073.0 004.1 0000.9 100 100 8.1e-021
00580 074.0 004.1 0000.2 100 100 5.0e-021
00640 113.0 002.3 0000.3 100 100 4.3e-021
00700 128.0 003.8 0000.3 100 100 2.8e-021
00760 153.0 004.1 0000.2 100 100 2.3e-021
00820 181.0 005.3 0000.3 100 100 4.4e-021
00880 184.0 005.4 0000.2 100 100 1.0e-020
00940 208.0 006.3 0000.2 100 100 1.1e-020
01000 215.0 007.1 0000.3 100 100 1.6e-020
01060 218.0 007.6 0000.1 100 100 6.0e-021
01120 221.0 008.9 0000.0 100 100 6.2e-021
01180 222.0 010.0 0000.1 100 100 2.6e-021
01240 221.0 011.9 0000.3 100 100 2.6e-021
01300 221.0 012.9 0000.0 100 100 4.1e-021
01360 222.0 013.9 0000.0 100 100 4.7e-021
01420 223.0 014.6 -000.0 100 100 8.1e-021
01480 225.0 015.2 0000.0 100 100 8.9e-021
01540 225.0 015.6 -000.2 100 100 6.9e-021
01600 227.0 016.0 -000.1 100 100 6.8e-021
01660 229.0 017.0 0000.2 100 100 6.7e-021
01720 229.0 017.3 -000.1 100 100 5.1e-021
01780 230.0 017.0 -000.3 100 100 5.4e-021
01840 224.0 015.6 -000.2 100 100 2.3e-021
01900 224.0 014.1 0000.0 100 100 1.3e-021
01960 225.0 013.9 0000.0 100 100 1.9e-021
02020 227.0 015.2 0000.0 100 100 2.6e-021
02080 228.0 015.0 0000.0 100 100 4.7e-021
02140 232.0 015.7 0000.2 100 100 6.7e-021
02200 230.0 015.9 0000.2 100 100 1.0e-020
02260 232.0 015.5 0000.3 100 100 1.3e-020
02320 231.0 014.9 0000.3 100 100 1.5e-020
02380 230.0 015.4 0000.2 100 100 2.4e-020
02440 228.0 015.4 0000.1 100 100 1.3e-020
02500 232.0 014.3 -000.2 100 100 9.0e-021
02560 233.0 014.0 -000.7 100 100 5.0e-021
02620 237.0 014.8 0000.1 100 100 4.7e-021
02680 236.0 015.3 0000.2 100 100 6.3e-021
02740 237.0 016.0 0000.2 100 100 8.1e-021
02800 239.0 016.3 0000.3 100 100 1.0e-020
02860 236.0 015.4 0000.2 100 100 1.9e-020
02920 232.0 015.1 -000.0 100 100 1.1e-020
02980 230.0 015.4 -000.0 100 100 4.6e-021
03040 230.0 015.1 -000.0 100 100 5.4e-021
03100 241.0 013.6 -000.1 100 100 3.5e-021
03160 236.0 016.0 0000.0 100 100 3.3e-021
03220 204.0 009.8 0000.0 100 100 4.2e-021
03280 182.0 010.5 -000.6 100 100 5.5e-021
03340 180.0 007.2 -000.2 100 100 5.9e-021
03400 187.0 005.4 -000.1 100 100 6.2e-021
03460 246.0 016.6 0000.0 100 100 2.6e-021
03520 250.0 015.8 -000.2 100 100 5.4e-021
03580 250.0 015.4 0000.3 100 100 5.9e-021
03640 249.0 015.1 0000.2 100 100 2.5e-021
03700 249.0 014.7 -000.1 100 100 7.5e-021
03760 255.0 014.6 -000.1 100 100 6.8e-021
03820 259.0 007.6 0000.0 100 100 1.5e-021
03880 257.0 014.5 0000.0 100 100 4.2e-021
03940 257.0 014.4 0000.0 100 100 2.6e-021
04000 ///// ///// 0000.0 000 000 1.1e-021
04060 ///// ///// 0000.0 000 000 1.1e-021
04120 ///// ///// 0000.0 000 000 3.0e-021
04180 ///// ///// 0000.2 000 000 3.3e-021
04240 ///// ///// 0000.0 000 000 1.1e-021
04300 ///// ///// 0000.0 000 000 1.0e-021
04360 ///// ///// 0000.0 000 000 4.0e-021
04420 ///// ///// 0000.0 000 000 2.4e-022
04480 ///// ///// 0000.0 000 000 3.2e-021
04540 ///// ///// 0000.0 000 000 1.1e-021
04600 ///// ///// 0000.0 000 000 9.7e-022
04660 ///// ///// 0000.0 000 000 4.0e-021
04720 ///// ///// 0000.0 000 000 1.2e-021
04780 ///// ///// 0000.0 000 000 1.3e-021
04840 ///// ///// 0000.0 000 000 3.5e-021
04900 ///// ///// 0000.0 000 000 3.3e-021
04960 157.0 005.1 0000.0 100 100 3.0e-021
05020 165.0 012.8 0000.0 100 100 1.6e-021
05080 236.0 015.7 0000.0 100 100 2.4e-021
05140 240.0 017.4 -001.1 100 100 7.3e-022
05200 236.0 018.7 -000.7 100 100 4.7e-021
05260 236.0 019.2 -001.2 100 100 3.8e-021
05320 237.0 018.6 0000.0 100 100 2.1e-021
05380 239.0 019.0 0000.1 100 100 4.5e-021
05440 232.0 019.0 0000.0 100 100 3.4e-021
05500 237.0 018.7 0000.0 100 100 2.8e-021
05560 236.0 017.9 0000.2 100 100 5.3e-021
05620 264.0 015.6 0000.0 100 100 2.2e-021
05680 254.0 014.3 0000.0 100 100 1.7e-021
05740 248.0 018.9 0000.0 100 100 3.7e-021
05800 248.0 021.3 0000.0 100 100 1.8e-021
05860 254.0 020.6 0000.0 100 100 1.4e-021
05920 253.0 019.6 0000.0 100 100 5.2e-021
05980 263.0 018.1 0000.0 100 100 4.8e-021
NNNN
