WNDROBS 01.20
57793 0114.3600 027.7900 00130.0 LC 20130629121000
ROBS
00100 082.0 004.9 -000.1 100 100 1.2e-020
00160 082.0 005.5 -000.2 100 100 2.7e-020
00220 094.0 006.1 0000.5 100 100 2.9e-020
00280 102.0 006.1 0000.1 100 100 1.9e-020
00340 114.0 003.8 -000.1 100 100 2.1e-020
00400 130.0 004.1 -000.2 100 100 2.5e-020
00460 133.0 005.8 -000.3 100 100 2.1e-020
00520 131.0 008.2 -000.2 100 100 1.5e-020
00580 157.0 007.8 -000.3 100 100 1.5e-020
00640 160.0 008.4 -000.4 100 100 3.1e-020
00700 160.0 009.4 -000.5 100 100 2.2e-020
00760 159.0 009.8 -000.9 100 100 1.6e-020
00820 166.0 010.3 -000.5 100 100 1.7e-020
00880 163.0 011.3 -000.4 100 100 3.4e-020
00940 164.0 014.0 -000.4 100 100 4.4e-020
01000 168.0 009.2 -000.4 100 100 4.4e-020
01060 175.0 010.2 -000.3 100 100 1.3e-020
01120 189.0 008.2 -000.5 100 100 2.7e-020
01180 179.0 008.4 -000.4 100 100 5.4e-020
01240 182.0 007.9 -000.3 100 100 7.8e-020
01300 192.0 007.7 -000.3 100 100 8.1e-020
01360 196.0 006.4 -000.2 100 100 6.3e-020
01420 202.0 006.2 -000.1 100 100 5.9e-020
01480 206.0 005.9 -000.0 100 100 4.6e-020
01540 209.0 007.2 -000.2 100 100 6.7e-020
01600 214.0 008.2 -000.1 100 100 6.6e-020
01660 221.0 007.8 -000.3 100 100 2.0e-020
01720 217.0 009.3 -000.2 100 100 1.0e-020
01780 226.0 009.0 -000.4 100 100 5.5e-021
01840 229.0 008.8 -000.3 100 100 4.4e-021
01900 224.0 009.3 -000.2 100 100 4.6e-021
01960 221.0 009.4 -000.6 100 100 3.4e-021
02020 223.0 009.7 -000.2 100 100 1.8e-021
02080 213.0 010.8 -000.4 100 100 2.4e-021
02140 213.0 010.9 -000.3 100 100 2.1e-021
02200 222.0 012.4 -000.0 100 100 2.6e-021
02260 218.0 011.1 -000.2 100 100 3.5e-021
02320 213.0 011.4 0000.0 100 100 3.2e-021
02380 217.0 010.9 -000.2 100 100 6.4e-021
02440 216.0 012.1 0000.0 100 100 1.6e-021
02500 216.0 011.3 0000.0 100 100 3.5e-021
02560 216.0 011.7 -000.2 100 100 5.7e-021
02620 223.0 010.7 -000.1 100 100 4.3e-021
02680 224.0 010.6 0000.0 100 100 5.8e-021
02740 225.0 011.0 0000.0 100 100 7.1e-021
02800 226.0 011.5 -000.2 100 100 4.9e-021
02860 229.0 012.0 -000.1 100 100 6.0e-021
02920 231.0 011.6 0000.0 100 100 3.1e-021
02980 232.0 011.4 0000.1 100 100 3.6e-021
03040 232.0 011.6 0000.0 100 100 4.5e-021
03100 230.0 011.8 0000.0 100 100 6.0e-021
03160 233.0 011.6 0000.8 100 100 7.7e-021
03220 232.0 011.6 0000.0 100 100 3.8e-021
03280 239.0 011.0 -000.0 100 100 6.6e-021
03340 240.0 011.3 -000.4 100 100 6.1e-021
03400 239.0 010.9 0000.0 100 100 4.8e-021
03460 239.0 011.0 0000.1 100 100 4.2e-021
03520 247.0 010.8 0000.0 100 100 3.4e-021
03580 244.0 011.2 0000.0 100 100 5.3e-021
03640 244.0 010.8 0000.0 100 100 4.1e-021
03700 247.0 012.5 0000.0 100 100 3.3e-021
03760 249.0 013.8 0000.0 100 100 2.3e-021
03820 249.0 014.2 0000.0 100 100 4.3e-021
03880 247.0 012.4 0000.0 100 100 3.2e-021
03940 ///// ///// 0000.0 000 000 2.5e-021
04000 ///// ///// 0000.0 000 000 3.0e-021
04060 ///// ///// 0000.0 000 000 1.7e-021
04120 ///// ///// 0000.0 000 000 2.4e-021
04180 ///// ///// 0000.0 000 000 1.6e-021
04240 ///// ///// 0000.0 000 000 3.3e-022
04300 ///// ///// 0000.0 000 000 9.9e-022
04360 ///// ///// 0000.1 000 000 4.0e-021
04420 ///// ///// -000.5 000 000 2.6e-021
04480 ///// ///// 0000.0 000 000 3.4e-021
04540 ///// ///// 0000.0 000 000 3.2e-021
04600 ///// ///// 0000.0 000 000 1.8e-021
04660 ///// ///// 0000.0 000 000 4.0e-021
04720 ///// ///// -000.1 000 000 4.4e-021
04780 ///// ///// 0000.0 000 000 3.5e-021
04840 ///// ///// -000.1 000 000 4.2e-021
04900 ///// ///// 0000.0 000 000 2.4e-021
04960 ///// ///// 0000.0 000 000 3.4e-021
05020 ///// ///// 0000.0 000 000 2.6e-021
05080 ///// ///// 0000.0 000 000 3.6e-021
05140 ///// ///// 0000.0 000 000 1.4e-021
05200 ///// ///// -000.2 000 000 4.8e-021
05260 ///// ///// -000.1 000 000 3.3e-021
05320 ///// ///// 0000.0 000 000 3.4e-021
05380 ///// ///// -000.5 000 000 4.3e-021
05440 ///// ///// 0000.0 000 000 2.9e-021
05500 ///// ///// 0000.0 000 000 1.4e-021
05560 ///// ///// 0000.0 000 000 3.4e-021
05620 ///// ///// 0000.0 000 000 5.7e-022
05680 ///// ///// 0000.0 000 000 3.9e-021
05740 ///// ///// 0000.0 000 000 3.0e-021
05800 ///// ///// 0000.0 000 000 4.9e-021
05860 ///// ///// 0000.0 000 000 4.8e-021
05920 ///// ///// 0000.0 000 000 5.6e-021
05980 ///// ///// 0000.0 000 000 4.4e-021
NNNN
