WNDROBS 01.20
57793 0114.3600 027.7900 00130.0 LC 20130629100500
ROBS
00100 104.0 003.4 0001.6 100 100 2.5e-021
00160 104.0 003.8 0000.8 100 100 6.1e-021
00220 102.0 004.3 0000.1 100 100 4.9e-021
00280 106.0 004.8 0000.3 100 100 8.1e-021
00340 113.0 005.6 0000.3 100 100 1.3e-020
00400 115.0 005.9 0000.1 100 100 2.0e-020
00460 135.0 005.4 0000.2 100 100 2.2e-020
00520 157.0 006.0 0000.1 100 100 1.3e-019
00580 164.0 007.7 -000.0 100 100 2.5e-019
00640 168.0 008.2 0000.1 100 100 1.4e-019
00700 166.0 009.0 0000.1 100 100 9.2e-020
00760 171.0 008.4 0000.1 100 100 1.8e-019
00820 172.0 008.0 0000.3 100 100 7.9e-020
00880 178.0 007.4 0000.3 100 100 1.4e-020
00940 204.0 001.6 -000.2 100 100 6.1e-021
01000 204.0 001.6 0000.0 100 100 6.1e-021
01060 202.0 003.2 -000.1 100 100 8.8e-022
01120 211.0 002.2 0000.1 100 100 7.6e-022
01180 218.0 001.9 0000.1 100 100 1.2e-021
01240 209.0 002.0 -000.0 100 100 2.3e-021
01300 212.0 002.8 0000.1 100 100 6.8e-021
01360 211.0 004.0 0000.2 100 100 2.0e-020
01420 216.0 005.5 0000.1 100 100 2.3e-020
01480 217.0 006.6 0000.0 100 100 2.7e-020
01540 224.0 008.2 -000.0 100 100 2.7e-020
01600 224.0 009.1 -000.2 100 100 1.4e-020
01660 224.0 010.7 0002.5 100 100 7.4e-021
01720 224.0 011.3 -000.0 100 100 8.9e-021
01780 224.0 012.0 -000.3 100 100 5.0e-021
01840 227.0 011.7 -000.5 100 100 3.3e-021
01900 227.0 011.4 -000.1 100 100 3.8e-021
01960 231.0 011.8 -000.3 100 100 4.9e-021
02020 231.0 011.3 -000.3 100 100 6.1e-021
02080 228.0 010.9 -000.5 100 100 3.4e-021
02140 228.0 009.9 -000.5 100 100 2.5e-021
02200 223.0 010.1 -000.3 100 100 2.0e-021
02260 227.0 010.9 -000.3 100 100 3.2e-021
02320 226.0 010.9 -000.3 100 100 6.4e-021
02380 228.0 011.9 0000.0 100 100 4.3e-021
02440 225.0 010.0 0000.0 100 100 2.3e-021
02500 231.0 011.2 -000.5 100 100 2.6e-021
02560 232.0 011.2 -000.6 100 100 3.0e-021
02620 236.0 012.0 -000.4 100 100 3.5e-021
02680 234.0 011.7 -000.5 100 100 6.0e-021
02740 232.0 011.8 -000.5 100 100 8.1e-021
02800 234.0 011.7 -000.0 100 100 5.3e-021
02860 236.0 011.5 0000.0 100 100 4.8e-021
02920 235.0 011.9 0000.0 100 100 4.0e-021
02980 233.0 011.7 0000.0 100 100 4.6e-021
03040 233.0 011.8 0000.0 100 100 4.3e-021
03100 233.0 011.8 0000.0 100 100 4.2e-021
03160 233.0 011.6 -000.8 100 100 2.7e-021
03220 238.0 010.4 0000.0 100 100 2.1e-021
03280 ///// ///// 0000.0 000 000 1.5e-021
03340 236.0 010.0 0000.0 100 100 2.1e-021
03400 ///// ///// 0000.0 000 000 1.4e-021
03460 ///// ///// 0000.0 000 000 2.3e-021
03520 ///// ///// 0000.0 000 000 1.6e-021
03580 ///// ///// -000.2 000 000 2.9e-021
03640 ///// ///// 0000.0 000 000 2.9e-021
03700 ///// ///// 0000.0 000 000 2.7e-021
03760 ///// ///// -000.4 000 000 2.9e-021
03820 ///// ///// -000.4 000 000 5.3e-021
03880 ///// ///// 0000.0 000 000 3.6e-021
03940 ///// ///// -000.3 000 000 6.3e-021
04000 ///// ///// -000.2 000 000 4.9e-021
04060 ///// ///// -000.3 000 000 5.6e-021
04120 ///// ///// -000.3 000 000 4.4e-021
04180 ///// ///// -000.4 000 000 5.5e-021
04240 218.0 012.2 -000.2 100 100 6.9e-021
04300 219.0 012.0 -000.3 100 100 1.1e-020
04360 219.0 012.7 -000.1 100 100 8.7e-021
04420 226.0 011.6 0000.0 100 100 5.7e-021
04480 229.0 011.7 0000.0 100 100 2.5e-021
04540 231.0 010.4 0000.1 100 100 6.7e-021
04600 215.0 009.0 0000.0 100 100 4.8e-021
04660 246.0 010.9 0000.0 100 100 4.4e-021
04720 255.0 010.9 0000.0 100 100 2.0e-021
04780 ///// ///// 0000.1 000 000 3.1e-021
04840 ///// ///// 0000.0 000 000 4.0e-021
04900 ///// ///// 0000.0 000 000 4.6e-021
04960 ///// ///// 0000.0 000 000 3.2e-021
05020 ///// ///// 0000.0 000 000 3.2e-021
05080 ///// ///// 0000.0 000 000 3.4e-021
05140 ///// ///// 0000.0 000 000 1.5e-021
05200 ///// ///// 0000.0 000 000 1.0e-021
05260 ///// ///// 0000.0 000 000 2.9e-021
05320 ///// ///// 0000.0 000 000 3.6e-021
05380 ///// ///// 0000.0 000 000 5.3e-021
05440 ///// ///// 0000.0 000 000 1.6e-021
05500 ///// ///// 0003.4 000 000 5.3e-021
05560 ///// ///// 0000.0 000 000 2.7e-021
05620 ///// ///// 0000.0 000 000 3.6e-021
05680 ///// ///// 0000.0 000 000 3.7e-021
05740 ///// ///// 0000.0 000 000 4.2e-021
05800 ///// ///// 0000.0 000 000 1.9e-021
05860 ///// ///// 0000.1 000 000 5.9e-021
05920 ///// ///// 0000.0 000 000 2.3e-021
05980 ///// ///// 0000.0 000 000 4.1e-021
NNNN
