WNDROBS 01.20
57793 0114.3600 027.7900 00130.0 LC 20130629171500
ROBS
00100 118.0 004.0 0000.7 100 100 4.9e-021
00160 097.0 003.9 0000.8 100 100 1.2e-020
00220 125.0 004.8 0000.3 100 100 7.6e-021
00280 105.0 005.0 -000.0 100 100 5.6e-021
00340 111.0 004.2 -000.1 100 100 6.2e-021
00400 120.0 005.0 0000.1 100 100 1.4e-020
00460 139.0 005.7 0000.2 100 100 1.3e-020
00520 157.0 008.4 0000.0 100 100 2.7e-020
00580 167.0 009.0 0000.1 100 100 1.0e-019
00640 171.0 009.7 -000.1 100 100 2.3e-019
00700 173.0 010.3 -000.0 100 100 1.5e-019
00760 179.0 011.0 -000.2 100 100 9.8e-020
00820 183.0 010.8 -000.3 100 100 1.2e-019
00880 184.0 008.3 0000.2 100 100 5.5e-020
00940 186.0 007.4 0000.4 100 100 7.0e-020
01000 190.0 006.0 -000.1 100 100 8.4e-020
01060 192.0 006.3 -000.1 100 100 2.4e-020
01120 187.0 005.5 -000.2 100 100 2.5e-020
01180 201.0 003.8 -000.1 100 100 1.4e-020
01240 216.0 003.6 0000.1 100 100 1.0e-020
01300 214.0 004.8 0000.4 100 100 1.0e-020
01360 214.0 006.2 0000.2 100 100 8.8e-021
01420 215.0 007.5 0000.1 100 100 8.2e-021
01480 220.0 008.2 0000.0 100 100 4.3e-021
01540 226.0 008.8 0000.1 100 100 3.8e-021
01600 224.0 010.2 0000.1 100 100 5.9e-021
01660 227.0 010.9 0000.1 100 100 5.3e-021
01720 226.0 011.3 -000.0 100 100 5.7e-021
01780 231.0 011.7 -000.0 100 100 4.8e-021
01840 234.0 011.7 -000.1 100 100 4.9e-021
01900 236.0 012.2 -000.0 100 100 4.3e-021
01960 237.0 012.7 0000.5 100 100 5.1e-021
02020 237.0 012.3 0000.2 100 100 4.4e-021
02080 234.0 010.4 -000.0 100 100 3.0e-021
02140 231.0 009.8 0000.0 100 100 1.5e-021
02200 223.0 009.4 0000.0 100 100 2.0e-021
02260 232.0 009.7 0000.4 100 100 2.7e-021
02320 224.0 009.1 0000.1 100 100 2.6e-021
02380 225.0 009.1 0000.3 100 100 2.6e-021
02440 215.0 011.1 0000.0 100 100 1.4e-021
02500 229.0 008.5 0000.0 100 100 1.9e-021
02560 228.0 008.6 0000.0 100 100 2.0e-021
02620 210.0 007.5 0000.0 100 100 1.8e-021
02680 203.0 006.7 0000.0 100 100 2.5e-021
02740 223.0 008.9 0000.0 100 100 2.8e-021
02800 215.0 006.9 0000.2 100 100 2.8e-021
02860 176.0 005.2 0000.0 100 100 1.5e-021
02920 194.0 005.6 0000.0 100 100 1.5e-021
02980 212.0 005.7 0000.2 100 100 3.2e-021
03040 227.0 006.1 0000.0 100 100 2.4e-021
03100 232.0 006.7 0000.0 100 100 2.7e-021
03160 241.0 008.0 0000.3 100 100 5.5e-021
03220 240.0 008.3 0000.3 100 100 7.3e-021
03280 241.0 008.4 0000.2 100 100 6.5e-021
03340 244.0 008.0 0000.2 100 100 7.5e-021
03400 236.0 008.6 0000.2 100 100 7.6e-021
03460 240.0 008.3 0000.0 100 100 8.1e-021
03520 242.0 008.6 0000.0 100 100 1.3e-020
03580 226.0 007.1 0000.0 100 100 3.9e-021
03640 234.0 008.8 0000.0 100 100 3.9e-021
03700 232.0 008.5 0000.1 100 100 4.8e-021
03760 226.0 009.2 0000.1 100 100 4.0e-021
03820 228.0 008.9 0000.0 100 100 3.6e-021
03880 231.0 009.0 0000.0 100 100 4.8e-021
03940 226.0 008.3 -000.2 100 100 7.9e-021
04000 222.0 007.9 0000.0 100 100 2.8e-021
04060 236.0 007.7 -000.8 100 100 2.8e-021
04120 212.0 007.6 0000.0 100 100 1.4e-021
04180 201.0 007.2 0001.0 100 100 1.8e-021
04240 196.0 010.7 0000.0 100 100 2.4e-021
04300 198.0 005.3 0000.0 100 100 1.2e-021
04360 ///// ///// 0000.0 000 000 3.2e-022
04420 ///// ///// 0000.0 000 000 2.8e-021
04480 ///// ///// 0000.2 000 000 3.1e-021
04540 ///// ///// 0000.0 000 000 3.3e-022
04600 ///// ///// 0000.0 000 000 1.3e-021
04660 ///// ///// 0000.0 000 000 1.3e-021
04720 ///// ///// 0000.0 000 000 1.9e-021
04780 ///// ///// 0000.0 000 000 1.1e-021
04840 ///// ///// 0000.0 000 000 1.2e-021
04900 215.0 006.8 0000.0 100 100 3.5e-021
04960 228.0 005.4 -000.3 100 100 4.9e-021
05020 224.0 006.9 0000.0 100 100 3.6e-021
05080 240.0 006.2 -002.3 100 100 5.0e-021
05140 225.0 007.2 0000.0 100 100 4.3e-021
05200 ///// ///// 0000.0 000 000 5.2e-021
05260 228.0 007.1 0000.0 100 100 4.8e-021
05320 ///// ///// 0000.0 000 000 5.2e-021
05380 ///// ///// 0000.0 000 000 4.9e-021
05440 ///// ///// 0000.0 000 000 4.3e-021
05500 ///// ///// 0000.0 000 000 5.4e-021
05560 ///// ///// 0000.0 000 000 4.7e-021
05620 ///// ///// 0000.0 000 000 4.1e-021
05680 ///// ///// -001.2 000 000 5.5e-021
05740 ///// ///// 0000.0 000 000 4.6e-021
05800 ///// ///// 0000.0 000 000 4.9e-021
05860 ///// ///// 0000.0 000 000 6.1e-021
05920 ///// ///// 0000.0 000 000 3.7e-021
05980 ///// ///// 0000.0 000 000 6.5e-021
NNNN
