WNDROBS 01.20
57793 0114.3600 027.7900 00130.0 LC 20130628041000
ROBS
00100 069.0 001.2 0006.8 100 100 3.0e-018
00160 065.0 001.1 0006.7 100 100 5.9e-017
00220 035.0 002.1 0007.0 100 100 6.1e-017
00280 026.0 003.3 0008.5 100 100 4.1e-017
00340 023.0 004.5 0007.2 100 100 4.3e-017
00400 046.0 006.2 0006.9 100 100 2.9e-017
00460 345.0 005.2 0006.7 100 100 2.9e-017
00520 294.0 004.4 0006.2 100 100 2.8e-017
00580 286.0 003.7 0006.1 100 100 2.2e-017
00640 299.0 003.1 0006.1 100 100 2.3e-017
00700 244.0 002.7 0006.2 100 100 1.9e-017
00760 239.0 001.9 0006.0 100 100 1.7e-017
00820 173.0 001.8 0005.9 100 100 1.4e-017
00880 196.0 002.7 0005.5 100 100 1.3e-017
00940 194.0 002.8 0005.7 100 100 1.2e-017
01000 206.0 004.3 0005.5 100 100 1.2e-017
01060 199.0 002.8 0005.9 100 100 3.3e-018
01120 205.0 003.5 0006.0 100 100 3.8e-018
01180 209.0 003.3 0005.8 100 100 3.1e-018
01240 204.0 004.3 0005.7 100 100 3.3e-018
01300 202.0 007.0 0005.6 100 100 3.4e-018
01360 206.0 008.3 0005.6 100 100 3.0e-018
01420 225.0 006.4 0005.6 100 100 2.7e-018
01480 215.0 009.7 0005.6 100 100 3.2e-018
01540 220.0 008.0 0005.5 100 100 2.4e-018
01600 219.0 008.3 0005.6 100 100 2.3e-018
01660 232.0 008.4 0005.5 100 100 2.6e-018
01720 226.0 006.0 0005.5 100 100 2.3e-018
01780 230.0 008.4 0005.5 100 100 2.9e-018
01840 232.0 006.7 0005.6 100 100 2.3e-018
01900 230.0 007.5 0005.7 100 100 2.7e-018
01960 234.0 007.4 0005.7 100 100 2.8e-018
02020 231.0 007.3 0005.7 100 100 2.8e-018
02080 218.0 006.8 0005.6 100 100 2.8e-018
02140 220.0 006.8 0005.5 100 100 2.9e-018
02200 219.0 007.0 0005.4 100 100 3.0e-018
02260 211.0 007.2 0005.4 100 100 2.9e-018
02320 215.0 006.2 0005.4 100 100 2.8e-018
02380 213.0 006.2 0005.4 100 100 2.7e-018
02440 210.0 006.2 0005.4 100 100 2.7e-018
02500 207.0 006.5 0005.4 100 100 2.7e-018
02560 208.0 006.0 0005.4 100 100 2.5e-018
02620 204.0 006.7 0005.3 100 100 2.5e-018
02680 208.0 006.8 0005.1 100 100 2.5e-018
02740 204.0 006.5 0005.2 100 100 2.4e-018
02800 199.0 006.8 0005.3 100 100 2.4e-018
02860 198.0 006.2 0005.2 100 100 2.3e-018
02920 198.0 006.0 0004.8 100 100 2.2e-018
02980 196.0 005.1 0005.0 100 100 2.1e-018
03040 199.0 005.3 0004.1 100 100 1.9e-018
03100 199.0 004.6 0004.3 100 100 1.8e-018
03160 194.0 004.3 0004.6 100 100 1.6e-018
03220 200.0 004.4 0004.1 100 100 1.4e-018
03280 187.0 004.5 0004.1 100 100 1.2e-018
03340 200.0 004.6 0003.7 100 100 1.0e-018
03400 171.0 004.5 0003.6 100 100 1.2e-018
03460 165.0 004.1 0003.5 100 100 1.2e-018
03520 168.0 004.4 0003.9 100 100 1.3e-018
03580 169.0 004.1 0003.8 100 100 1.2e-018
03640 175.0 004.2 0003.6 100 100 1.1e-018
03700 188.0 004.5 0003.3 100 100 9.8e-019
03760 192.0 005.0 0003.9 100 100 9.8e-019
03820 198.0 005.7 0004.3 100 100 9.6e-019
03880 201.0 006.4 0004.0 100 100 8.7e-019
03940 207.0 005.0 0003.5 100 100 7.7e-019
04000 192.0 004.8 0004.7 100 100 5.8e-019
04060 199.0 004.6 0004.1 100 100 6.1e-019
04120 201.0 004.8 0004.4 100 100 5.9e-019
04180 207.0 005.2 0004.5 100 100 6.4e-019
04240 248.0 015.3 0004.7 100 100 6.0e-019
04300 247.0 015.1 0004.5 100 100 4.0e-019
04360 249.0 018.0 0002.5 100 100 4.7e-019
04420 248.0 019.3 0004.9 100 100 3.9e-019
04480 245.0 018.1 0005.0 100 100 6.4e-019
04540 243.0 017.7 0004.9 100 100 5.8e-019
04600 244.0 017.4 0005.0 100 100 6.8e-019
04660 241.0 018.3 0004.7 100 100 7.1e-019
04720 ///// ///// 0004.6 000 000 6.7e-019
04780 224.0 012.7 0003.1 100 100 2.6e-019
04840 219.0 013.1 0002.3 100 100 3.1e-019
04900 218.0 015.8 0002.2 100 100 3.7e-019
04960 226.0 014.0 0001.9 100 100 2.9e-019
05020 236.0 017.2 0002.2 100 100 3.4e-019
05080 240.0 017.3 0002.0 100 100 4.8e-019
05140 239.0 017.3 0001.9 100 100 5.3e-019
05200 237.0 016.9 0001.9 100 100 5.4e-019
05260 232.0 017.3 0001.7 100 100 5.6e-019
05320 231.0 017.3 0001.9 100 100 4.7e-019
05380 231.0 017.6 0001.8 100 100 4.5e-019
05440 231.0 018.0 0001.8 100 100 4.4e-019
05500 233.0 018.4 0001.8 100 100 3.2e-019
05560 233.0 017.8 0001.7 100 100 2.4e-019
05620 232.0 017.0 0001.7 100 100 6.5e-020
05680 232.0 016.7 0001.6 100 100 1.2e-019
05740 234.0 016.8 0001.6 100 100 1.0e-019
05800 235.0 017.0 0001.6 100 100 7.3e-020
05860 235.0 017.3 0001.6 100 100 8.4e-020
05920 237.0 017.1 0001.5 100 100 6.8e-020
05980 239.0 016.8 0001.5 100 100 6.6e-020
NNNN
