WNDROBS 01.20
57793 0114.3600 027.7900 00130.0 LC 20130629233500
ROBS
00100 138.0 006.7 0001.4 100 100 5.1e-021
00160 136.0 007.1 0001.5 100 100 1.2e-020
00220 149.0 006.3 0002.1 100 100 3.8e-021
00280 152.0 004.3 0000.0 100 100 2.0e-020
00340 165.0 004.5 -000.1 100 100 4.7e-020
00400 172.0 007.8 0000.1 100 100 4.4e-020
00460 174.0 009.1 0000.2 100 100 1.6e-019
00520 180.0 008.8 0000.1 100 100 4.9e-019
00580 183.0 006.2 0000.2 100 100 3.4e-019
00640 179.0 002.4 0000.1 100 100 1.6e-019
00700 181.0 001.4 -000.1 100 100 1.2e-019
00760 205.0 001.6 -000.1 100 100 2.1e-020
00820 255.0 005.2 -000.0 100 100 3.6e-021
00880 236.0 003.3 0000.1 100 100 6.5e-021
00940 241.0 003.7 0000.1 100 100 1.1e-020
01000 246.0 003.8 0000.1 100 100 9.6e-021
01060 233.0 003.1 0000.1 100 100 2.7e-021
01120 232.0 003.8 0000.2 100 100 3.5e-021
01180 225.0 004.4 0000.1 100 100 3.6e-021
01240 226.0 005.4 -000.1 100 100 4.0e-021
01300 227.0 006.4 -000.1 100 100 3.3e-021
01360 221.0 007.9 -000.1 100 100 3.4e-021
01420 222.0 009.0 -000.2 100 100 5.3e-021
01480 223.0 009.7 -000.4 100 100 4.6e-021
01540 226.0 011.1 -000.3 100 100 4.5e-021
01600 229.0 012.5 -000.5 100 100 3.5e-021
01660 231.0 012.7 -000.2 100 100 5.1e-021
01720 227.0 013.9 -000.2 100 100 6.1e-021
01780 226.0 012.9 0000.1 100 100 4.2e-021
01840 225.0 012.6 0000.2 100 100 4.7e-021
01900 230.0 012.3 0000.3 100 100 4.1e-021
01960 237.0 010.3 0000.2 100 100 3.3e-021
02020 240.0 011.0 -000.1 100 100 6.9e-021
02080 247.0 011.1 -000.0 100 100 3.0e-021
02140 242.0 012.7 0000.0 100 100 1.7e-021
02200 241.0 011.4 0000.0 100 100 2.4e-021
02260 240.0 011.7 0000.2 100 100 2.2e-021
02320 236.0 012.2 -000.1 100 100 2.5e-021
02380 232.0 011.5 -002.0 100 100 2.7e-021
02440 231.0 011.2 0000.0 100 100 3.9e-021
02500 222.0 009.4 0000.3 100 100 2.5e-021
02560 220.0 009.1 0000.3 100 100 1.9e-021
02620 216.0 010.1 -000.3 100 100 6.5e-021
02680 204.0 009.3 0000.1 100 100 4.4e-021
02740 214.0 009.4 -000.2 100 100 7.4e-021
02800 214.0 009.6 -000.2 100 100 7.3e-021
02860 213.0 009.8 0000.0 100 100 4.3e-021
02920 215.0 009.5 0000.0 100 100 3.6e-021
02980 209.0 008.8 0000.0 100 100 3.5e-021
03040 211.0 009.1 0000.0 100 100 3.0e-021
03100 206.0 009.4 0000.3 100 100 4.9e-021
03160 204.0 008.6 0000.2 100 100 4.9e-021
03220 197.0 008.4 0000.2 100 100 5.9e-021
03280 213.0 009.6 0000.0 100 100 2.4e-021
03340 205.0 008.2 0000.0 100 100 2.5e-021
03400 213.0 009.1 0000.0 100 100 3.6e-021
03460 213.0 009.2 0000.0 100 100 3.2e-021
03520 203.0 008.4 0000.0 100 100 4.7e-021
03580 200.0 009.9 0001.4 100 100 3.9e-021
03640 204.0 009.5 0000.0 100 100 3.7e-021
03700 226.0 004.7 0000.1 100 100 2.9e-021
03760 205.0 004.7 0000.1 100 100 2.4e-021
03820 207.0 004.0 0000.4 100 100 8.3e-022
03880 215.0 007.0 0000.0 100 100 2.7e-021
03940 210.0 005.4 0000.0 100 100 3.1e-021
04000 201.0 005.0 0000.0 100 100 2.1e-021
04060 218.0 006.1 0000.0 100 100 1.3e-021
04120 ///// ///// 0000.0 000 000 2.9e-021
04180 ///// ///// -000.5 000 000 4.3e-021
04240 ///// ///// -000.0 000 000 3.7e-021
04300 ///// ///// 0000.0 000 000 1.5e-021
04360 239.0 007.4 0000.1 100 100 6.4e-021
04420 247.0 008.8 0000.2 100 100 1.3e-020
04480 243.0 009.8 0000.4 100 100 1.3e-020
04540 244.0 010.6 0000.4 100 100 1.7e-020
04600 244.0 010.7 0000.6 100 100 1.9e-020
04660 240.0 011.0 0000.7 100 100 1.9e-020
04720 243.0 010.4 0000.9 100 100 2.5e-020
04780 ///// ///// 0000.4 000 000 7.6e-021
04840 236.0 009.5 0000.5 100 100 5.5e-021
04900 232.0 009.9 0000.9 100 100 7.1e-021
04960 221.0 011.4 0000.8 100 100 1.6e-020
05020 222.0 011.5 0000.8 100 100 1.2e-020
05080 224.0 011.7 0000.6 100 100 2.3e-020
05140 225.0 010.2 0000.0 100 100 4.5e-021
05200 216.0 010.4 0000.0 100 100 1.3e-020
05260 216.0 010.9 -001.2 100 100 1.4e-020
05320 225.0 009.9 0000.0 100 100 1.5e-020
05380 224.0 010.1 0000.0 100 100 3.5e-021
05440 196.0 007.5 0000.0 100 100 9.3e-021
05500 ///// ///// 0001.1 000 000 1.0e-020
05560 161.0 015.0 0000.4 100 100 5.6e-021
05620 ///// ///// 0000.0 000 000 2.9e-021
05680 ///// ///// 0000.0 000 000 2.3e-021
05740 ///// ///// 0000.0 000 000 4.2e-021
05800 ///// ///// 0000.0 000 000 2.0e-021
05860 ///// ///// 0001.1 000 000 4.4e-021
05920 ///// ///// 0000.2 000 000 5.6e-021
05980 ///// ///// 0000.0 000 000 1.7e-021
NNNN
