WNDROBS 01.20
57793 0114.3600 027.7900 00130.0 LC 20130629202500
ROBS
00100 119.0 005.0 0000.0 100 100 7.1e-021
00160 117.0 005.3 0000.1 100 100 1.5e-020
00220 125.0 004.3 -000.0 100 100 4.0e-021
00280 104.0 002.5 0000.1 100 100 1.1e-020
00340 131.0 003.6 0000.2 100 100 1.2e-020
00400 135.0 003.1 0000.2 100 100 1.7e-020
00460 151.0 004.1 0000.1 100 100 5.4e-020
00520 155.0 005.2 0000.2 100 100 5.6e-020
00580 163.0 005.6 0000.1 100 100 1.0e-019
00640 169.0 006.3 -000.0 100 100 7.3e-020
00700 181.0 005.8 -000.1 100 100 1.3e-019
00760 199.0 004.3 -000.1 100 100 8.5e-020
00820 219.0 003.3 0000.1 100 100 4.8e-020
00880 217.0 003.2 -000.1 100 100 2.2e-020
00940 235.0 006.3 -000.0 100 100 1.6e-020
01000 215.0 006.5 -000.3 100 100 2.4e-020
01060 214.0 004.5 0000.2 100 100 3.9e-021
01120 216.0 005.2 0000.1 100 100 3.0e-021
01180 214.0 005.9 -000.3 100 100 1.8e-021
01240 213.0 006.1 0000.4 100 100 9.7e-022
01300 221.0 006.5 0000.4 100 100 1.2e-021
01360 220.0 006.7 0000.0 100 100 1.1e-021
01420 222.0 008.0 -000.3 100 100 1.6e-021
01480 224.0 007.7 0000.3 100 100 7.6e-022
01540 228.0 009.9 -000.0 100 100 4.0e-021
01600 226.0 010.4 -000.2 100 100 7.7e-021
01660 225.0 011.0 -000.2 100 100 9.4e-021
01720 224.0 011.9 -000.1 100 100 5.7e-021
01780 224.0 012.0 -000.0 100 100 3.8e-021
01840 223.0 011.5 -000.1 100 100 3.0e-021
01900 222.0 011.4 -000.7 100 100 2.5e-021
01960 215.0 011.0 0002.3 100 100 2.4e-021
02020 211.0 010.2 0000.3 100 100 1.6e-021
02080 213.0 009.7 0000.0 100 100 2.1e-021
02140 210.0 010.3 0000.1 100 100 2.3e-021
02200 211.0 010.2 0000.0 100 100 2.6e-021
02260 214.0 009.6 0000.0 100 100 1.9e-021
02320 208.0 009.2 0000.0 100 100 1.7e-021
02380 210.0 008.6 -000.1 100 100 5.1e-021
02440 221.0 009.6 -000.1 100 100 8.6e-021
02500 222.0 009.5 -000.1 100 100 9.9e-021
02560 224.0 009.8 -000.1 100 100 9.2e-021
02620 224.0 010.1 -000.2 100 100 7.1e-021
02680 221.0 010.8 -000.1 100 100 9.1e-021
02740 222.0 010.5 -000.1 100 100 9.0e-021
02800 218.0 011.3 0000.0 100 100 5.6e-021
02860 225.0 008.3 0000.0 100 100 2.0e-021
02920 223.0 008.5 -000.1 100 100 4.6e-021
02980 220.0 008.0 0000.0 100 100 3.3e-021
03040 216.0 009.4 -000.2 100 100 8.4e-021
03100 223.0 009.0 -000.8 100 100 7.1e-021
03160 213.0 010.1 -000.5 100 100 5.9e-021
03220 212.0 010.0 0000.0 100 100 7.1e-021
03280 212.0 009.6 0000.3 100 100 6.5e-021
03340 214.0 010.0 0000.0 100 100 5.9e-021
03400 212.0 009.8 -000.2 100 100 6.0e-021
03460 208.0 009.4 0000.2 100 100 4.0e-021
03520 208.0 009.1 -000.2 100 100 2.8e-021
03580 210.0 009.2 0000.0 100 100 1.6e-021
03640 214.0 008.7 0000.0 100 100 3.0e-021
03700 217.0 008.3 -000.8 100 100 3.3e-021
03760 227.0 007.4 -001.1 100 100 3.1e-021
03820 217.0 008.6 0000.0 100 100 1.7e-021
03880 208.0 008.7 -001.2 100 100 4.3e-021
03940 204.0 008.5 0000.0 100 100 2.5e-021
04000 198.0 007.8 0000.2 100 100 4.1e-021
04060 211.0 008.9 0000.1 100 100 3.9e-021
04120 209.0 008.6 0000.0 100 100 3.6e-021
04180 225.0 010.7 0000.2 100 100 7.7e-021
04240 229.0 012.1 0000.1 100 100 1.0e-020
04300 227.0 011.5 0000.1 100 100 1.5e-020
04360 226.0 011.2 -000.0 100 100 1.6e-020
04420 231.0 010.6 0000.1 100 100 1.3e-020
04480 229.0 010.2 0000.0 100 100 1.3e-020
04540 234.0 010.4 0000.0 100 100 1.4e-020
04600 231.0 010.3 0000.0 100 100 1.1e-020
04660 230.0 010.9 0000.0 100 100 3.7e-021
04720 ///// ///// 0000.0 000 000 1.6e-021
04780 ///// ///// 0001.7 000 000 5.2e-021
04840 ///// ///// 0000.0 000 000 2.5e-021
04900 ///// ///// 0000.0 000 000 2.4e-021
04960 ///// ///// 0000.0 000 000 2.9e-021
05020 ///// ///// 0000.0 000 000 2.7e-021
05080 ///// ///// 0000.2 000 000 4.0e-021
05140 ///// ///// 0000.0 000 000 3.7e-021
05200 ///// ///// -000.2 000 000 4.8e-021
05260 ///// ///// -000.1 000 000 5.2e-021
05320 ///// ///// 0000.0 000 000 3.0e-021
05380 ///// ///// 0000.0 000 000 1.4e-021
05440 ///// ///// 0000.0 000 000 4.0e-021
05500 ///// ///// 0002.8 000 000 1.9e-021
05560 ///// ///// 0000.0 000 000 1.8e-021
05620 ///// ///// 0002.3 000 000 4.8e-021
05680 ///// ///// 0000.0 000 000 6.7e-021
05740 ///// ///// 0000.0 000 000 4.2e-021
05800 ///// ///// 0000.0 000 000 1.6e-021
05860 ///// ///// 0000.2 000 000 5.6e-021
05920 ///// ///// 0000.3 000 000 5.2e-021
05980 ///// ///// 0000.0 000 000 4.2e-021
NNNN
