WNDROBS 01.20
57793 0114.3600 027.7900 00130.0 LC 20130629103500
ROBS
00100 116.0 005.1 0000.7 100 100 4.7e-021
00160 118.0 005.4 0000.7 100 100 1.3e-020
00220 115.0 005.4 0000.5 100 100 2.1e-020
00280 133.0 004.0 0000.1 100 100 2.2e-020
00340 137.0 004.1 0000.1 100 100 4.5e-020
00400 137.0 004.6 0000.0 100 100 7.5e-020
00460 146.0 005.6 0000.1 100 100 3.1e-020
00520 154.0 007.7 0000.2 100 100 3.9e-020
00580 163.0 008.1 0000.1 100 100 7.2e-020
00640 164.0 009.0 -000.1 100 100 9.6e-020
00700 167.0 007.7 -000.1 100 100 1.1e-019
00760 167.0 006.7 -000.1 100 100 4.6e-020
00820 161.0 005.5 -000.1 100 100 2.1e-020
00880 158.0 002.0 -000.1 100 100 3.1e-021
00940 249.0 003.8 0000.0 100 100 5.3e-021
01000 209.0 002.4 -000.0 100 100 2.2e-020
01060 222.0 002.5 -000.1 100 100 1.2e-020
01120 230.0 004.1 -000.3 100 100 1.5e-020
01180 234.0 005.5 -000.0 100 100 1.0e-020
01240 234.0 006.0 0000.2 100 100 1.3e-020
01300 229.0 007.3 -000.0 100 100 1.6e-020
01360 226.0 008.0 -000.3 100 100 1.2e-020
01420 225.0 008.4 -000.4 100 100 1.2e-020
01480 226.0 008.6 -000.4 100 100 2.8e-020
01540 226.0 009.7 -000.4 100 100 2.2e-020
01600 226.0 010.9 -000.4 100 100 1.1e-020
01660 227.0 011.5 -000.4 100 100 9.5e-021
01720 228.0 011.8 -000.2 100 100 5.6e-021
01780 227.0 010.8 0000.0 100 100 8.7e-021
01840 229.0 010.3 0000.1 100 100 9.5e-021
01900 227.0 010.7 0000.3 100 100 8.3e-021
01960 229.0 010.4 0000.3 100 100 6.3e-021
02020 224.0 010.4 0000.5 100 100 3.5e-021
02080 231.0 010.0 0000.3 100 100 3.7e-021
02140 225.0 011.0 0000.3 100 100 2.7e-021
02200 227.0 011.9 0000.3 100 100 5.6e-021
02260 231.0 011.8 0000.1 100 100 8.2e-021
02320 232.0 012.7 -000.1 100 100 1.1e-020
02380 232.0 012.6 0000.0 100 100 7.1e-021
02440 233.0 012.2 0000.0 100 100 5.2e-021
02500 234.0 011.4 0000.2 100 100 7.2e-021
02560 233.0 011.6 0000.2 100 100 4.5e-021
02620 231.0 011.2 0000.6 100 100 4.9e-021
02680 232.0 011.3 0000.3 100 100 7.5e-021
02740 229.0 010.2 0000.1 100 100 9.3e-021
02800 226.0 009.9 0000.1 100 100 5.3e-021
02860 240.0 008.8 -000.3 100 100 4.7e-021
02920 230.0 010.2 0000.2 100 100 5.7e-021
02980 231.0 010.6 0000.2 100 100 6.8e-021
03040 231.0 010.7 0000.2 100 100 9.6e-021
03100 231.0 010.9 0000.2 100 100 1.1e-020
03160 231.0 011.2 0000.3 100 100 8.6e-021
03220 234.0 010.9 0000.4 100 100 7.0e-021
03280 234.0 011.5 0000.2 100 100 1.3e-020
03340 232.0 012.1 0000.2 100 100 1.4e-020
03400 231.0 012.9 -000.1 100 100 1.7e-020
03460 230.0 013.4 0000.0 100 100 1.5e-020
03520 225.0 013.7 0000.2 100 100 1.0e-020
03580 227.0 013.4 0000.0 100 100 6.9e-021
03640 221.0 013.9 -000.0 100 100 6.7e-021
03700 221.0 014.0 -000.1 100 100 6.9e-021
03760 216.0 013.3 -000.4 100 100 7.4e-021
03820 218.0 013.1 0000.1 100 100 9.2e-021
03880 219.0 012.7 0000.0 100 100 1.3e-020
03940 219.0 013.3 -000.7 100 100 1.0e-020
04000 221.0 014.2 0000.0 100 100 9.5e-021
04060 214.0 014.8 -000.3 100 100 1.2e-020
04120 214.0 013.7 0000.0 100 100 1.3e-020
04180 212.0 013.8 -000.1 100 100 1.8e-020
04240 220.0 010.6 -000.0 100 100 8.2e-021
04300 219.0 011.4 0000.0 100 100 4.6e-021
04360 215.0 010.8 0000.2 100 100 5.2e-021
04420 214.0 011.4 0000.2 100 100 8.5e-021
04480 215.0 011.5 0000.1 100 100 9.7e-021
04540 217.0 011.9 0000.0 100 100 7.4e-021
04600 218.0 013.0 0000.0 100 100 6.7e-021
04660 223.0 009.8 0000.0 100 100 4.3e-021
04720 230.0 006.2 0001.1 100 100 4.0e-021
04780 ///// ///// -000.0 000 000 3.6e-021
04840 ///// ///// 0000.0 000 000 1.8e-021
04900 ///// ///// 0000.0 000 000 3.7e-021
04960 ///// ///// 0000.0 000 000 1.8e-021
05020 ///// ///// 0000.0 000 000 2.3e-021
05080 ///// ///// 0000.0 000 000 3.8e-021
05140 ///// ///// 0001.3 000 000 3.7e-021
05200 ///// ///// 0000.0 000 000 2.8e-021
05260 ///// ///// 0000.0 000 000 5.2e-022
05320 ///// ///// 0000.0 000 000 5.3e-022
05380 ///// ///// 0000.0 000 000 1.7e-021
05440 ///// ///// 0000.0 000 000 5.0e-021
05500 ///// ///// 0000.0 000 000 4.9e-021
05560 ///// ///// 0000.0 000 000 3.6e-021
05620 ///// ///// 0000.0 000 000 3.2e-021
05680 ///// ///// 0000.0 000 000 1.4e-021
05740 ///// ///// 0000.5 000 000 1.9e-021
05800 ///// ///// 0000.0 000 000 4.0e-021
05860 ///// ///// 0000.0 000 000 4.3e-021
05920 ///// ///// 0000.0 000 000 4.5e-021
05980 ///// ///// -001.0 000 000 5.2e-021
NNNN
